7819
203699
263463
2570
56503
132439
11956
264188
52901
131292
27652
10595
395458
9998
133200
60906
44886
11288
54217
36483
60855
42887
136530
20306
46056
199616
138278
202722
135817
133952
18390
31894
265399
204309
9370
209968
135780
262751
139290
33499
32244
64470
61728
38312
38196
48650
44336
263412
266013
51866
51837
52539
61285
40922
16127
33548
34288
23442
41139
32073
21031
52240
45021
131455
14994
203385
43211
138421
22413
56224
201026
133779
30622
20131
209718
197244
266152
21176
29996
59078
43337
20163
31036
133709
264647
264965
38743
395325
9777
40373
204710
263096
209901
138061
263297
4651
31400
198646
37037
16560
789
265213
25710
199292
35492
43048
263865
61676
264659
264319
20998
327922
201938
6684
267198
136869
262842
28667
44678
49243
25145
27269
265076
13692
64455
27324
263111
265768
205450
201183
19089
220
61964
20289
267236
262903
41552
196927
48120
265163
136503
47835
267336
266807
26401
3223
396370
52038
19949
18369
49832
62075
6318
48971
43731
33059
266660
43356
199125
395262
10118
13316
134319
32811
264111
394378
26851
50799
10507
133044
133999
53218
60076
200134
13023
265693
132884
45774
201663
61937
62730
207085
264893
11795
42666
49578
204880
61337
41130
21580
18665
208572
201716
263826
30348
27796
57798
269432
41704
136783
24794
137374
61711
35209
263107
37215
198960
58468
134929
136137
20013
34761
3263
198323
262407
50083
6976
29035
132098
45033
45155
207874
33913
48128
394423
43515
201544
46800
203114
14886
41127
133198
43552
63944
265411
327746
49124
198515
396308
36189
45569
198093
45393
34653
50929
328338
63479
57855
132412
11068
371
45518
52851
40837
47569
30353
60625
33749
60174
198934
50492
267817
269484
27560
62661
63739
32062
136244
17850
395820
55677
198529
22855
264949
50920
4883
55795
41995
24496
262721
46698
1501
395265
264910
11643
15696
205448
58631
45857
62312
43999
61810
203310
266230
43870
61516
266237
38987
20499
13418
15934
27904
1586
15392
64014
59933
132250
41937
25805
64236
37532
21686
36291
56963
30962
30456
202684
62863
26134
43775
34811
13967
60492
46945
13216
39221
263536
20612
136534
263324
47428
17189
263249
19899
62473
46218
20794
35330
45712
51700
200474
62907
58076
200842
11432
2379
16815
26039
13675
394776
133459
54928
138501
39528
28199
35918
16591
21968
46524
10879
264091
55601
57559
136625
307
41609
46049
10510
30111
41847
266263
51111
205770
9049
136527
21433
135217
28927
11652
52285
206143
2820
33626
268771
266220
3249
265136
267985
198399
54087
201742
36870
61995
138285
29997
32943
34879
23295
136322
18881
265726
50549
266255
43608
57126
44884
52081
265547
36290
197746
34772
202046
25296
14609
43409
50374
262971
202515
267263
203045
9764
25997
4871
135513
31911
395440
59654
47965
24723
265811
31421
11767
16916
40940
264470
203144
64984
23465
28738
48368
52358
267731
31083
132472
32970
18468
132694
29262
207978
51842
199964
6165
28949
29079
138750
7668
4188
30036
198519
135812
139089
133169
203395
397000
20129
199872
20287
263778
136853
28333
268900
131142
23011
24561
34876
262525
263115
265653
204450
268106
39073
35633
24323
210038
46193
38057
136803
9633
327886
28047
60637
54689
57446
26444
1462
60515
30597
29104
203271
53557
47119
58057
40137
25193
54834
36259
47490
57489
54345
196752
268280
266419
34279
35053
208505
205028
199390
131584
139595
47814
134343
24959
24889
15836
41644
61961
131355
25341
132867
201525
34259
60924
42586
265146
394147
19619
22681
5527
35401
8877
30708
24074
38111
25944
265791
201535
135877
267645
199639
13539
45312
38084
50385
49437
19990
9821
269370
199481
62464
38766
58556
396931
39326
41750
395761
206333
262474
265162
44827
62113
51426
133532
265369
394583
138019
200999
58608
265919
209875
34962
12429
266918
9785
29574
205460
17800
196953
28725
203087
37973
45011
204766
135341
20374
49292
48665
46932
265632
264588
264572
328
203408
203845
16157
263624
38493
13209
62431
135882
51906
56993
34912
198410
37492
267672
4815
34144
1738
3541
47232
40259
38884
15586
268726
54777
31598
48683
44349
137829
267241
36344
30123
27964
42253
52326
137625
133699
13824
46426
7136
33173
9701
266360
265223
9807
394711
269097
133731
806
15472
11070
57183
327963
41421
61942
61969
32881
135454
19920
14449
135843
57611
267129
45315
43326
265761
267705
25264
267449
16327
133253
394644
28600
22667
265199
38246
63950
262539
53201
54926
267068
262774
54730
297
4623
202724
5962
29219
34154
53192
1555
136246
55164
200311
51156
199793
5767
263043
265036
61837
268134
327768
263078
132957
393851
25549
264212
60036
7482
136294
55453
24459
26981
47934
7138
28594
44106
138609
328352
20482
30736
393941
47936
48361
50599
267153
59924
36893
21080
35076
264635
54932
25215
56462
263369
203870
49707
40703
60392
136441
60928
48466
26121
34311
21843
21188
23323
33353
30174
26844
265054
262574
49753
30626
135693
203564
27595
395860
41938
135654
135786
59520
29504
265794
46429
394170
394945
267467
397849
35892
13464
19721
1771
55679
18686
47629
265461
263830
60502
34736
267125
263690
3118
53845
52086
262490
1930
55296
15404
8201
27894
269419
57881
36036
11698
41296
132474
48799
197185
26462
37357
199661
58682
205224
26811
201241
12941
268591
23767
200044
38009
204096
30949
135601
208923
394990
138503
18465
7996
205633
3363
8847
17908
34517
269161
202780
6280
395310
25600
28420
18615
208490
50140
38496
28812
135351
263228
263833
7099
136821
17585
33902
139256
16841
9832
52280
266619
30292
266209
204057
14148
200303
25996
61010
53184
58497
39108
263995
18474
135699
47623
17117
41518
59315
26558
267944
60850
62805
49152
136846
10812
260808
63534
264695
25231
138154
61746
59019
53575
58779
394471
201531
11804
16321
264600
207193
263002
200929
134620
267210
136099
29841
56385
41115
262887
267095
28657
201268
11809
7684
29103
43438
26584
40381
29038
47090
263825
196658
10082
2604
58726
13849
328160
11499
58757
135619
269130
15968
266180
199259
138649
44518
60868
264979
197477
41721
11318
12111
267586
201982
27525
51034
1668
139640
61779
34757
55704
206825
204099
61173
132340
21984
12035
268184
34751
202105
48623
210193
137481
13515
196998
41106
3760
9512
59912
265878
263098
209783
56370
30050
1797
51267
263432
39425
198575
12872
136074
202468
29213
53148
40124
7829
59111
14508
139632
201229
30591
34620
264879
59583
50059
210121
36976
30691
56240
31501
136103
31117
266896
50995
23010
262932
10455
17079
27856
45034
263514
6185
59957
262953
135219
134734
31369
263071
64489
267445
131939
61053
49320
263974
24198
10024
12770
268371
209756
29625
1221
200045
23952
45856
395774
198931
1566
133029
267752
265961
14144
23377
57885
34893
22364
51716
11981
264375
58915
32934
41860
58892
36809
48678
265974
328174
61827
38007
35598
266529
27708
206153
6140
199716
40593
132490
133685
200840
34376
45399
52004
63679
30331
28919
18733
40851
269042
29208
32066
22527
12484
21923
397556
54096
59464
269159
199748
265631
58647
62988
268369
42805
266561
27185
137477
12136
42837
55315
265348
25330
266620
25005
41101
199874
269011
262943
10141
264822
43361
35522
14472
30269
206250
39513
22860
64425
56394
266040
198146
33113
31315
201524
9607
48352
49394
262646
40226
200022
46815
134437
132325
133241
56032
263469
209419
34689
49995
50220
51907
198971
62703
393488
203798
21351
134853
9367
58625
37400
37922
8063
396502
205715
19740
49724
206847
42437
209572
11937
133599
4801
62222
18007
32134
46881
131215
42996
32422
264007
267484
207017
267899
19936
34062
41619
197270
199230
28157
16473
39776
58687
199575
10911
263329
17267
50153
39783
30515
197856
33274
201419
12046
40209
61792
3495
44064
319
53041
42174
265471
201194
3175
42386
206955
59662
262630
44574
3816
266373
265928
202940
17324
60329
17882
137384
41080
203919
37162
48445
58424
18352
42881
58035
42582
39772
40943
45954
8116
138156
56805
50487
31412
25282
12519
47743
132385
18052
25073
135034
45726
198153
19875
393388
33558
33876
262444
42331
48633
26127
264465
393929
18353
137029
397796
49833
203046
137056
201942
37147
328047
58133
715
5485
60339
20943
26976
32800
393894
203162
133600
135108
61700
39014
137827
132338
267989
58104
57646
3455
59535
394066
46051
49332
58821
35650
265110
269543
208969
262156
29263
266234
27507
49019
5498
208885
267427
265025
60022
198800
52303
15941
62311
268845
22306
43088
197218
204272
22368
266193
43548
22321
52429
197728
134814
329
395087
198778
42632
28343
44362
23221
394706
264854
14747
265662
137051
28621
15692
47911
268022
18094
200167
136566
267075
23872
265997
26750
263863
56162
36311
133410
15672
44348
9188
197960
262272
262363
29468
14671
205390
23130
11355
203265
52058
32896
20340
5473
33650
28390
13214
201847
206723
264381
204294
209222
19093
41039
266487
35576
139430
201225
6858
33697
22006
47241
18359
37546
395717
52946
16191
209128
1609
45029
44775
135442
60049
50213
49606
267542
37682
46816
3397
53793
38919
25768
1311
59917
53691
57258
137419
57242
38727
204017
24954
137140
56838
50981
27607
45340
15346
53047
15980
60686
48004
199762
136666
11248
17746
8220,8365,8758
198337
57099
136077
60581
28349
62892
205682
18240
201121
60378
268228
132462
394896
7258
21590
39960
263888
8737
20978
393410
262778
265143
48657
17128
267629
4667
203694
267094
59760
25144
9858
15128
203703
267455
264517
328066
14465
44943
393821
19457
53165
7246
25479
262383
26258
138042
22183
26472
25630
266093
37211
328239
136562
27833
135863
31250
262869
134109
53078
32210
59418
263048
36422
268040
49151
42381
266135
53309
197415
266331
58411
54008
13331
45915
265320
268321
39715
28730
136665
132901
265497
208899
29006
263645
11207
50438
198280
133996
4656
197449
265200
266846
3307
41419
47497
196666
39046
204157
262189
210233
2601
56522
52639
137667
42398
268452
32281
62100
203367
268895
265882
265976
28165
131284
43533
225
198710
63213
49528
7243
1787
131757
20275
267955
42187
60442
26505
135255
205575
40111
266405
17837
48934
209248
31834
137889
26373
56898
43876
263311
268105
263408
207245
62638
199599
328451
394437
17099
137410
268213
206767
4788
8502
63399
59189
26790
204813
266428
23569
5105
198703
4986
49335
46515
7720
26223
133237
29863
17748
35392
267557
62142
268417
41714
48429
42585
133222
63057
397143
46571
26069
51202
4128
17545
44964
10367
49636
207050
25533
197481
46080
61791
27841
204524
264249
262945
198500
48775
263531
45582
26932
132001
31793
136556
263468
44994
63959
29821
27224
10234
265138
29861
8970
19209
269643
265179
19870
135345
62265
8375
209716
53181
813
54828
19230
266489
57250
29029
266074
60391
136164
8926
138940
55197
200985
62322
6295
553
135020
267423
30087
37273
23790
198130
266771
14073
46454
202894
133524
29549
37180
31313
205774
197471
134613
202272
267283
10277
3762
263341
7903
134789
47304
53215
135912
45181
29453
131993
131914
37692
58287
46058
267369
266059
62578
292
63124
133332
394698
34523
133057
204198
32275
28124
337
40687
134940
136813
264125
62452
47201
14962
203333
50715
32959
134426
3464
39891
265351
26028
59342
60474
51031
31859
45528
28555
196632
199806
201217
60821
138116
12629
33316
54024
51874
56341
42478
10444
137961
51057
41114
8779
47893
37461
137308
262621
131901
57319
135576
30059
134122
267334
57175
135035
266935
13981
4294967202
28002
53857
23756
17732
58962
23951
43981
133787
30236
262995
50482
132148
31703
268069
197349
50352
59185
62137
9671
135680
30827
47872
58241
27889
134680
328439
29031
38620
43902,49130
398182
131755
49352
263720
64423
269393
36515
46547
62092
198981
5629
38899
134312
40292
57748
262792
134041
269450
266037
34270
30437
138633
42182
11664
12444
16716
267196
268306
45417
27611
63418
132232
53018
50556
267724
266068
134086
2902
63920
22148
15236
200299
263298
267694
26178
262950
46092
196642
42275
51864
53678
55225
18230
13060
201231
13748
45000
201396
265289
267934
22612
13001
22986
47671
1428
199826
23337
45814
397354
205099
52511
134431
47719
207043
48937
56638
59209
45953
264716
8524
13955
136668
43443
29732
18051
32139
137325
52371
22053
55976
38805
394308
263667
54363
61395
40585
16504
21575
61046
24831
132526
5778
21866
263923
26898
34978
22184
394792
264316
197350
62183
25520
198684
3327
12246
135636
56026
4451
264247
39501
16627
269066
136319
263344
19203
57345
327720
22362
266652
131459
44118
54591
21332
132630
10973
23762
52451
10704
57174
12026
138817
55443
34489
50527
62726
205201
47806
9293
269167
6955
47516
43109
13462
204741
27984
54063
269575
200631
19305
14776
23292
135535
266680
62596
9984
204564
17814
28941
268447
52748
125
200190
197607
205433
14633
38252
132874
266385
198348
24970
19774
198669
35539
9336
4543
51568
33186
20052
34824
24776
60912
19366
51558
199459
14976
327971
49181
52541
600
62525
394438
138519
44053
138696
29652
56971
48084
132638
58134
17015
202928
135314
203159
60972
207219
266840
269032
209979
264075
262584
13581
395101
264043
395822
26785
51952
206045
44798
134636
59999
37281
136871
20127
60995
42152
264109
393524
134936
135032
14224
41537
26340
63886
61224
45992
139620
18442
39926
205849
55683
51961
267939
53627
202302
202375
263497
1902
28999
262455
204245
39702
