268818
264084
264678
35706
27746
37333
207235
56150
20413
58963
5540
269762
60860
397403
7716
13485
6250
8100
60484
17096
132442
265779
265938
3110
395843
50903
263546
204174
22071
16569
27996
37642
25017
266008
56258
17339
202121
25530
48051
269033
16238
28217
138318
16432
263030
14390
4324
40408
55555
47642
543
263895
8795
197390
265122
31830
197914
42485
266338
134684
263768
50022
10349
61063
268232
134979
352
138303
61288
206693
203553
42970
13595
265242
15870
32688
131219
139045
20176
61823
267107
46769
201594
17110
54962
198851
58486
268834
53098
269283
3288
267662
29542
51181
52812
9872
20904
55416
32542
135238
262947
267012
41500
54397
38345
264805
132591
39667
21690
132246
13126
10436
40626
39543
397492
199633
202585
17695
266626
59346
58084
48607
49398
266399
206853
263145
39993
1756
327981
8708
10466
37066
38408
54826
206217
60138
136182
16594
46369
136076
36647
27548
3633
61855
42703
263312
679
63883
11911
265743
267463
206775
17247
132564
32463
202961
205800
25909
196951
58299
12094
25968
57600
1341
200451
58454
39436
62302
29813
36728
14773
6456
37578
57981
4785
56910
262427
23979
1661
10717
207091
26297
28061
327733
50996
262389
263460
393779
57835
25305
35967
17960
53563
203307
202381
3597
51090
265412
137707
267032
132046
12209
62784
37338
135717
15850
49391
131898
40057
122
51956
26965
328262
54660
26320
44609
52526
53102
199854
57731
201100
135126
397438
199263
26034
57118
49851
18717
8473
58643
26812
200410
201561
199429
12154
58190
35765
205354
39546
268195
42812
39128
397137
14400
25931
36854
3257,6647,6939,51405
45939
4007
21141
41878
268168
395349
139024
15942
262544
327926
52083
18829
43976
203485
136036
16654
58492
203361
10479
4143
28272
23572
43073
138834
17209
135082
132223
204016
133846
60349
27174
42821
59508
13413
56716
198381
204744
35935
21462
266613
52938
2152
61722
136454
9555
15081
39798
137365
200829
199163
36731
22098
268180
134883
267974
19934
30781
269083
57451
16743
198619
205032
11410
200494
45959
38714
10747
397046
27532
11187
37609
21924
4821
37275
19670
50881
45806
18886
46312
25867
37434
62334
267284
198551
262733
15804
30783
47593
31958
31235
264494
132618
40152
48034
15913
3401
202539
59247
13103
136720
49550
137109
268590
28620
202078
202791
132405
203615
196727
264754
11581
266046
60943
58703
64045
50625
265922
58161
202843
12670
37122
44521
135397
267186
37605
209758
52430
199462
8562
265462
53753
132939
266736
47563
8985
19314
48894
203872
202213
262145
135229
58616
22551
44170
52302
28715
17069
263943
135405
45535
18434
7420
23743
395954
262954
49681
46600
132727
53834
33554
266395
51078
200149
264761
202793
267309
12439
198476
50608
34037
58897
200578
54629
42396
3379
209982
38165
131519
54924
43249
269838
53226
668
49235
36752
8751
50848
10451
14901
25255
10127
23851
268032
264484
137589
59167
44590
203843
62674
393916
269434
25408
5523
133122
29915
58211
52844
30738
263391
198564
59364
24626
29386
47149
202111
14932
265931
63508
26708
51326
16413
23352
51185
131179
56620
20700
26806
15192
266884
56520
30434
22018
395366
203284
201466
205842
203537
397442
3491,55720
263709
12713
264619
46063
45689
205255
46045
328118
22319
134287
14412
63862
262600
262186
263961
55317
263171
135298
26071
137441
199284
15493
52296
36204
55664
33459
41897
56986
3304
23937
269740
25655
131644
138616
4739
201733
48851
13596
263296
53149
52917
852
38544
3269
136672
28642
51596
39964
328481
62250
56079
15152
36093
266825
16931
210080
37411
17819
267693
198242
13860
53952
20813
47031
26619
265496
267248
52628
58261
45328
34656
60006
265486
34142
38959
42827
38558
266076
50938
10661
54495
23342
54038
397754
48690
45766
41383
63047
207023
21073
33196
52884
22954
8430
196974
269235
37708
61188
133805
38898
781
29623
11609
200063
52455
48416
52013
40868
63019
208694
36619
393288
204073
1842
138731
36633
11153
205524
203583
63495
202914
29310
199936
37501
397157
33855
25426
41261
46358
264323
393349
134077
16014
31940
63157
133645
262857
46299
136743
24028
45797
52716
50113
32625
265748
138874
262868
209702
25699
48707
63612
262914
202476
209292
14183
14771
25631
7557
265687
55731
33856
33941
32411
61775
59524
262843
268119
12127
47975
39912
40918
6419
266290
16811
136209
39970
198900
20935
9466
40597
202491
396054
33045
25384
29812
41034
41357
133898
42739
199281
138315
18539
204868
39069
200471
49529
2041
53247
43372
13458
54549
18396
26552
197486
36851
47220
268636
58255
393357
11857
135881
53311
30022
8830
263966
50840
59155
10099
19706
41008
17802
134901
50875
262288
43832
395144
202276
11334
53847
138158
328299
34787
265048
31989
203076
26900
134274
203383
22469
54948
44237
327976
327808
26726
43656
265031
12361
49478
267999
268026
210078
267861
40627
60501
22907
36500
265887
262442
50650
36866
51053
60664
267
28299
55083
37977
53773
131190
24472
62402
133408
50106
267066
139448
359
58144
267036
137181
45669
137034
262395
57851
139375
34068
19237
198898
59975
44956
262872
9286
204261
207172
136622
204239
208528
265741
209954
40061
395459
132635
198091
133647
24304
134042
42099
28251
9504
266404
264258
6043
137145
60447
264811
19515
49369
29148
18080
206891
135407
42959
53409
24634
396337
51992
266692
293
131273
267131
262760
50760
267981
59919
45069
62500
39892
199561
268875
56142
22162
132525
32445
2194
394402
138869
62071
202772
265246
45742
8368
42259
62241
5664
37500
22486
268491
394753
18705
328319
138263
265943
51222
48870
43447
199024
52841
7468
21416
1301
135510
61768
25022
136630
20203
34711
200439
24669
40738
25125
205194
63501
33011
5400
131358
198214
47140
394911
52471
62064
265243
47979
265316
63744
134922
37404
22702
38862
267314
36428
266666
262306
137529
188
197460
22572
202233
263602
23102
205919
8460
265860
132557
56426
264874
47723
197829
33194
45433
31606
266929
18113
203222
59914
46617
2320
205424
61589
11495
263134
264533
269340
136338
266088
59497
10653
56294
2901
855
136994
56283
201857
27961
199565
269079
25029
198892
266279
135791
26344
23585
197090
29791
51379
198259
4136
394969
12177
269466
25269
18225
14661
26319
18950
40805
268723
4755
35654
135896
30500
268309
41312
18863
11192
265168
204584
42601
60456
262782
264884
208669
132988
47645
59353
45818
19676
44735
23452
30828
43891
135732
133514
8935
63116
205845
57497
28586
56288
39287
59397
28184
207060
64415
48550
38554
28964
11050
53527
204231
131919
196691
263089
26166
35894
28736
51013
18812
28604
28385
7477
29210
36151
20802
34744
49866
204587
40191
61598
209083
63925
9647
262908
31574
262307
135793
44547
8595
12803
267680
263471
202809
201740
23240
137911
263347
134121
203227
198499
47482
34921
36371
134413
39293
21021
203160
43606
209488
43057
135969
54108
134819
51819
31059
64076
328001
10113
132375
27557
134697
22409
61831
6197
266041
136026
266480
268266
2609
61498
31725
139253
206694
205999
20932
268509
63778
32570
3265
63353
196994
134015
58027
37520
30784
205624
132865
2044
31215
262270
136704
203966
51941
15545
40637
40645
36474
131306
268516
210286
56286
50579
58360
62126
30938
62942
59506
42776
138772
23696
52892
53290
47873
29956
19846
48189
61780
396174
64089
34723
32441
393656
4618
59691
265400
262243
1435
201522
198751
63170
35601
14866
55348
30541
264679
41933
5631
202650
45235
135339
16130
265120
263209
5671
393737
16262
59923
52614
58452
54702
31993
131417
19479
52689
61061
328417
46787
268247
21779
52615
51121
24534
14832
7932
134378
51491
26272
199070
268746
268476
394947
36386
50498
54075
131726
200917
265259
263786
46300
268888
55491
36685
32048
46174
35004
44876
137321
202053
136907
17067
202367
40457
28641
62529
55468
30439
139629
267013
199206
7965
11608
12334
25512
16952
57232
61787
206256
41284
12100
23027
7514
265916
60594
134308
34715
206588
52259
201219
41050
19417
45055
47702
262636
29604
8990
15935
137093
60598
30403
133430
395326
42742
134247
49411
209061
198756
4549
5100
12551
43826
56004
30333
201446
50952
204197
52187
52847
138953
49908
394998
264475
11194
61874
27358
35527
206435
267923
59375
36919
48858
52757
10204
29496
138418
207039
266486
266400
37421
30090
196802
31789
203504
30774
28775
47218
264662
32196
12816
13396
266891
13941
12189
28935
56618
23544
59870
52041
265175
268841
394117
134026
30680
198206
267660
8426
27940
133131
268314
52163
48260
50705
263385
5097
263334
39816
35991
47500
37566
21921
39260
50562
22754
38628
60313
26124
393585
28355
272
48603
48584
10632
268819
139317
42306
50426
47381
13193
43508
22423
33402
8798
138192
136176
267727
58294
262341
53641
19881
51408
21465
135548
16392
135841
43111
22140
6040
393927
50850
133155
198545
265455
49971
395630
19299
56245
328029
43605
267664
29670
394810
207081
264927
8971
266197
29239
16964
12119
22271
15787
206969
41201
132545
45663
25049
6412
48130
7961
135076
269285
53443
33449
55881
27461
47169
58677
17653
19311
200968
268552
27593
35318
203565
263584
52470
201342
394738
18909
13490
35141
2894
55441
44373
135802
265007
206227
60856
58473
197490
19259
31460
59754
55977
57241
21178
136765
16078
52665
47711
23248
47278
55196
4710
22070
59113
34934
51327
264327
327973
266011
51464
56977
62283
201450
5742
393376
52116
24243
40966
51574
53493
43807
16867
133513
137241
58482
198005
27310
21724
264543
269005
206639
54401
30932
265787
132861
39015
267209
32945
37523
204757
266066
267635
138168
137576
47951
196931
48073
59423
30356
132220
60291
30412
396190
210206
133706
265236
14814
268231
203648
198633
38052
40289
267663
36265
265065
52653
199201
393321
264216
37030
133831
199464
264399
57363
262409
138934
54668
31775
204754
60521
42877
394452
262634
63207
207099
59436
138455
133364
25677
62643
265813
62117
24857
45298
33682
267310
39276
35208
20018
32561
13478
199776
16391
201475
394875
4469
265371
56096
201337
49447
41019
134712
41737
50780
51980
62913
203410
8825
263430
206999
135700
18187
52635
264337
48671
55856
29169
19812
202306
327784
37717
4574
205328
48595
58016
58273
209410
61593
267414
1293
33201
47901
40262
29582
59607
395632
46260
203357
268391
52502
37052
25740
11852
56613
263485
61266
47141
17714
44508
26869
265783
134963
5790
45305
57406
206513
52194
268281
44600
31815
2110
32217
48574
56843
9918
47580
394315
27550
263024
7625
262781
201992
37208
60630
13076
135556
137671
21249
40685
54050
327895
196653
54815
25865
29544
1490
29320
42088
21874
25058
268518
25192
41232
11185
8823
328162
39113
46411
23146
44442
58552
7297
198401
55627
3713
268426
47212
268261
266182
40506
60145
263672
13053
16851
132535
11113
43537
51958
20173
269365
134452
264969
264955
4748
8744
266083
30869
701
60167
683
58489
262879
131595
267331
23225
17966
197372
53062
136882
5635
9482
199449
17076
133380
23921
209933
1299
12240
9395
38393
43017
56163
37177
395021
52278
200874
8778
59433
328148
26286
47844
49123
133279
202810
25562
56111
9219
266183
327787
56791
134529
11404
59846
210004
47491
16143
57016
25814
40215
265408
58092
35963
60019
9505
36900
205479
31727
266127
18472
269453
131588
15255
8025
133019
19257
41833
8455
46156
291
267276
269553
2639
31535
4246
11656
13647
51070
39159
268700
266606
203149
138236
57581
41703
135795
269750
56487
210122
56721
33348
51432
23484
32000
57723
54632
139418
327932
263887
48450
4876
394119
263779
263603
134817
51677
32605
56347
137234
267518
23389
21594
57259
137575
204626
10165
133036
61662
209368
24429
262850
266576
24924
49865
42435
44793
204071
37307
51910
263905
138839
57582
63088
55675
14914
262972
268957
34560
42652
39934
205083
202063
201184
132151
57371
41143
8395
44206
34351
40151
45920
28751
33095
13064
201325
26948
59160
267173
46268
28357
267250
18916
48742
131297
210319
131365
53191
49761
52637
18256
45820
393577
269215
204680
137019
63202
25778
264080
57577
26056
47887
52696
6752
30873
60839
34690
327767
41764
200666
54671
48899
51171
137182
131420
46124
6939
22118
45352
264270
59973
35264
8163
36679
14828
15287
47626
25437
64035
1537
267000
134385
9801
263091
263499
39420
132848
52294
132280
17433
131290
32306
16724
396217
14488
266368
20547
27539
133717
139622
44088
29180
26288
19504
39608
268265
202756
197821
265674
209877
132716
13984
13813
268000
59317
36533
202047
37053
18092
264463
51320
8325
132834
394784
19868
59796
263754
36618
52985
265723
49511
56642
136489
24478
52967
131368
54934
138301
35661
268567
132306
1409
197569
60646
138744
264752
13150
5800
61480
39097
132141
42985
131413
21256
267259
136119
135251
268138
269073
24397
27870
138276
20853
63113
39136
83
198888
786
16913
5132
263313
22815
263513
11204
27823
29559
3188
209225
45475
57461
137052
62167
14477
262797
135712
132025
44781
197633
27065
37109
393890
263600
42
133509
206121
49476
28360
207234
197978
268657
22487
16755
266247
44593
262664
202521
59237
139771
59157
35783
46475
51608
44363
56707
38748
56872
57133
26783
267890
132318
34676
131642
29043
45172
27769
25613
51435
44105
30015
50554
47984
1343
267464
34706
26446
394814
58026
16538
58958
328224
41459
63965
53234
200324
57533
262730
265760
53866
263731
31162
263524
