9794
393995
205818
27775
56683
49595
43581
3786
27676
266367
34177
138331
33796
207257
396560
28417
16737
54288
36365
34491
23148
18365
131182
60407
41753
27714
205680
263351
14008
60250
25212
22819
205820
21938
61732
209909
134214
64008
263547
26100
200972
53243
134264
56568
269464
6876
10965
262679
60289
53910
3456
37676
9649
137726
394981
200967
59048
394522
200521
3640
262554
134556
268665
46259
15848
3595
265030
131779
22243
46456
136600
32833
44196
41052
133158
31095
41877
11130
8282
40393
29626
264966
138350
15006
41176
27673
48641
26795
264145
24077
11420
64046
26277
27261
203356
196731
264154
135286
133246
39130
268097
265934
13411
205052
19262
64260
3593
11776
34
198674
7215
269377
266161
135596
53095
17907
16718
265011
201596
201428
197053
395786
38935
63996
41719
9774
263714
56922
263664
45769
205447
200992
35544
57951
59077
55079
39510
36662
58129
58702
11309
1419
50094
17348
32001
54972
29644
38466
11511
135240
268115
265724
38721
50923
137017
198489
39927
207112
11221
55593
63541
208411
19780
21183
21226
55246
134341
327990
199224
23500
59246
9583
58475
52351
14693
64029
266272
263889
9125
52864
40975
2732
53840
8670
7575
56732
57711
32757
397326
206057
18840
40193
64031
53104
28239
53675
3688
197832
19149
12968
61184
43783
43637
34245
268538
42897
266473
132122
137608
139043
48202
394303
42285
28288
36352
136999
206702
27285
53983
30787
63881
52955
61453
56804
137905
262437
8456
45446
14899
391
201978
10993
30463
202434
29555
17915
26529
133130
19987
19480
134692
61373
33170
2635
206196
266865
393846
22734
205186
200654
51297
3908
264590
210229
37440
6661
39483
11011
45644
61918
393542
33873
62412
202547
135488
265210
266099
18223
32545
36999
57774
12536
395733
198430
30417
62554
11293
266685
40168
37292
264625
204388
17291
23719
62722
21986
59274
25326
1541
204769
268919
46378
64241
24801
50071
18190
13157
265479
134009
61357
205033
55743
200334
133469
133203
33455
205067
37218
269540
262193
46852
49534
46402
61258
265805
31132
198824
28970
268196
206674
205049
203794
52157
4224
45018
41758
58582
16370
51791
8870
8457
21487
48880
201750
262273
27898
42798
48631
33862
138235
197113
197838
27938
43044
393676
55818
61578
42455
45577
265111
48185
209517
205229
265014
35537
52668
11167
33213
202911
9082
19115
54261
265680
131412
135237
54911
263637
50927
55477
201890
40964
16629
263563
25313
7016
37670
61674
21733
3215
203951
265740
135684
62115
24329
14001
40600
24247
397478
203106
54652
39397
134301
42141
393316
263086
196673
395924
33385
37399
137934
24199
51217
48736
50908
397290
52169
206879
54698
61803
52131
53193
55889
268481
51485
204105
59328
263372
20447
202556
138173
397353
35818
59213
15766
263400
51402
28892
38370
17563
264830
264308
207155
23884
59243
327814
30119
44910
267527
49893
35480
132268
34145
37106
16412
41996
32003
2173
44322
138425
52532
15158
200083
25403
138317
203907
263560
62172
203004
7733
133853
48275
37298
269013
1200
267242
55778
14240
48878
17976
61331
29499
28086
15248
268637
20880
267223
61259
265365
52556
17172
58510
133101
64478
209847
135376
56309
42301
262552
30545
27630
60284
62612
59682
22827
262671
38082
263277
262665
266475
50870
1491
203622
3727
18558
135794
27493
61884
10723
52329
58465
35415
17968
41057
53363
49836
262435
45290
198400
50511
52533
328225
264274
57781
210162
131599
265992
57330
45956
135977
196884
134438
19123
137095
16814
55759
62627
207200
134029
134966
34660
43237
267365
131258
19869
268078
3364
44604
48721
36234
62818
207796
268318
48999
33695
48057
31619
30145
262419
14512
40436
133997
10218
268181
204902
397112
53468
328130
46943
9941
200435
263476
54325
263309
53944
14799
45655
25164
264847
268075
267020
13333
7985
24328
62076
134072
62516
137923
58036
29081
34933
35337
201457
45002
23475
47661
603
9489
268296
16623
25381
136398
132687
47816
328373
38193
32059
37474
134854
136365
38316
312
27762
20873
15025
20716
135033
262317
61816
8338
33387
41440
59588
138846
197799
39055
135113
53257
13215
51313
135137
46660
16636
8888
133618
20815
22462
328300
5480
263838
37367
3167
138136
200645
136557
54411
28223
264981
35937
35340
3925
6037
62745
264592
201252
3298
24448
58519
2094
59663
49143
265432
199190
14752
54809
38131
42503
197989
262511
57603
24610
262466
31871
47823
47045
264668
327962
266376
17369
53172
54253
19156
44313
3705
16978
24663
21976
37448
267867
50494
13346
45027
198188
138893
393900
31575
197340
37402
34734
28389
3205
206257
262520
19786
45841
48277
47318
265532
62059
27810
40569
133084
39275
64200
266006
59275
56992
58202
51333
13459
6200
50660
138567
268278
5953
57384
26740
15196
42065
19759
31094
267905
132201
266520
265415
267302
268896
39448
19467
131723
264860
267348
46671
134941
47968
14547
262547
200672
327997
60612
394732
11700
208791
327795
35376
263128
7386
135664
63990
18897
27853
9557
136837
262827
21520
133878
52292
38414
52136
59249
2640
209835
55850
62261
263820
32532
32291
60003
57513
56035
54991
268569
32748
13514
55170
47639
4382
13484
58945
64025
21105
198448
137525
47378
1606
49191
396225
56095
208433
23034
23084
266094
14483
262610
14140
7150
35538
12303
196954
55082
12555
16410
206006
52337
266607
201958
35549
48431
131144
11790
327821
59161
27087
27934
265278
52362
200773
33616
35263
133858
18245
36268
394820
202806
57450
37318
12332
7287
16302
394767
197729
206252
267230
206563
198640
267969
10
327736
263968
263693
41377
208711
12037
46206
59534
394031
54536
13018
132500
32358
34389
27434
266228
264450
264750
267590
263314
202848
25256
197314
38775
15774
23041
51393
41510
17638
61927
36041
3325
201834
18304
61437
25791
8790
267738
35272
269121
27953
38857
44931
209755
25076
138292
52508
269515
44041
39797
3454
266863
24129
62466
133438
42283
203931
36058
7030
267010
12521
397770
44090
268345
36935
393337
264618
55236
28429
55707
10986
138587
266579
15716
132142
26512
135523
61999
16128
46227
34434
203364
264114
32421
202139
27957
266759
60188
56420
2560
16450
47116
40718
16766
266309
9800
53659
55048
205172
48855
10297
266973
17728
18657
61723
43115
134126
58042
42936
61785
60326
262755
25760
203469
45346
328126
54735
209890
135934
32058
61502
8226
51416
42434
134326
267361
47168
133797
50092
327764
61232
12356
58014
134079
137415
45532
302
56601
17516
198819
262642
202620
13618
200424
20171
8610
49316
45259
263515
21801
327964
55705
14443
23949
49613
201751
202504
13429
196977
41273
63731
35952
266016
56667
207767
56368
35529
202401
45261
395139
269149
139780
22751
327705
32452
11277
64
18904
42920
136258
46370
266207
612
18625
31035
268256
53088
134147
395918
139793
196961
23888
8290
264718
13115
11413
131373
34702
138995
50950
39547
46992
20647
133919
267746
49710
262653
43948
49826
263900
132351
267244
56434
8362
209473
135569
266538
203840
45884
198773
58511
9121
132945
60571
207075
133902
268497
18986
136674
46722
204955
202188
200525
9093
268467
207215
264953
265088
50219
16925
9000
10913
46155
54444
21992
199380
52361
204241
328196
7487
58583
52201
1643
21612
39574
60037
44068
201091
265194
328056
46353
37330
18121
34341
64052
206710
4778
22196
25753
687
2274
52208
57380
200584
135533
15120
16960
38423
46133
51600
266273
63531
49475
205607
23826
51148
42235
47992
27233
46211
57543
52793
25886
42658
61930
42023
30687
133448
32407
18513
30073
23947
13753
30049
65549
14713
394130
50221
14739
42569
327850
202110
206349
62165
266592
61485
138875
42750
6665
55789
60428
262540
265451
41236
44920
17381
60685
36473
10212
201582
33545
28072
55232
41625
198478
28026
26570
30095
32454
328090
24378
7651
58909
44837
9178
9857
64100
12571
25878
54480
198008
37669
203498
202615
265286
198140
49736
206576
265312
131760
135703
5381
46817
266374
32689
266812
46198
133447
37468
203136
58859
59710
47180
12494
58336
38481
26081
50776
23984
22788
54291
268585
59603
8010
265367
263662
137236
48080
38232
197462
262446
39660
26700
3289
29688
394316
44971
49725
17159
204277
7726
134053
8440
42675
42463
197067
132063
22085
198852
16836
267466
40648
37604
267085
59253
26257
52142
44355
49835
37146
55207
266536
266641
51027
268783
43320
262387
35193
9002
21637
7701
21516
57090
264059
265293
135055
266494
5050
58768
393771
131174
11351
396469
11580
15958
135758
35865
19268
27167
8622
203561
134060
137922
22783
43689
56626
15576
44225
395672
201984
203616
27338
38016
12307
199291
52631
55444
201881
264568
197294
29901
135554
206418
23607
25148
60388
30302
20634
265854
51647
1731
49763
30887
38067
18326
137657
35146
202542
60499
6387
50790
268199
28176
14265
22923
393227
262982
32344
133226
203549
29577
61254
34804
57034
37547
38353
57987
62622
32839
264920
12952
19764
60396
22904
393517
262182
35414
50819
25535
56259
1585
39251
394936
23043
50931
32974
9160
268341
266464
6761
61513
61815
206555
61851
22160
138745
50133
40823
266885
135422
10263
265374
266214
30219
9387
59447
10364
37253
197765
263038
269317
44739
61054
10299
22808
263046
136112
6065
133822
393460
202081
55506
56480
20847
28785
202754
263796
198774
208590
1882
49058
58172
36033
21409
136696
263737
55118
59553
6878
52517
31674
262380
33205
132447
9927
266317
17815
57752
37137
17498
139686
52965
11941
63252
202976
49267
262855
267069
49775
198517
395719
26796
12042
24190
52321
55440
59206
3328
53109
262368
135840
59104
264350
13823
264369
133726
36252
59645
11134
61308
30204
30858
28837
12684
327940
1503
16173
21228
13659
209096
41845
21558
132778
131131
20238
32531
27734
11045
137853
47150
203784
267878
14870
204544
12210
137255
263258
265465
44211
268239
16434
20324
14248
197732
268293
4686
61932
51192
8123
54018
395383
197423
397620
136070
43407
33590
46015
30522
205889
25454
23774
393857
20460
49608
56881
328413
11536
53173
27202
14052
203238
393429
268842
53140
268031
26269
55023
269046
7682
2621
61716
38768
41918
34326
52283
52920
18906
44436
35229
31398
16948
263646
266233
263997
56107
206830
35029
202865
395172
198208
24201
52219
263945
62037
262192
9241
38324
31751
56207
18521
63311
202475
27569
8762
19903
137655
264441
135544
266256
27195
43047
264386
265370
43149
53471
196915
196694
266262
16345
264739
43031
3999
196779
262175
202983
34252
136257
450
31496
197454
16279
395230
198084
4721
133543
209688
61666
24102
262433
50884
59591
62710
47128
199758
268438
198467
62416
56546
267622
24947
17548
203312
24838
266111
48722
44241
55271
35629
33569
42228
396480
135259
138249
7393
269222
8545
43309
51003
50854
11491
266244
2941
265970
22765
44950
199555
265494
263450
38088
39386
39256
53562
267201
197332
24541
133269
265198
61335
209778
32719
133325
45173
61187
268015
203874
265914
138489
55312
263082
50295
206235
17374
59854
36967
63328
9642
132169
135147
51355
265077
49834
57698
4200000005
134943
53741
31303
52373
25973
14373
207896
397865
47405
136972
61112
53995
393374
394902
269211
36136
41071
19754
49436
56475
28708
268562
41842
268378
40898
5237
265987
8529
39662
267275
555
267573
58541
5969
9435
203019
44658
263431
7165
205116
267083
135716
57472
268252
264086
203644
51808
202985
42998
393590
266452
61898
206341
197590
64141
45154
393800
201173
136941
29354
55995
265105
266104
266558
204492
15097
266562
57954
41611
31767
397071
56637
63483
7465
137313
204936
17671
11395
53292
206388
22261
55803
139368
16621
40763
60288
196861
10396
200886
58061
16707
42399
131913
262233
48460
132365
265921
62989
51295
134021
11835
395749
264398
267657
13298
13121
46276
46982
26236
54560
58001
46018
33657
51130
206481
38460
26706
42707
54776
266971
24299
46941
31377
266967
31798
37531
14857
50011
395945
32528
266647
327830
22616
41200
13002
55752
30654
263921
24357
264728
47674
136364
35420
12417
26452
20919
51083
53155
13184
268066
196628
20402
54070
30285
42028
2724
60705
202157
39537
10083
21372
268974
60485
42165
9528
202454
57396
14015
51374
208282
139270
207071
39852
268630
55663
268691
31175
12510
198749
25829
62731
57975
49825
61915
8095
266675
267377
26370
39511
3700
816
267396
39308
32791
38025
328427
132237
48881
22129
11251
43076
264309
43317
197079
20187
39010
37049
53618
22012
46717
10926
41681
327723
37611
7693
34490
12413
51342
37423
263718
265100
198267
64494
138574
62928
36791
61934
16816
205456
26593
138978
61594
59009
36010
24021
265206
133010
206971
57679
50973
209438
17506
48453
265727
328487
208849
17398
58630
5524
198998
49668
41272
8480
46010
32229
20397
22684
135534
209840
13448
137539
53354
393584
43553
58060
54707
9325
33414
264919
14279
135922
27314
12048
50486
28506
28114
55848
6793
16617
49518
10954
41164
63528
59277
12073
55005
138566
18660
262958
267998
267055
45900
52913
39249
41448
10620
14761
8377
39164
134202
138017
43162
39237
263894
263349
201411
263305
208449
263675
209650
60615
38638
43735
30449
205838
262820
131631
18529
133611
35202
36011
26585
24088
25087
55002
28427
29927
28195
52846
204094
33097
263482
5564
269233
269402
267370
45224
39100
45331
60258
40300
35871
204363
29855
262675
8214
15769
52250
64286
17608
1880
60914
