9230
44000
57064
55309
134286
62169
262289
54923
52436
18473
268484
50560
4319
1
21827
28296
36954
52507
53103
265173
23058
62741
61641
205775
21949
206164
30265
59125
25031
394182
12735
268479
40374
58132
263634
38097
47181
27922
16397
51824
35030
206391
137324
57466
46125
18300
45048
16581
15615
11004
60932
131645
136713
42290
263725
137219
59156
27470
12779
51187
206620
62066
27518
133817
136184
10097
207044
47792
45424
394688
50126
52715
196874
31152
35046
61678
44545
4653
262477
7133
209870
36018
37073
60091
49265
16736
14020
57283
200434
52488
394572
135761
267602
200888
198843
52764
17696
264051
268650
201518
51770
137123
23427
44243
28588
41098
29706
11041
21246
61595
269022
397167
45325
49560
138927
267764
201807
199577
206485
206175
32586
267088
265051
14446
263935
44531
47422
28596
200753
40680
37629
19446
58406
46399
48559
266921
33738
39843
8851
328356
22705
4867
44839
265407
20015
266639
268846
198102
40815
55654
204992
8345
24144
59140
51978
206514
59480
265535
5430
136160
28431
21509
38627
263996
54994
37334
34615
263142
264147
2900
268964
44693
56272
56359
37463
21296
262491
37395
55350
265826
38487
264574
132374
48440
50509
43193
198263
267628
61645
263466
205940
57861
327977
268068
14187
201425
33233
131159
208592
36658
37023
11746
199064
41151
21548
58274
22381
579
133623
37265
396076
23740
50648
13147
139039
200690
23237
28743
40003
63849
210297
19185
27916
268165
17024
269008
18601
11892
8219
22343
30418
51387
19284
62294
196991
60079
264262
135818
15100
138290
262386
42043
39789
40144
46998
63050
35489
202785
61675
197144
38845
37571
42314
396851
262332
57248
266862
28350
349
43011
27892
30126
36246
58405
62903
394208
13655
36339
11669
51809
55077
56864
203898
268469
47716
201341
40473
36989
133866
394613
9784
40363
197383
264243
24420
37436
31721
50613
262553
50173
1423
204045
54638
204959
206659
197722
28235
20917
367,1479,1504,1526,1541
136723
31204
263436
10897
262828
266477
40747
52002
42440
63242
29684
31888
60649
27030
59821
51354
206664
267212
327741
396484
38504
51814
47188
63414
395236
199246
21560
139641
31963
9643
26633
45816
61935
12131
263140
198533
268736
57574
60662
14089
63136
208603
27345
20979
24331
203980
15375
48767
32130
132079
135466
48448
135809
23541
25780
61691
22875
14282
50805
14707
136734
50367
20348
206039
28324
133798
15229
395562
137224
32984
20144
262931
396259
53779
32308
38012
24248
39488
60364
25605
50686
138508
52413
60657
205693
50315
25730
60842
48384
15347
1599
9845
37584
133633
24092
1999
6597
209884
50336
45950
54542
16503
52300
199867
132660
18789
61372
63040
204833
267759
24918
22970
31314
199343
135676
396843
205908
3614
262599
63099
202155
267652
206744
268020
52438
22477
36049
263698
328536
42611
37900
42171
59962
268785
38400
40227
62328
31922
10066
48737
12556
197627
263457
12500
49273
18919
266131
41935
62496
51898
42313
20411
26594
24075
51664
203387
134882
46163
264537
46877
135839
19012
60679
53542
25716
138134
30880
39178
202006
39262
8073
268377
51316
14053
60575
33512
4669
34323
14358
17245
265328
11440
56746
52374
7861
18125
10029
59172
55861
8753
264014
196641
46094
328036
57425
39691
268409
9071
35896
43373
396291
36100
202899
37148
137553
11999
136510
17123
43753
264055
3826
28394
62023
9221
136125
56806
262582
264352
11218
40552
50517
38451
267618
61901
265294
38547
202425
22457
1525
201980
36052
57361
202648
206421
29572
132423
19020
267460
267472
52020
3730
138147
5617
39614
16178
14955
133374
28170
204333
36175
13579
44149
262484
6553
267372
17607
25516
264803
42109
8408
58691
38468
16141
12833
207259
134531
198356
63549
34225
58346
202218
47602
45274
206623
204089
50607
28213
54227
54007
7532
52239
49287
62041
61769
13768
50797
35457
37178
266351
3290
263577
57815
53355
12114
269401
60005
23404
50165
33444
14578
267613
393259
209816
43674
199751
42731
38535
264787
202629
197027
267977
60591
53721
61278
16875
394131
22807
42770
46255
58932
31846
45664
132864
31985
14615
138451
46311
28638
134347
50564
34754
51500
26496
60694
52756
60033
46935
200639
138431
44216
15464
64024
20071
33321
11215
139218
53039
32289
57665
56725
137814
36665
31359
203393
327816
136123
48523
16227
62091
134405
136559
775
48551
45722
20546
48142
14638,23520,36423,46962
54511
60720
39161
265915
24189
204037
56923
49800
52340
63967
62014
29930
33576
58275
47283
62368
29077
201718
265434
41230
53111
196610
59979
41286
131099
394077
30035
28177
205931
268389
14949
197175
202917
39134
3795
13701
9534
43344
13395
53948
43763
52641
198382
201851
198446
137190
44070
60800
133665
17665
139833
262221
32765
21002
25970
47481
202132
57506
197708
8308
28212
51389
135326
31510
267548
59670
32083
267608
62123
33347
15548
134304
14112
15831
48207
398022
134251
54103
62267
62246
202660
62827
35070
12219
42621
54228
45210
36300
264423
11320
136863
14992
206651
26380
208751
22122
57188
394101
263988
269000
262447
61240
28742
200914
29767
50574
32682
269075
38205
263860
33245
26927
203801
61799
3136
45179
209608
32144
63119
395281
268290
43231
41881
262661
57385
137152
28396
47541
136955
51380
36286
135354
134295
38770
45697
34513
20967
36583
18566
262870
12389
6704
61697
203940
48398
27648
15894
15752
262566
6450
48738
20010
10139
33392
20160
36961
20640
32055
7257
61382
201078
199085
138260
62418
14526
26620
53449
63526
203337
44799
265347
204149
131392
26903
7306
139589
48810
133403
204235
3267
263453
265575
202993
268131
56981
204170
39143
38526
1820
263532
264199
29601
131433
5001
4010
268855
1299,3223,11855
207149
268144
201937
15504
55652
7613
45093
42702
263641
24449
204730
26036
48109
52599
136903
1653
42403
43625
201416
38391
16704
137502
28252
44878
44294
3064
2700
36719
263696
29116
17818
265191
56493
51150
58884
53642
134273
199777
267174
28329
31898
200845
266117
12214
262809
19867
50317
15139
34836
19821
59321
28536
206751
45542
17157
200618
201096
16519
54294
37446
44646
269050
6303
60631
204919
12333
201785
57172
38202
23841
28858
265545
396973
18914
201503
60212
51985
13202
7958
268272
10192
133849
42013
201749
50645
268288
205044
50500
263652
13437
58332
9541
2046
264239
16671
25347
3
24961
328000
266250
44217
62458
263437
63889
18183
55263
205076
263663
20655
137128
54765
264593
394768
11766
263283
203520
198329
201848
39703
46640
36307
133670
63275
9937
44901
59072
43069
2187
204416
10800
203828
50302
268857
43679
49183
207184
12428
266007
133609
265715
394263
39770
29285
265401
14795
40551
266679
42852
269268
51323
207141
200587
14369
45272
262587
43138
59432
200555
268018
265756
60274
61907
263589
269478
29873
133847
10753
58536
61071
262167
397301
52646
266964
35354
7300
64213
17772
1498
200887
61706
263605
6983
204255
44482
42682
24466
12600
267726
267891
2682
198423
267141
393393
18025
135421
53906
42474
11708
35881
45637
208512
267462
264881
266082
8148
52903
12759
131389
53295
269031
15818
394104
20811
201165
22464
53495
203592
45249
34655
204567
25274
269480
51438
26580
135352
31133
14938
328039
10809
262728
395938
267935
268959
268722
41229
136888
38950
1878
137678
39847
20456
267303
8554
51447
50176
200939
134285
34873
265517
268906
136075
209363
1881
24293
202313
264414
268474
33930
65550
11327
57520
19181
205550
201272
267059
328357
37919
61726
20057
34779
134862
199521
266166
32929
134039
41574
55655
49565
19797
34688
58136
132172
32740
5738
53745
262513
15206
22222
136052
15510
132361
205037
26821
200342
57397
4255
46455
203838
6854
267620
203513
51021
64314
43648
327979
268847
34659
36562
32319
55410
20089
52044
133692
36982
36772
52591
197887
36683
200780
136741
31345
14704
133994
47678
266433
202340
198821
12324
50765
4870
49141
38822
58081
42425
8703
20985
23692
266857
63125
393347
19919
264783
47333
43534
6517
132974
29969
199884
394193
203116
62811
2166
49675
135198
50440
41165
204789
132573
58688
35934
263413
268353
262207
53222
209619
20504
27797
28240
8309
57825
203726
52552
11877
43705
33580
54677
46573
266527
135337
29654
20660
59261
12980
48327
263246
56458
262436
5956
19681
328163
196705
60934
204038
39445
44113
133590
205301
13737
21287
394751
64017
6699
205588
10754
268169
36263
50796
49959
59147
133970
9285
132300
198282
209914
264000
17328
197974
61127
204473
47784
63154
262951
22630
36576
20161
263099
132211
40596
63402
394665
131342
34846
51507
54533
43009
199624
197503
27849
204226
21655
131744
50845
56076
50449
24528
197939
42198
27216
202208
46213
3901
45876
268038
54522
45526
24699
265772
50878
46997
197014
52604
63350
61236
4880
200074
56578
264611
133891
264338
2118
55016
58214
134670
133481
46778
269768
201066
267824
56478
62896
5963
50469
203711
28411
24767
138549
266035
15107
265449
132937
26427
52612
16467
41965
44027
20180
24360
13358
9854
131378
60873
134881
264286
26424
42615
11696
200873
133964
61872
52620
45084
49740
60962
35753
60316
134325
47924
204307
263517
204203
57541
267470
205097
23262
396986
51489
266564
53303
58698
198362
17036
55046
52887
16058
202096
263922
49078
136237
4609
9147
266188
37027
38527
49624
52423
44505
62438
137379
196887
49817
138340
45150
51328
12097
46444
42368
12052
262146
263956
27295
265059
41850
61734
18106
209854
203247
201928
264708
327763
206095
265343
263384
265457
22969
203909
51758
22983
29717
133431
200770
18212
198061
35596
42806
268332
43439
266941
4049
267092
41329
24008
264104
60994
8640
56576
24651
197826
47479
63273
54130
137302
42819
38972
21353
138465
50550
36605
268993
31637
135778
36714
131255
11438
395839
12059
23400
205679
46926
4758
60040
55429
46323
46482
62519
10044
40800
266462
25649
37230
134076
53519
61154
200680
26579
29743
204894
23361
16322
264942
21369
327936
36555
38157
135771
34146
28829
58741
138181
268693
9119
268135
268124
262769
51554
12058
201551
46127
198589
264765
201517
48553
39441
47266
62035
17659
134933
18133
29334
51420
40021
394737
23116
33453
23219
42142
266631
208777
5516
27729
6123
394805
263080
204384
63294
394356
10026
11072
55891
7013
57719
328502
26884
22181
58626
40051
46209
13765
53272
53374
62026
7005
53275
12450
17899
203988
265425
202365
59282
263265
208608
48507
58169
22449
29515
36598
202877
43133
45838
134075
5580
199373
9238
2544
14269
205622
38147
49117
29419
202445
55183
50151
265377
42539
51396
58000
49221
204284
266157
57298
49037
209585
36675
27332
52931
31440
262519
53507
205157
47938
44428
42828
1399
63931
34108
209556
46838
44747
39209
267511
208422
35115
3425
47084
52745
264573
138069
23575
25695
26458
30448
12006
21326
132255
262588
267940
197751
202739
32111
18889
34923
46162
263029
28356
138213
263780
328161
16609
38901
200304
38233
18413
64457
14313
51880
31519
63121
61171
43709
17460
39554
46262
54310
204336
48044
31096
58530
327959
204312
25667
22396
35246
199119
36983
44391
267379
395168
37525
26395
42576
1249
24827
2936
395074
24107
18115
62599
43992
22411
47611
22727
39093
34291
199735
53229
38579
265326
49509
5401
367
137749
55680
54915
268655
10054
26063
30726
32753
30455
53199
9292
41682
269319
1712
61454
133556
266861
52477
133579
5939
63023
29766
265659
22742
17575
1849
265804
267294
265341
197880
265344
51579
37560
44936
43881
200358
263630
15924
265489
267225
13118
10317
268664
203399
265713
3582
37020
52354
57972
102
24040
31822
395243
395423
268254
53501
136434
33462
64003
11013
268631
136442
200401
55173
197205
28393
43093
56017
39694
6773
29179
37325
197393
209842
266851
11260
137050
10201
30677
31448
200279
25818
17970
132662
132381
198155
48224
22401
35482
202699
42850
46167
136982
55699
6769
63010
207810
21668
205402
27604
16698
20552
60282
23291
138185
263683
199351
15598
208210
263519
131341
16142
42064
201188
18826
206178
202763
138439
47922
9066
9896
198677
19956
62061
42260
197848
137265
266707
21446
43909
204029
46387
38783
132567
199168
264047
38346
393528
268724
202311
49728
49977
45661
44487
266470
267151
12008
28185
26969
56083
54843
15638
56367
206496
11005
44664
4905
266329
267702
39464
262212
42773
393540
5379
49055
24556
62889
51004
264758
42860
21203
39582
395267
136750
24588
21530
55575
61933
14253
14031
131446
38713
56704
265121
41733
16065
42208
43568
204885
133079
136286
45986
35267
135209
394699
40088
203914
266149
131267
5670
43555
264553
32743
265349
33868
3164
38267
9982
135139
139323
206356
37123
9788
35378
61073
29781
135216
202080
30362
32630
54035
132779
138325
14076
62840
395806
50966
137978
43750
265979
18109
138437
55828
395015
203815
48081
42721
138681
46329
5974
53023
264925
266762
38737
266030
18701
45444
201577
45732
137356
26097
264649
327781
263969
205610
10995
62665
48316
198973
197790
26914
35953
24206
136390
37705
26970
197617
48950
49340
262235
26639
36416
18266
205439
33770
267538
134564
136485
50098
198997
263362
2636
200059
32208
35286
133978
53175
265991
51825
43541
62374
57285
264240
39720
199939
38769
30641
33501
263398
51306
56552
54848
59913
58668
264952
45944
37002
264474
328179
395563
26431
136047
395298
62210
268125
60471
206081
55600
6262
56665
1511
263236
24964
14654
196725
26113
3371
18632
393437
