269100
204908
11328
1273,3216,6939,40966
63428
50210
44345
20842
262833
12839
269379
27018
48008
19050
6939,46887
43662
203358
45189
15800
58681
48161
48338
35908
267823
14746
41873
47286
27900
20111
133676
47267
203781
205741
18298
44006
57807
28656
37504
133826
268437
17553
41861
31849
10096
36279
32699
4966
204471
598
15537
56720
267607
45641
56773
45958
18175
44845
39581
20720
268368
395506
39422
53964
133775
52908
197130
24311
36586
198724
53587
2873
201216
266847
202630
201680
33313
31278
27807
34574
33248
20810
43694
205315
196926
65411
266829
49266
200564
268682
56178
18649
21486
51437
100
47240
63997
3603
203449
47473
53962
19011
132852
25679
50026
268858
202639
201013
19768
59279
327722
20264
43733
200529
58293
262862
41856
264248
9
25590
55171
30310
50474
58099
52138
263636
44386
27842
395988
138252
393887
266306
133312
201322
64020
135482
46757
61945
12621
133673
209638
19151
56264
49404
393791
49483
7734
46531
205699
197704
51569
26077
265701
138122
60920
266393
22918
202967
33448
15726
206452
9849
32352
28301
133244
56729
21478
58009
197249
263520
203071
16363
16406
64258
202836
268182
40116
35155
133495
25367
262767
17917,18101,38546
14868
44772
8211
48452
16596
16354
61652
136910
57525
54720
196667
263268
266229
50602
22552
268963
263222
136224
50419
265267
58672
26016
53937
51047
48947
202667
34320
23828
45288
1256
48179
36845
200859
133352
263403
31521
42902
265894
395855
208085
35923
11653
2727
48703
57068
46954
40792
18179
57168
4646
57327
138862
40318
263473
56567
38883
28374
58796
201787
395619
198440
394850
27047
200066
29067
395123
138961
50956
22690
5376
268903
50733
201008
11784
36205
7590
200684
134917
54388
15695
18366
38634
199957
39234
1323
201569
31103
208136
264024
39151
393626
18017
202559
136012
2734
265580
52378
60503
15975
52075
22920
15624
267287
198069
49994
40484
328320
206785
10464
262438
50825
24539
62993
40154
136737
132661
5397
19386
35356
13124
41967
36832
16912
53002
58118
25286
30084
22093
38690
202192
266792
54309
267685
62754
264954
199550
11255
48014
8934
24048
61312
268940
132158
12662
37958
26660
135848
198274
266778
53900
59725
7832
132059
266382
200779
24978
203438
209241
10930
263467
13900
55761
132419
21250
207034
47625
199739
268687
34925
48965
14678
24222
27932
48918
268616
63031
265361
266961
206720
28625
134619
52576
27895
9471
11448
25455
57604
1678
197563
131253
30636
132233
268362
55678
59170
41843
199261
264187
57376
52670
203234
394627
202571
199093
46061
264740
8553
14439
45250
44213
197406
18327
46869
51410
264861
61478
268143
12271
201117
61597
24481
17028
268240
44569
17229
210129
14572
58456
336
58418
49711
51343
56428
21571
44301
132493
265903
267912
200603
8208
11799
159
199997
132543
7579
49350
262940
58196
22142
202146
16249
60708
58621
33375
61963
57490
59195
20731
137497
54602
60090
267801
269535
6172
49216
290
43566
37236
208755
135163
24352
395208
60231
64429
264565
8648
24049
52360
25081
25855
28623
52314
45735
6650
38146
25242
208945
12234
54359
46404
6362
264442
264233
268606
138707
139371
263557
61211
42891
32136
29053
11017
29337
26245
32063
55217
57722
26517
34603
6386
263793
55286
395062
28083
2647
6681
135228
37062
263814
59196
138843
24239
62235
262674
61440
134567
40443
268500
14117
52570
44254
31668
262458
37442
264186
7403
199811
63581
328092
58075
23410
135681
205537
55694
137330
47714
263609
63188
209912
24810
59415
7654
203827
200
131328
136486
51547
39848
198462
267190
263368
29761
263060
62735
56242
28154
42047
267315
54194
9223
201626
14024
394889
38069
64225
21568
262265
52590
42105
206851
23462
198387
21574
6911
266731
268645
51615
58387
52364
57995
265404
133838
10689
209811
59454
9461
23359
23961
264224
52260
31774
5111
36000
13224
20988
7281
53146
782
206456
208445
16619
21589
34577
37214
262230
38333
17715
201661
19318
269817
199195
269502
200678
32127
269238
268808
201836
137558
137473
52781
206655
40573
34963
203576
266709
267229
11520
26391
18097
45938
23889
393253
135368
20970
328354
31969
24456
264473
393949
395466
28875
42851
8387
9287
39385
132677
54478
134052
52223
200025
44093
55025
31305
3390
136013
267799
49016
29154
47161
59746
42847
61902
132045
394320
199727
15216
40588
41035
23770
43578
12185
132222
43283
12939
13657
25974
6528
16097
2737
36277
61249
48107
64281
47111
8717
49097
48725
199165
27541
48251
31892
38896
200662
203089
263901
267097
328275
268620
24368
61967
25484
55305
198377
264257
266415
10490
19601
60824
204643
18156
205530
1406
29118
33189
268367
210104
262168
32325
204148
46238
265292
22546
198114
132954
206813
30264
26621,266813
49742
55786
134320
33993
11066
267187
269445
204590
198376
6580
44516
26423
11930
37100,37599,37599
59624
6536
198507
3261
201453
45750
263509
11728
30340
267499
45673
62358
27383
269403
134798
33487
265109
206376
56377
206959
64412
36881
26243
23681
52909
395708
395502
50108
21632
47576
266275
59617
8723
38258
134860
19260
38711
269212
36624
328045
20119
46371
49796
62330
61586
263650
61714
27020
12337
327742
62614
269002
15828
10103
204792
34368
209927
52747
46609
16031
52926
64301
16050
201905
32851
62373
268868
57601
205262
264523
268678
56261
264097
5568
17213
131426
28053
262727
52016
262501
11603
266557
58231
62864
196
13998
22097
396072
57049
29694
207177
44043
58249
139610
266795
24200
200400
262244
266472
49813
4823
64091
46723
396326
45473
202045
265733
36249
36163
29551
47793
19053
196922
266951
26689
209348
41327
48288
393489
44977
49279
39297
35226
264658
48118
24185
21166
52545
51518
22605
264428
40295
200415
46151
206924
27650
64428
6535
58328
62604
136481
269381
57487
35942
47357
131107
39882
48921
1239,6939,18678,262220
394658
51347
207187
50253
17559
46918
47667
201424
48355
25438
4898
61664
26153
139600
3918
40590
61274
134128
43830
268762
30281
36590
45511
393238
28405
132049
43256
6133
206405
25472
135074
45990
4021
33070
36520
207238
29098
61040
32052
263984
44788
205293
264348
131183
200491
6737
22004
52960
202955
49937
265995
16030
34581
393494
35911
28585
133305
38754
52449
262405
43618
44930
395701
49264
54748
33734
51183
198406
20658
134700
49598
45469
267050
26264
19476
39433
200414
27783
17804
23414
52263
42041
10678
37533
62166
49919
396084
269309
395592
266651
198610
202579
266638
39996
28246
13226
208976
23871
263377
394728
22055
268570
61086
328111
62319
5734
52224
40036
49791
59010
264140
135584
56157
62566
24316
55028
18862
41133
267543
17889
268209
52617
17139
135453
206406
18724
393698
51336
23190
327772
48560
35874
264256
267671
22188
37244
7925
137842
47277
200573
133592
393241
33134
16150
61583
32171
50856
393535
64088
205473
21948
26228
43200
35106
209544
50343
37415
27178
52686
47098
26372
32887
58579
9086
203954
61209
202301
43987
267298
26526
4203010096
42794
45896
266999
208079
263302
18778
38469
49828
21789
200362
210265
43319
131738
11558
27907
140
53819
51830
27874
60676
26715
16813
38800
9798
206319
44255
263495
135796
53337
205817
262648
263496
207152
33536
22075
394664
32215
19302
50666
45670
56158
47216
43412
37340
12397
23647
36262
137660
12679
56865
264703
8167,18881,28343
45709
197068
55465
202235
17089
265809
36213
7474,17916
39545
20833
56268
264085
52365
54190
56990
53934
327818
47408
47254
138833
205349
45081
133819
53195
36369
268489
14457
12910
56617
394380
61847
36480
47995
201
266065
37902
200702
58365
269627
6647
135804
265062
23106
134272
4906
60777
51783
27142
201843
132390
28669
49696
206911
204859
138364
263904
54775
39679
27460
135626
19878
52401
59695
267025
52866
198411
12311
40358
62944
60881
206888
30780
134278
44185
202839
48149
266004
3648
37678
36695
265717
44007
199517
35297
395026
21054
56515
56173
45544
52775
47121
21016
52562
62802
2638
38833
132756
137964
6468
17366
13782
264888
137590
55418
42973
41406
37447
44633
36178
25370
24395
60788
201636
16669
22861
200752
9943
132321
34847
267193
328431
45311
267234
46656
136784
264502
17421
20040
198706
8534
33345
267407
29808
263304
24731
13382
46739
267260
262740
265897
268576
137422
267227
267099
22050
60892
48907
263328
27192
198849
138365
27747
41542
3967
16411
17725
267447
34398
23686
6423
268809
14650
266050
5576
46801
55631
510
22159
28279
15003
49289
55304
203255
207164
265782
47209
266867
35600
42769
264508
6623
19395
268768
263762
40509
49508
28863
35348
30667
28995
203534
7384
136079
132905
209094
61721
268343
17156
198447
42596
57158
1612
62225
55270
268492
27094
264355
16812
24992
52214
5488
37636
134369
23470
204923
46050
39096
48778
61004
208807
204032
394908
10038
37038
266110
52694
268025
53669
133890
205264
269551
137571
43769
9283
60624
263299
393394
43293
265892
50170
10381
265350
21973
135353
52575
47776
37526
265546
10970
263401
134010
60249
9185
29771
44273
203904
139004
51138
62027
63989
4813
328194
55729
40598
134563
267482
19790
266296
60421
8249
58363
44486
47515
33991
12580
131188
20337
132947
48789
12660
267604
32726
132403
262403
267104
267070
327941
7621
35612
16779
50718
9154
262976
57062
26974
11452
25227
23144
265767
18913
15438
134336
269414
134064
6042
57673
23296
24446
263442
12929
262798
61685
16757
264462
61515
43126
58254
133249
395711
764
61719
44733
23883
16723
5645
264023
26425
206584
207960
138719
134359
17316
48949
135919
197099
25503
16584
53048
268684
198657
10200
264705
197160
266202
42865
38507
29215
133811
36310
47680
16001
262970
7315
134451
4638
265024
265978
264539
31433
36155
32723
5749
134213
264643
204700
200502
206862
137462
60299
25934
54025
41104
268390
50940
36521
267323
1959
265069
394134
54669
204996
32029
45398
40772
264332
8452
47489
57908
395591
55951
47096
9164
23182
137572
36462
268008
38834
3095
137007
37986
14877
263196
46953
133613
1772
35048
45891
35782
203731
58881
201333
16920
207024
197779
136487
203981
9577
61873
394354
54298
19021
26090
328426
132760
200546
57659
395302
30081
327852
135805
264219
48136
263084
37364
263483
41020
17975
59056
17993
61194
63860
6106
40587
264612
131199
200318
24749
3926
265933
262589
36885
35157
62354
204007
137368
13417
35200
35133
34171
395639
39084
52713
9255
14990
6971
27483
207159
56960
63826
131262
60506
7565
61916
395635
264922
264175
27095
265969
51964
50865
6500
21975
265074
10487
24183
32242
48476
42843
208890
262281
266632
59108
197112
136095
264227
61886
205989
132513
49599
28624
50086
44715
3479
200148
134201
137428
28409
61670
52834
266033
8896
31219
265042
269558
33529
132096
52550
264907
39348
1451
20475
59417
198558
28719
57486
207064
199435
21694
18621
132582
266153
59795
34557
14481
53121
48221
134078
29396
196770
136057
45962
54588
263459
16489
201811
396194
61868
134945
133727
32576
46485
136275
14753
9822
206460
207077
202509
203302
29085
41513
50182
7795
5626
266642
52324
12676
264848
132210
13790
266289
132616
57186
132697
36086
5309
3659
27592
22534
16701
16154
54725
45333
209960
396899
262232
328279
198604
22556
265999
46126
19751
134509
57657
59278
205209
36067
58320
34549
21439
14975
267410
266673
53869
37932
395572
49066
262335
203155
136636
52205
49745
49729
207021
26818
38265
264371
53212
58366
53144
8585
205535
131361
138871
53899
28011
132640
34707
393381
60386
6828
36811
14663
264528
39039
45276
7146
135726
136763
262676
16557
266754
37712
132590
136739
42419
136291
58910
51625
36990
134296
22573
206298
53029
9931
12525
37288
199098
55642
46811
35368
395241
209741
36753
51929
13600
21798
12116
201120
46646
25978
133141
3320
395247
58766
262214
30028
52774
33176
133984
8203
49377
62404
22163
269090
265835
40157
396491
268275
263479
266217
203483
13746
32835
7751
54330
203928
202925
4832
62660
32603
56677
131149
45578
204506
205676
28146
19930
8280
15040
26628
53073
2912
18049
11250
37270
201794
8624
266479
26375
32315
47027
201997
198594
8513
262957
53744
131462
18774
267506
263100
135873
59285
262986
43446
471
133586
42868
2561
201650
57547
393370
60801
36601
208544
21766
49367
262683
205833
45508
394283
57960
17917
17048
59832
133948
14005
201833
62836
198601
6596
201246
328208
266501
49933
15065
137280
8493
25474
328057
43493
37392
37182
19226
134885
131430
264646
26622
35975
16349
42993
135875
62382
41564
263330
38580
17452
204604
19642
136664
18411
137809
9749
23666
45036
20912
44258
263837
15378
17447
15208
135874
31504
132204
262174
50135
200748
24487
268485
267004
50241
30454
390
6279
39759
14618
264584
266305
269044
61656
1104
268451
32778
132449
51391
13682
23177
199264
14768
45757
21191
3218
266519
47236
198138
50746
35895
265852
38112
133806
206983
43691
44108
28493
52481
48282
268972
10151
29679
58380
63746
39183
203859
131130
2602
45671
32877
203363
265458
34166
133971
47382
204249
207028
269528
136091
15706
29749
8767
44040
35801
53606
131148
18435
17895
262902
62058
328520
52307
8674
45273
55069
267536
24318
266396
138840
56595
136887
267558
47380
43621
394762
58816
32011
23760
40301
40778
26306
15547
40375
269356
395571
205857
37212
31037
21596
201132
40072
55145
50224
1565
201119
25183
32324
40955
131753
7453
31317
53475
49465
20372
39753
56714
134204
6821
48801
201735
198144
