53661,53661
56440
137155
57522
37686
132818
37652
133947
11741
5058
14254
46595
267403
11979
10150
266531
197143
134783
29066
56662
267031
36026
11242
209536
265499
50069
9605
52071
396497
132961
202050
201739
393898
262510
49222
267456
518
33016
203124
136177
135753
50489
12586
52584
46780
51728
198909
24491
7630
24611
21541
5693
131227
57262
12041
41030
133808
24521
8054
43272
24862
34295
7893
196955
262812
50020
41928
266167
52699
9569
61727
137790
202084
51652
40148
40287
266524
395724
264311
202305
266611
35413
34578
4250
263352
14463
19566
43991
793
50107
137389
57682
57044
265284
133905
5436
51711
38529
136938
3584
60786
210029
198834
12221
268859
134436
12013
48939
61329
23338
61879
45873
44401
16276
265087
132575
40161
20915
265885
19212
60246
55330
59169
208629
63879
199813
37511
201143
202129
18229
37102
131331
49706
134632
209837
393505
263903
57182
55943
29497
54429
8784
55363
135448
136030
136287
24659
209012
19124
264167
199840
263891
14957
264385
7151
27090
42336
47843
20320
395482
134353
46536
17705
56256
134302
133799
262689
138414
12857
26978
204124
136952
57919
137401
49929
60134
13739
136384
28954
18978
198052
202319
37010
8342
204104
38568
25281
42076
201305
38442
28590
264504
49050
136876
264379
42119
196921
31972
37251
137178
9983
62460
11980
20896
27048
62279
52220
209415
6482
395147
47358
33842
31349
29669
25593
22922
54741
15421
135194
37981
13213
263152
57033
42130
60778
267816
4678
394047
263987
32656
22711
41378
48177
262360
58485
34046
265046
204117
56571
201073
25921
263649
50254
20511
12942
267290
47521
268470
38071
136427
328197
64303
268837
263746
13727
51224
206156
21740
36873
61929
203494
32091
265839
198731
53347
395679
262567
61028
264496
265773
58344
205443
61599
131232
59928
39637
39403
54183
24592
26623
14361
395083
1484
266875
263898
7641
30107
267763
19241
25432
136300
17088
44677
135589
53246
393472
39309
269220
32326
26088
132826
27377
133319
11721
59815
42913
38510
204657
3606
393355
208476
23771
50201
55797
28269
19463
11054
265052
41181
3107
57192
47072
50668
139842
13897
201152
3301
36539
64047
19216
60764
209589
49045
55741
266251
56695
42529
137979
38379
44398
134723
28362
9058
14188
7046
31488
38005
41626
15591
197776
133252
16535
266672
26725
61423
44539
4249
21634
210099
63
262922
133188
63297
5394
24167
262882
37320
31661
44527
262430
9123
268651
57421
43461
33271
268102
198363
721
63278
198863
131279
208798
10132
10088
54257
133309
34216
267359
134877
7485
36861
135620
267273
38176
53700
265211
60462
54107
266318
40274
17770
19170
133884
49777
201683
15148
45594
39523
25923
263950
30539
42672
12232
40029
25495
15436
199808
62125
135884
33911
133196
204873
21104
51475
268778
132378
264676
53600
209456
134331
48287
265013
54501
17469
205863
205072
53998
46825
200526
5313
59831
54887
196948
42473
33849
202862
134627
11379
8347
45080
32632
33648
208919
39878
35437
43206
44421
268956
268810
264094
209065
60564
265247
13483
265554
394105
8399
395278
16616
262268
53582
25289
55340
47961
562
62490
135754
264608
16181
52870
135025
132651
37238
262518
37555
37675
132668
267828
60405
46636
62361
9756
60536
135696
263930
23096
197474
199289
12824
37378
19965
29333
210150
264929
25660
27426
201998
14988
327918
41757
38849
39135
8855
47577
46458
28000
262239
22009
12769
26926
208524
46360
8867
55222
197518
199393
268960
53053
41824
14777
101
34678
262512
12991
46621
57314
265392
61041
196816
265202
137492
201451
7828
7615
24427
35560
27538
38058
61638
206152
51188
35019
200462
264813
25003
16574
60740
41247
131352
199611
13381
132395
9199
12533
265027
24601
50999
61430
14655
9258
198173
54208
48292
265041
394327
135943
19137
2591
136736
61503
52729
22550
45436
58783
5779
18698
41631
38211
44660
32798
200072
53011
197996
24632
198992
197328
201388
37303
50368
37074
24860
792
61951
37187
52919
206952
36710
58730
11426
49471
12540
58174
268202
206683
22334
263811
203256
34106
60237
27275
4781
56664
16100
58786
34003
394923
46906
133271
137322
395691
59859
197431
28327
22121
203263
52877
199491
200609
263210
36118
1468
22231
24728
11489
395594
31974
263154
34268
17372
55195
39692
198438
131325
11385
38681
53003
1116
267580
34863
13725
36338
18001
57370
36532
59941
204443
44620
19618
206835
44662
57899
208196
397582
16552
18087
61345
265908
46606
201444
135171
62406
59874
135091
24559
132634
62282
135898
132686
265590
134803
41998
10421
267686
268683
202545
49110
1563
207144
40871
134307
393664
25534
56701
266980
196782
328154
59179
10984
63251
34021
30010
3813
263423
266265
134733
54426
47886
264867
262503
205984
263694
132613
16692
327949
37697
23313
136692
269006
203359
269311
33681
134928
60660
47198
203676
24822
693
1347
328528
36456
201105
206638
135104
201902
35843
33202
15034
17753
138917
198455
37385
8788
200306
53096
35459
33693
17669
59720
6868
263492
49521
27921
43698
264065
2714
47256
203165
52347
268405
265061
262279
36813
36820
20625
29570
20603
38144
60014
200700
44115
197805
59522
6973
138915
199203
196979
132469
9463
206389
40330
17619
57015
3313
266721
31707
41301
11724
57964
57498
202503
263474
2650
63467
9155
21336
9738
43082
265501
38764
38629
9763
39313
4040
265187
26029
136065
63840
204151
3800
61880
393550
26052
33192
39195
56699
262375
264675
57200
208421
40230
60451
18678,52280,262220
133339
32761
28019
58738
138095
13979
135494
34164
266038
12647
399
268756
17031
63060
262934
137098
153
61475
134744
42316
138073
60051
42361
62379
31549
39006
203231
28079
264161
22936
264717
50064
133193
15230
20328
13629
1631
204927
21075
32457
18467
327783
24849
268670
48013
26893
45780
133082
8188
34226
49682
23800
269113
135115
57052
43124
21701
199007
328271
269633
38782
18948
13621
45804
201189
41218
57353
58290
262506
64067
56467
11409
209306
199434
24516
47883
262338
12275
39550
29451
7743
262788
31304
204652
12445
395209
20182
200123
263653
36991
61658
46615
38389
267858
38902
35266
268563
264279
47751
268594
62796
265719
49642
18469
5958
59267
30067
133199
262486
327871
202632
3131
397783
393248
14314
46645
394427
20284
28587
52805
61773
20836
28577
4267
23769
263251
138786
62036
14845
59098
33778
8038
135932
269331
38212
6289
201844
47289
26262
263276
49130
190
23655
13373
32521
8175
206942
266649
2669
3163
43749
1616
62078
7767
135561
136500
56253
265867
264941
47287
48494
136320
11240
136086
200899
266877
23402
13317
264228
138711
262213
52827
11986
4039
63394
64259
53727
40941
265032
196749
263155
44894
135107
55260
9686
43262
13549
19422
35452
60748
40798
6594
62505
197217
263562
135164
28123
328316
12310
46478
42159
201261
267546
51522
132254
205096
263137
136717
36137
394474
46622
267831
133440
139284
37313
198163
30016
52367
23510
21107
397545
58256
13285
262849
43265
55706
49671
394209
36808
131177
135586
42761
14239
5311
136122
42359
50892
61908
267488
24743
4515
262404
10545
24306
36446
11947
134656
39319
37541
56851
26125
264461
197083
50886
10779
11427
50364
265268
22883
45379
268270
395120
35516
205769
2875
206097
267942
393864
19096
205062
204553
263338
199933
37454
24209
3769
44095
267585
42934
201490
203663
36306
9501
264536
16760
268583
16887
59164
16470
28186
31577
205510
24537
4843
266985
52744
199767
61989
34087
24141
58189
9202
23678
264197
210061
136330
62443
53008
137119
62069
12155
266537
264738
268312
209476
136372
36702
263914
264160
9326
30925
51511
42293
201600
134418
59623
137925
37466
137
138575
9158
59888
61761
264842
20535
137312
197743
264296
50381
203702
51371
34958
25767
39952
134879
14085
397445
133238
23693
2906
2595
4830
42628
31141
24205
41113
28646
17934
58964
55219
397543
61895
36529
22665
198592
56399
60179
206506
262451
210208
57287
42449
51583
197240
11138
42873
56983
1828
22374
264389
11222
206764
16958
11168
47328
1932
4454
45710
205961
39611
262638
9143
199447
35260
203635
56569
264906
266213
15843
266491
16169
9162
47660
48382
209675
51018
8728
35941
62299
132540
22767
30218
46886
44704
1442
6079
50318
204306
55482
49688
31126
52565
38719
44828
23927
205601
42689
59749
8881
43056
29872
268046
12328
206122
59081
31115
13851
34991
22419
204260
64092
11425
58074
16590
268399
56169
33618
36368
267147
45025
32897
57113
25199
262654
28058
26192
199313
263842
135781
264917
39407
20387
42575
15202
201567
59590
174
58654
200486
199780
49440
39469
45416
263962
6142
9848
37071
209977
63436
36722
38947
45715
31171
396882
268200
47651
203684
28391
33731
393362
327984
133512
52656
266138
203500
268715
200000
137173
268146
43931
25858
263627
11514
46487
203557
262974
23263
199819
135864
266023
51784
57109
200458
43502
42614
1848
62262
16866
39658
205582
378
57224
31011
38399
8757
17385
396939
138297
32064
45110
25849
56400
262837
63655
37048
54658
36642
40847
131655
133741
131784
59292
136479
41802
36501
55687
52231
18610
29527
200872
60753
198139
46497
21894
61753
24065
15740
328436
14360
52911
264152
266401
50247
199600
137383
50770
17116
263081
50212
264289
268661
59527
5414
57141
199745
132335
16115
39267
43607
39184
48090
262310
39967
23242
28982
53764
264192
266056
27622
32577
31953
7600
41210
48598
265218
19844
48172
204421
133923
11190
266014
262690
57767
16347
267071
266325
61909
17492
138029
205071
16364
11562
204791
267486
31825
266391
62729
269415
15130
25525
208071
21628
266269
262793
6379
36957
30082
32181
10249
60164
265141
44617
52695
264195
14109
58267
24936
51977
20649
34789
56329
51795
203274
9459
28311
264823
48524
59469
61007
63153
262948
38381
262875
22613
7912
45558
21746
267597
33612
48885
198982
9318
204857
396215
40931
44582
34221
266815
49878
12327
394156
34008
12657
202984
28635
30162
606
267038
40361
1286
206312
268970
44286
264577
27242
30404
51686
62488
56298
64044
15832
328497
206866
387
309
268276
267204
202956
31443
12884
62353
26030
10035
13364
135522
264367
33779
31045
22912
37191
25412
39142
42888
51225
61206
206867
206208
54488
135748
28243
63093
37063
24558
196670
26751
61203
4158
24573
51455
25804
51076
9381
198537
49799
27066
59362
12400
59777
45163
44281
29117
196853
394797
42422
134691
57740
33550
328264
205922
10357
3402
42570
198090
393839
262616
263058
134890
132801
264290
51742
5418
328171
62852
25407
14725
269165
269422
52563
198147
205832
201637
9080
28651
19657
40070
54032
58128
32837
200954
17261
12765
2154
197361
196807
64108
46495
137100
199860
7415
14568
269847
54036
197058
29966
265718
4873
64072
18111
16471
57208
201308
31364
396220
55658
38708
14389
268294
268528
45753
132123
23534
267143
57480
269199
56390
43295
10152
262766
42705
199053
50392
46450
198899
205805
38238
60266
135257
24973
2278
10497
18038
34190
26685
6629
53909
264792
14138
8410
268508
57873
23746
266060
32878
48411
133014
13443
1798
266311
42506
34352
34974
132759
205843
37308
209148
38856
36615
266994
203484
23087
133009
204056
25489
201786
396958
17817
135110
203841
59866
17401
40727
797
37974
54790
9357
9104
28023
198047
43557
58400
138304
138163
138541
32396
197007
266259
209049
672
15415
199644
35059
53416
268529
395663
35091
25952
35613
263102
28749
19551
265866
135865
206671
33396
29756
46512
36914
52320
264602
44722
198270
7479
4201
62290
266765
264330
56193
268424
200595
266453
138159
266483
197640
36828
39176
1226
394987
32260
265556
20145
264793
6327
267152
267184
11018
24989
48191
134409
267199
207047
134428
268995
19024
34700
133460
22241
132676
22706
9077
133001
36904
50505
393281
41162
268108
269367
198164
52403
54687
21826
38584
49524
264028
19169
199364
19171
40204
394373
264107
24376
63517
197645
57990
138087
41423
138965
138097
50425
395130
19837
12616,204041
61832
266379
132199
8435
24176
29129
10122
133031
53123
49984
16904
199475
199928
43342
62380
22128
61846
1456
17319
57562
55076
133361
26369
14340
51962
205828
327938
4886
202055
58469
18173
21069
266869
24602
13732
56523
15773
3562
197780
57924
197988
137584
52762
133624
28592
52801
60663
29866
132257
12360
268848
268480
201259
264305
15720
23721
138354
7512
42497
264545
19447
394338
54042
60894
268197
327804
18569
31214
5402
18206
51291
202460
17012
268522
27500
263665
45057
135320
27791
22821
149
28160
268392
59676
24287
58615
135509
3348
44522
133807
22634
53113
37564
267176
138860
25832
49536
48646
29297
266881
22660
266438
63585
12956
21982
137586
28264
61397
396853
25932
37620
208495
19945
263120
11867
7086
197353
29128
55847
40696
138398
24685
52605
38390
327898
268095
8103
203652
264432
56995
208533
63440
31790
204832
52103
46711
22764
44475
35323
53163
208454
395819
3852
134617
43667
138261
45808
48743
47854
197392
14046
132776
16147
131418
49445
42910
33264
7106
33929
64463
268277
2025
22844
53245
52660
24693
9365
136345
15490
9157
395291
40536
44814
23550
201574
52697
34456
46328
137011
58073
58789
38148
28049
136574
269536
7567
64302
198963
35213
41707
199057
61289
264318
37521
39230
60652
267435
34356
46069
266513
62281
61014
58445
19726
50752
198513
26185
777
53239
52845
136748
33480
205050
262734
394849
13427
15463
19991
