137828
25761
57492
394109
10075
137273
37935
52165
49979
4868
206766
198420
262533
33619
42688
1836
3203
18023
50251
47612
393606
26520
264191
62758
23839
30064
28726
266394
8507
208647
200437
42687
48679
132800
31990
13703
131711
34633
201150
40246
2614
203868
52717
8255
1598
46073
267476
52060
61976
200869
201106
25186
24709
327849
62019
40121
269275
26887
4839
197028
206245
40100
15360
12104
265072
41749
63425
24514
53138
135383
133259
134049
56786
45545
209063
197823
19626
394539
22255
42815
32256
33690
200450
42583
28100
17888
47628
208412
25147
35742
328270
37484
262228
43675
14387
56301
132253
19460
26598
1297
268242
200336
33730
264079
36937
268939
394007
202960
29672
44061
38033
135789
63848
266443
200035
263797
137282
19342
37203
137500
42164
19062
48720
55994
36119
200906
268468
35363
55792
23816
37121
6195
135449
61838
263397
263526
5431
209871
206354
45554
63340
10004
11712
46567
204997
136647
201946
266122
206963
263625
62215
49821
200576
198803
38220
49417
203900
198696
7492
328432
37944
60735
56705
7163
42003
42211
47310
35499
135905
37428
266495
20174
264937
266482
269144
264724
26734
42730
205867
28752
131602
198896
393686
47102
62420
20817
203100
262155
199569
263342
33493
62186
138145
51996
327809
22604
5091
36943
38283
31163
263952
393305
57841
51377
31896
202359
16792
52973
38848
37985
27283
394192
20101
266893
52399
39815
198945
52106
48194
53722
27219
48434
262883
26996
16849
24652
197476
135985
5994
53612
41288
27855
34666
45351
53560
10615
40026
8373
264412
55181
13303
32610
9627
51226
138335
136267
28247
9711
46367
51528
206502
137591
45008
56513
60161
395487
267825
263701
266644
24051
59503
269436
327794
32985
138361
266848
205148
262388
34780
136642
22147
138671
134804
7650
263056
9116
268511
25603
30823
133028
53567
133178
18798
38847
210224
262482
199594
139769
166
28164
2534
37602
207202
17887
203765
208365
63648
136794
9877
36374
397687
327991
265295
266998
43101
267415
23064
267329
27677
203543
42397
53609
29340
23700
207966
198574
264486
134190
137939
17082
55480
19073
36258
4261
264384
267424
268096
18567
197305
139213
30113
4765
46792
56041
61893
17466
49449
137528
18164
35885
48209
32661
44215
41385
262711
137634
49842
47909
137135
205896
266422
55295
17832
59270
12659
42512
29936
37591
64054
197169
45996
61177
266192
16176
43684
397651
13628
57102
48629
51469
263010
4866
205491
19390
268526
48617
264780
135597
135578
17854
327791
200069
132873
8267
36666
31624
58403
41446
63018
33999
263875
49443
14840
267308
264361
174,1299,3223
200165
30707
21682
265985
63175
38676
268753
33370
26608
134186
52425
133961
15063
38573
208485
202090
13011
31756
393652
135872
132198
15755
42807
17190
133186
207980
33099
28438
14366
44870
3836
47960
43670
33403
36883
2905
11793
9167
49883
268694
6908
397539
198314
57448
198593
60627
135006
28208
44493
263861
203848
209300
47352
44928
9227
266032
48438
59287
201900
394812
266340
47638
14153
48763
262785
43686
43058
266302
264011
50520
7162
203654
31468
22588
47344
21944
53050
393750
199975
264587
36661
29746
11702
44592
62662
135766
205523
64229
43561
14733
3734
393527
266594
21908
33606
42853
59675
264236
58103
23362
393582
27771
26138
44001
46252
22485
54944
139602
137294
56444
266923
5061
200513
37457
47076
13389
268235
53905
266664
38319
132886
34400
62527
52685
61914
25851
64427
267564
49964
55736
58187
29649
11990
57742
49430
55698
63963
393906
201369
48541
201744
37483
136735
32559
198996
56711
52495
29068
267330
28645
33788
269418
393417
49011
11043
14070
27481
264401
29774
138710
31585
23468
200307
52772
45264
19679
28846
52501
30826
32392
61844
14212
11972
19054
38489
201812
34011
46183
47213
58219
265340
52506
265877
19227
52630
29972
199841
48101
134785
202128
133854
61777
23097
62048
35221
136058
35347
5722
209182
15704
136219
29838
265891
264117
262504
29614
60450
137126
265183
50436
21391
52051
137817
23497
396975
26486
4809
21140
38000
132394
137873
136130
28039
9441
62119
262449
265043
24504
20068
48007
268893
201179
268629
27155
13977
44257
1201
36547
2721
15442
29545
39032
60062
1261
201363
132915
51151
56449
263941
262565
8291
132761
268090
203911
393885
59530
38124
42136
199728
4314
2259
204406
138007
59162
17019
46991
267192
393533
138407
201701
50052
327687
17356
45906
27627
267228
22260
266175
266552
19251
48264
62351
158
23599
37155
59517
48482
41612
8400
29054
197816
199590
22961
1814
133724
265329
131235
36447
27948
204655
393931
59867
136831
262264
202025
62130
11488
24840
263751
266364
136277
44597
50309
36807
136678
8458
266546
44918
262899
52522
135039
57383
4800
209141
7132
51654
267007
35339
22228
135118
14750
48359
24289
12479
393434
264053
197965
6128
1289
59634
265889
200889
56497
62977
57699
9432
138070
55854
20146
52916
201772
199651
53100
262898
133498
30423
56072
54377
55153
38958
59757
266532
41661
39169
200459
50155
16084
263612
32649
35965
204784
197335
106
203097
46055
48910
64460
200759
6898
264858
267162
267599
54474
201176
19997
63981
396367
264260
137371
132935
133492
20132
135208
18523
19863
266295
134159
198013
395876
57612
17043
50321
30761
41065
49858
13844
32107
51093
269245
4841
3144
16618
133381
47187
393781
24707
393655
37412
15288
53190
23890
262651
266341
42898
269089
202480
27768
135467
41483
16333
12260
54529
19744
266516
202994
263135
39954
10721
54574
268510
265010
196620
8346
208072
197117
9929
24324
32618
24560
138392
2208
134246
20252
59898
34102
13431
40118
209246
27017
7834
38298
205518
6062
22352
266955
197043
2165
202118
62151
25411
397113
132078
51080
62560
24440
47309
6849
203156
57132
33485
29237
56082
49687
196860
7131
132787
44318
59482
264741
56997
30030
266870
9422
46891
204339
31733
264303
41745
51235
45899
56541
198253
267271
61797
22726
198492
266541
18313
262617
133648
268902
58432
136808
45903
28077
42979
61867
18859
52734
49603
62820
41659
206877
35574
48195
40734
267062
268271
205
16117
46591
48806
45910
198498
14333
138835
59437
205651
54154
206499
17200
52807
34522
13846
12789
202583
21390
27811
8981
63410
393496
29196
5541
44543
24030
24413
47196
267262
9098
32932
11555
43743
41087
11942
138944
49442
32056
6035
51269
137069
46120
62649
19364
395148
209056
38549
37323
16016
264264
262406
11740
62044
2603
131276
56822
263978
31416
131092
226
131329
132314
202560
30955
51068
61389
11097
18600
31477
19940
30693
267037
50297
63069
31378
52465
137318
137610
30536
6855
208058
57289
51663
49913
25325
22234
61042
40933
49354
4434
19
26731
61824
7045
264073
134842
265452
196945
199255
62185
21729
35335
135045
49816
263008
263285
8591
54476
18522
54673
39087
2590
45942
131109
262559
43369
264166
269071
43546
15553
51756
203946
31019
204938
136688
20793
139027
266780
199094
5591
327728
10050
49801
31738
201675
37276
61979
18395
45205
265858
44963
44407
137238
53174
206712
48458
18505
44902
138522
136370
44611
38155
202054
23650
49432
46601
200736
27173
265253
45425
47643
49906
44387
26363
268301
202421
1819
265249
198732
59844
44011
203195
57718
51122
39529
265313
202204
23724
11798
38515
11297
262866
9419
12241
766
133848
53210
266073
57018
49790
48170
207254
22658
262644
44851
263828
52052
197672
39576
8278
62243
55592
25697
27201
4587
264320
12148
202033
14898
17422
56916
51629
50632
7296
206697
139650
46971
138498
44965
59504
45169
34390
36996
53453
28529
265125
56727
61026
15780
264213
207093
27912
265405
11659
54506
57239
137405
12693
55032
58438
205766
205100
34764
267251
16805
43700
264642
43680
50029
264165
266488
28117
45983
266860
60998
29405
266206
197818
44558
18728
328215
32305
15987
58684
46220
198611
12197
18234
48802
34742
35878
12507
47385
136742
328527
131562
135420
56155
209555
200081
34544
200093
47795
19370
38314
267988
30170
132295
36934
42199
27926
50643
3181
57187
52722
37674
6551
263620
35615
200653
263790
48585
31267
196740
394791
204476
13859
60825
201684
7029
264001
132646
133953
268844
262964
44125
40101
132430
31005
53701
266467
266105
263906
395971
49095
51678
22693
6431
57775
12341
135232
262649
209626
134939
16247
44515
26079
135024
61092
15982
48111
29975
266578
328327
201986
264451
266144
26803
92937
202977
12989
20645
47635
24574
53213
19125
47664
265235
50427
132106
53125
262223
268194
32972
135220
198345
198798
54864
49910
268748
54642
328469
10702
44897
208810
268385
265697
6453
40907
267268
4926
269108
265509
38695
43863
63013
198171
328131
61642
26139
33881
4528
266355
269091
16223
7004
28897
42451
51210
5090
47846
207104
206590
49748
31726
17657
31713
43829
199844
36316
40496
328353
328010
134036
46962
4855
136426
63954
22270
266526
201862
21037
206087
135090
1873
131299
1222
33054
45302
41319
264704
393832
199513
138990
269016
43151
206090
204420
48976
267461
51029
41854
8655
62807
266350
9676
205790
17843
9746
197331
58694
53022
44415
53912
56312
32976
42572
132701
41591
42468
133285
208866
15249
202470
268070
203103
27913
22592
328289
268153
4833
48164
42268
57516
34147
14910
15497
63681
266890
11613
135261
265849
62753
205516
131440
40526
23111
22829
20343
63270
138640
34426
394580
393696
9876
22731
201668
199266
49195
134303
137989
25406
49544
204187
263734
49786
136165
12798
21883
18871
134372
28059
267232
45291
44906
328019
24535
52850
37012
327
58090
34874
14334
369
39351
7438
14996
328322
7105
134007
132724
24217
50188
396551
396080
20485
267480
40166
60257
132878
39522
267274
5966
8578
8866
47034
30982
203038
206740
14979
49626
264453
4755,9583,17917,38546
51803
45595
31061
199723
22434
11057
29000
58240
62917
50977
15735
21096
25373
54688
60513
52597
133845
17920
44874
19677
52148
27464
3257
36324
61941
29640
264791
136455
56141
57766
59526
3222
32467
24597
26554
62323
265271
33470
35780
20261
20118
27226
29233
23485
266648
264009
138016
30132
30721
1502
34971
3257,40676
62478
14336
49551
138675
4581
206703
39874
131728
49749
1241
197515
1970
35523
263345
7184
4566
34989
56524
269180
47104
30128
10278
40032
9833
47746
26116
20426
7358
132927
38577
35747
133955
24225
397866
198152
39673
133375
37465
198681
11349
138476
57636
62825
17408
6488
8632
30483
21691
134662
18157
267087
25002
202060
28769
60414
267195
264652
26324
42481
266728
62256
396365
203861
26599
138225
26346
201795
394777
61860
59396
132692
50233
136251
14003
58622
138060
19335
201643
38313
131422
43299
15839
50767
132990
1708
61811
53957
26747
206782
18412
266280
45459
196950
200082
204611
51983
135760
26654
266403
132504
2897
203688
64305
23197
13495
198366
135445
29469
50129
56708
262622
204824
44578
50204
44882
60983
201220
328244
268422
10046
28139
22884
53625
264068
48687
12381
26012
30978
7270
40156
23047
43463
46696
30282
263445
200762
50008
53684
266945
206326
204562
56680
44696
53194
395415
35767
33771
24680
55472
59367
262863
59959
53361
263354
7195
53724
616
16526
50214
263673
43223
134766
264351
132209
45785
17493
263661
26343
52676
24195
208498
327797
39774
1618
203198
199483
31631
38488
208306
49841
17495
61862
206413
31218
267150
17393
45194
57019
203860
393404
136652
9464
395607
32233
21376
263522
19966
17380
131391
33995
21639
5078
41605
265035
266583
8603
203008
7513
23454
19833
56371
52853
63680
48206
16973
48784
267661
264732
203409
60604
36257
137439
27390
137197
5577
4769
35402
394098
137868
43893
35730
13760
198760
56876
45403
134861
38615
56489
12054
267113
206861
31247
745
34755
199359
28265
268286
51211
50325
49385
53395
31747
28618
49301
52487
61970
137163
4661
34768
13904
206692
58641
63224
55690
27727
44337
30453
263686
37936
39855
58944
34569
62477
267413
12167
132527
266774
19574
263847
62121
55344
32885
198771
43726
210287
29680
24641
263256
197654
56257
136583
16245
35787
266397
49571
61649
12297
265357
202792
204799
39044
32540
56131
42818
10962
21758
56127
13989
136230
205388
263752
133752
133954
30586
327738
131999
209214
42715
8913
27200
16848
36514
200084
31716
135005
25682
5265
265641
39290
204103
395911
56788
14573
19157
204101
39836
394470
16468
13882
266813
52933
30471
18722
8936
28309
269485
199598
4556
266528
37005
268610
33717
197869
29900
134118
201578
31362
198468
205217
43631
262720
49252
41548
46079
41691
33343
205691
131785
205992
198210
63523
28068
393735
38781
393531
203430
137467
5507
19939
1942
63730
328166
5088
267576
263849
204139
31514
268117
18284
206471
263392
264409
31479
264503
24837
139249
393353
58599
49838
31000
395146
24005
28404
204585
34542
267438
59886
41049
266316
27577
18215
27987
137635
52233
395813
34732
22102
35917
34405
25052
33973
39156
203478
131758
198975
11038
45794
23565
266930
138964
27304
47952
394468
44684
29827
10036
26787
9831
9655
23520
38654
466
265363
63222
46269
269237
13745
19428
133493
32380
64227
200878
265107
269731
10532
52447
45166
14071
9041
198891
37009
8126
62563
202939
3557
50855
20947
53553
267559
32126
54646
51911
136669
12347
208302
266758
41360
25001
53007
33764
266582
393850
32491
3257,16735,18747,22381
21173
53595
396521
33588
23505
21967
137287
40861
267636
131415
52480
133926
43727
51942
36024
17701
269127
