267213
13951
35910
30166
22518
46280
133370
134651
11996
269225
57624
265298
11272
58115
265368
34379
262989
328021
10634
54238
45696
133227
63255
61688
264481
198248
197897
57942
204438
268544
268582
208637
26345
53667
31593
202287
268302
199286
393407
267122
265124
132370
132464
42808
268354
204011
266534
20676
267563
46826
266109
197828
61015
60535
52253
202829
204133
40801
200819
11694
203396
60144
44425
16083
18954
47441
268503
197667
19068
30690
44866
265480
263512
43925
24106
36869
201319
11259
52228
26532
394118
196847
24207
7333
64449
132027
36776
267446
8228
269752
33132
11006
264353
2768
137423
262206
132796
28219
50466
29259
328088
523
264396
60123
14570
11383
204867
137629
206084
268292
25379
56031
136645
44141
262776
63062
41984
202812
15641
41166
27925
61189
262598
267948
210246
33801
286
201191
134322
2859
395552
262549
11368
35795
267367
51815
268172
265939
134874
39573
2832
20684
60438
137138
200756
134047
4511
134038
33268
46632
5586
26804
53313
60985
11028
14774
6598
203086
15892
51256
132053
34562
23472
201072
198454
51993
42523
264424
262990
135855
63263
269036
4766
19133
39494
210066
266179
269416
49109
13791
29632
40477
27656
269429
19840
266440
134978
25189
131429
196970
268971
268173
269027
19898
139008
27897
31829
313
267584
262900
2147
3287
264356
42883
44503
51341
264221
8920
60982
197015
199127
132792
11625
34904
264002
36463
139403
42966
28681
267713
268712
135524
268928
11236
267317
64421
19537
52721
60728
208794
262806
262687
60165
395913
203832
52543
60828
60368
61407
18918
136935
202777
43240
52873
26589
17816
25999
24435
28121
131246
19568
268077
56562
52758
135221
138740
60306
35463
393936
132192
12128
264580
198396
263267
49872
14226
16685
62904
267408
177
52402
53492
24154
131403
263853
393744
51973
46264
37427
394927
58335
201838
55982
200790
131746
198902
206752
209277
134535
27693
132652
57717
55904
28804
266242
60441
208935
11686
34600
59616
38210
64245
47074
137209
59686
17325
43801
16430
266294
47583
52731
328038
44278
55833
22174
49161
48734
24093
327739
201670
13329
14535
58523
38839
197714
202671
54512
208273
17074
268051
133295
47377
396318
198672
47637
34630
202234
24084
7349
264433
21127
50898
268867
263576
37296
15663
55552
199713
39642
264435
206984
265398
49150
63131
7080
4776
197123
50005
23522
24993
394713
200129
45296
265233
267172
33284
397174
12265
206328
266381
396151
201960
263766
56495
266257
44686
135366
268001
64242
39659
62734
16543
45220
36853
16761
5385
44310
1723
132437
268457
132068
11993
37615
14890
60034
264697
20249
135826
28211
81
35051
41566
7160
327813
328121
395463
327756
135869
13694
35145
265519
19074
59585
30572
395378
36401
50581
38107
45916
60030
138127
37101
265095
263570
13671
11939
265770
17539
33701
22314
23750
40142
263920
43945
57070
198695
59937
206445
397412
51008
61000
134094
19796
383
2164
45694
6095
137606
203852
262893
197342
265006
61083
30341
133002
23254
52356
39126
32915
47613
262517
34250
30987
55307
41572
50497
17246
58105
394298
12565
9251
199013
13530
43005
34076
48506
197573
262489
9559
22105
267049
265930
43936
395901
5408
9497
23194
133405
203252
263926
2503
43777
136885
58862
48263
17613
134379
23105
61082
1453
25320
48146
263359
23341
263736
203291
30830
204441
31246
16880
134749
267619
266490
63923
3653
62000
45400
10250
58623
37895
263537
59724
204724
54102
197658
15682
32347
27085
21565
20216
47899
37061
61225
328026
136029
41616
199252
57628
266204
1965
269310
58901
17293
62946
31224
61204
327777
398083
33105
137456
49658
268688
202586
200805
6576
205554
328109
6410
268604
132742
29195
43072
22696
196818
12418
40704
6167
49185
60714
6082
29748
28747
44323
263960
3955
48938
201553
26665
43147
45487
15697
35012
265643
132047
263163
264083
58655
206838
9584
27533
9405
52698
20905
31357
34743
25306
8775
25441
28917
267340
208385
133844
264993
264598
40342
43917
50473
262465
49718
135553
57794
52957
14906
264012
41285
264130
6874
41530
198622
7310
394977
37057
28477
206772
12592
25128
12976
90210
138333
133388
200270
54966
55832
61633
44224
43090
34752
204161
197433
36550
2048
201348
44018
23123
32123
23735
36694
267600
9772
9345
269192
263975
205809
30274
18924
52370
10076
393559
265214
266741
267498
17427
30116
28571
134788
17197
47444
52813
8727
20664
37326
3784
200421
59619
133134
137443
18324
268086
11025
44914
327798
28787
200944
49717
267444
56855
56270
16746
48716
51461
36924
56935
51146
55413
24955
28245
50428
52560
262848
19528
201201
16943
132596
42140
64235
9031
17314
394563
11938
59138
8008
265034
269111
133744
60603
44360
206008
57803
63197
44925
44999
29822
9260
57228
2860
263179
14104
36467
267216
56845
22326
9834
206042
263181
269004
201002
138717
56144
13383
264314
208772
262534
39472
48157
546
32145
22858
52383
52464
264402
40225
134348
264702
58516
262356
267441
269123
19201
27995
208886
328261
264382
18429
7152
33786
51283
267440
17511
264430
132986
16999
11509
9095
199581
56254
64012
35773
21497
52839
45443
199737
395066
200536
269328
45484
54354
264030
22359
27956
61126
58575
6658
28675
23140
41119
23584
42091
131442
46867
24341
31034
134982
12648
59628
60197
38700
262302
20756
133000
262805
42919
205176
7607
136115
53259
41331
34395
41723
37173
21642
31605
63468
262322
12440
264438
28399
6405
39536
196714
9970
53634
37081
138579
28889
24910
3333
43139
262259
9873
55947
47523
3352
56383
19207
28262
13698
198002
57280
58044
50804
136842
137974
267669
59463
263252
135577
15321
1102
58033
137431
28346
58054
138886
21485
52943
61226
264912
16231
48147
53988
14822
43330
10133
29146
17233
33208
58419
395905
61481
200785
266048
40620
135820
203985
46309
50739
262354
13644
132872
262362
44317
38943
61469
61059
134297
51572
32635
10457
53489
18171
23844
202076
16972
55723
263944
11825
15258
23730
262888
31913
52448
200003
39530
205195
132111
327925
328269
6653
136733
14672
268027
138357
138824
263703
201107
39828
206815
61400
26905
12626
63259
8180
26349
393804
41405
15670
395582
56018
137566
28581
201496
49138
269291
396012
197146
12182
33463
137099
47544
41271
202453
55112
199993
40220
40983
266735
49090
393710
7328
393564
138262
53674
41490
263292
43560
204060
265020
23050
262579
204014
134151
198444
265068
38740
28597
52771
43022
33732
395162
13075
49575
207058
203146
56909
59141
30266
52295
55476
19233
57660
12831
47447
22086
28230
60020
197309
133824
40762
7361
26882
59383
12113
27872
16315
747
59210
50611
59318
57893
327717
265754
267529
14091
15191
31379
26234
49
12110
200810
204463
57986
139072
56554
60717
59163
676
61098
32847
137466
132821
53774
28519
43725
38038
47654
56285
34498
397529
39365
48167
29277
206174
265128
54340
265836
14026
35350
28300
264870
57729
263897
132323
328387
52998
208925
49506
266940
206841
396233
46865
54179
20583
18745
3043
265315
30153
11647
56815
327927
210225
61410
134544
47832
136587
137823
394343
63313
2730
133419
204649
265789
132040
63868
63617
47967
29933
267226
133738
39863
38522
206444
263367
24216
136617
46472
204263
8443
40853
262724
269382
197248
17639
50271
208612
204608
11014
395574
30815
50232
40926
63956
395425
2043
53157
136677
263757
41311
6866
11071
262876
136477
262841
3651
18806
394050
266671
37603
31173
263538
31287
32152
15632
198910
207111
266430
136908
54477
15723
22888
52602
54763
9308
30682
10999
34119
196824
35063
9950
59946
14365
30427
63178
395998
266365
14985
37354
137286
48012
269771
62339
393298
17453
393441
44375
18325
200746
26674
131653
264050
204595
33667
132892
203323
328074
43567
4475
263616
62218
3525
63741
36912
53423
265397
52784
7588
10788
265170
133809
49076
265886
9513
132196
15395
31786
15397
15599
200147
60182
9680
61743
268446
48271
265815
205988
5961
204798
30735
198694
45627
269794
1378
15614
264203
23772
209896
12958
43203
396831
205643
39001
38048
196636
199218
62952
13208
21599
19832
54430
42522
202321
132435
199386
131933
30967
1432
9299
47463
27265
393339
57293
29571
24101
13376
34415
9632
28232
393917
269249
109
132984
133722
53324
12529
39845
50794
135311
201966
136128
51243
132753
264018
266423
3731
29404
58758
199541
28277
9575
2516
264526
49491
42855
21892
201155
328494
54990
262573
35039
46580
11693
53628
8048
202693
6968
200137
57641
2549
58148
44441
57797
268829
58822
36256
264967
40754
17670
60489
205382
14940
52874
16527
9737
136847
205824
53087
28947
58416
18618
19419
328249
60473
204035
268088
131719
63422
266437
267946
135290
57812
15617
15149
35002
44444
51848
30722
45993
12764
36877
61144
205348
45176
61821
14507
197579
27514
18046
58713
47434
32860
10886
135371
56710
38855
205374
24210
266617
4317
136317
8764
5839
202038
20009
133292
9558
22522
204228
204560
208181
268155
201109
16475
13092
134906
134714
8402
11286
10337
63964
53566
34269
7019
266128
267540
208788
266974
17586
263009
60067
266905
198079
17095
268789
58794
34661
47549
37661
133530
4055
64021
39732
203344
17169
201916
23673
37362
134012
60155
136745
139251
18257
28218
198106
16577
21705
50237
394979
18220
9312
30151
34905
196812
22103
24922
15141
135971
8137
135747
395343
135256
328211
205746
13819
206596
26271
61592
263015
204755
6724
26808
60011
205650
47451
134894
394723
47871
28400
266054
210197
35050
17660
27596
19347
27661
328204
19097
12426
51241
31770
5537
24437
199082
41931
21352
204674
27868
19763
28052
49547
198985
25612
37638
133099
27943
15301
61672
37075
136609
262658
19034
54841
135191
22976
47462
348
43639
12124
25956
17206
19482
27023
267788
22330
2198
132553
64500
26048
6882
52579
137652
61482
133605
23818
12841
328080
33423
57362
131371
44683
133149
27851
42700
35597
54800
18741
328441
134257
47189
43055
12268
132263
206598
58457
47957
26455
55478
264159
61573
198352
138143
6561
62171
10570
29903
4557
264607
42019
55092
16080
53602
201536
397216
29214
18966
26606
266343
134643
197358
39150
196676
51101
208560
53224
138896
36788
269829
2457
137490
209364
52414
262318
20870
1290
62280
131259
45540
196830
37889
27975
46502
55401
203287
50014
138178
13055
34501
36070
32031
47506
201373
394868
139076
132707
21061
263867
6337
29178
25070
30782
263583
53167
60879
11529
43028
25816
266816
204253
38494
52910
40638
265017
19009
53712
11285
53004
36358
266556
61243
57979
394548
51925
61800
133736
50272
52133
208931
17007
63752
20719
200482
30621
199869
32442
49691
35676
35395
6994
52681
19554
59133
22136
327729
11178
60395
32802
47323
15479
268763
200783
327975
37490
21656
393880
58644
265297
139302
49655
327770
269175
57343
268333
56996
15768
209309
39109
43904
396142
60752
14720
5101
43529
42097
21688
58266
45854
13113
43962
262657
52974
8697
24193
197145
62293
24721
40449
30017
393796
25531
13752
11752
12075
206027
54978
203232
393491
29986
9809
204147
24750
265459
24251
29400
42108
11090
134167
46861
266164
6848
263051
131222
60554
22752
16525
43131
204817
27291
133114
268545
47522
201000
6840
264962
394575
25653
31054
19864
40524
202682
35393
58080
44831
61510
9562
17964
265793
55855
39342
5547
39984
263191
201378
61836
25328
136092
203392
47139
136449
33871
7754
36493
28790
48651
262432
63310
207092
9709
41135
262673
263310
268407
45182
60605
55701
197298
204679
52751
47269
22177
267448
40360
263549
264344
57614
201778
263574
37646
60180
1477
38931
31112
138979
19684
4212
13853
269076
28326
36799
22891
29906
45001
27774
61822
263801
263928
50384
48148
37229
310
9700
52456
59561
14829
135181
6254
3061
37673
265824
37266
62648
15881
14735
203081
267267
51127
40849
53225
39596
135829
262529
33246
27962
209294
46664
205246
54979
136156
64477
264779
267389
37989
56318
327929
50406
136111
15694
33540
52969
42922
23205
204573
56330
3194
205129
38909
52473
35475
53550
40974
36726
37142
15570
268253
38477
42281
13387
199391
207716
57418
134088
394991
40139
27935
34224
50203
262304
43049
266739
47257
18994
394705
59762
7459
263318
14590
265346
265323
42138
209520
393879
10135
27431
20227
52037
54952
55180
51384
132507
4468
135913
47981
135480
22676
51236
27757
24861
57389
33575
262741
59951
265550
264210
136314
11855
37000
56973
28131
5609
138026
131742
24164
267343
9176
34223
264146
328467
50565
45359
14882
39466
29046
29760
44710
33051
50285
4323
62831
262195
50462
54142
24835
10441
8838
196986
266694
20897
209086
38447
12261
57531
51162
34775
14737
43939
19002
8749
266352
38952
8846
24735
131713
52951
61316
35658
57366
18402
23252
20879
268603
135652
394449
29350
24695
262199
18379
53069
22917
22910
139013
1967
8193
7679
26592
57750
91
52353
63293
27091
210191
201565
268295
205764
135774
63169
134848
11367
21450
3141
62088
38021
21796
44200
44856
200535
262303
35940
34299
262292
6979
204732
327725
264282
44998
203681
52704
1273
7219
197107
135142
29264
136060
262426
35237
208266
40523
32271
262786
134702
265759
327928
16580
132369
63735
206088
136405
10587
269018
51665
30997
201153
132667
17820
47782
1134
40170
40322
28337
59910
51790
57129
263535
11307
17468
26646
45717
62134
61323
327931
18643
2762
1886
37479
35445
