13892
206487
56043
198935
60401
26716
57038
3565
134123
132516
328191
58066
396280
263573
14270
203481
28358
39704
34932
42431
18380
262287
39012
57977
269021
134973
36616
14909
263253
60098
37312
266077
43204
267090
137861
266755
136850
201315
44276
37407
13683
46690
60658
43152
267233
56658
137038
60814
136311
34913
207125
135783
268328
20478
13862
23901
134197
8664
10402
18656
200849
137320
18440
38195
16735
267360
23624
10238
131340
204957
33329
21578
29887
196929
268076
199846
266386
33762
27694
132494
13974
32494
58826
104
200642
11290
14016
265802
266432
20378
18196
137158
134252
393692
263548
52879
34899
22180
52375
4323,5580,9009,23005,40193,47869,63157
44737
204176
22258
33724
12986
52390
27510
33652
52519
209661
328218
18639
61864
25987
50049
23671
54137
263732
34086
53055
63358
32093
265383
137874
11245
196809
60112
60704
42036
263798
268037
40447
56703
196904
131098
37140
265330
264862
200157
25471
44626
45813
132960
36974
196699
59615
50818
31780
135250
35072
34759
35919
203365
263967
262592
3485
327960
18690
11186
38756
5602
264933
264632
266298
208746
32474
50060
201023
32776
35374
4983
205986
268219
200941
265819
14517
55668
397146
131686
37422
18128
264853
17616
264380
266313
267254
267818
134256
136697
22528
57745
53216
26780
10671
23935
23198
55446
199342
36511
138242
44728
51477
16137
59705
208127
265165
30177
57138
200839
205881
21461
52583
394036
25928
267253
266634
24232
51272
266772
264446
202775
17983
131334
202850
10384
43448
206210
266357
50483
265430
59495
60042
136618
139483
47974
40203
204552
38771
54659
205743
15276
21569
26484
21680
2907
56933
12870
251
46019
22732
265841
269547
22023
30178
202029
268326
45790
198484
202923
58529
262364
266243
266544
48667
264218
59505
27229
200761
395759
59989
63321
200530
33639
18872
203882
208828
393369
37054
15293
57245
265548
2792
201589
25888
29017
54700
47474
135642
35781
197713
133678
20973
39446
19215
51709
265686
28615
61466
267492
11340
19393
268719
264624
265475
62543
20248
52558
43297
210142
268779
49001
264650
201691
29141
131394
132127
267110
394996
52711
46341
22600
47564
17456
2709
196678
396563
48974
327858
263626
57755
47124
51591
1777
133394
131348
266090
47659
263415
28375
135683
47445
56904
53448
52822
52416
138634
20189
41979
42838
13662
138654
9136
46649
17896
19841
47047
198480
204960
137594
29815
1125
394989
198659
203944
268990
131283
27478
59501
37181
42835
206896
393667
136635
24748
263033
133378
327805
268372
266465
59493
1464
137991
264889
197023
9717
42962
28857
267018
47631
263478
56573
266106
48472
59797
200432
15583
197020
24997
47556
269369
45418
44244
16228
15866
30737
18105
264404
131467
138926
9186
2824
9723
395020
209077
263812
50781
18393
204979
63991
25184
50174
25154
17149
56796
37509
198424
6074
13775
134887
269001
36770
17085
396940
17485
135226
24793
199135
262801
55812
34993
265424
29033
3644
59972
394480
50893
394953
15856
135852
19409
264644
50894
266005
137081
57864
328556
56784
54931
20533
197519
41466
44314
26054
267171
2653
13390
7616
41403
41522
53687
52932
59816
55009
45734
267941
52669
30272
16202
51324
397423
28737
48696
265012
51385
133083
139797
49270
393456
200998
132615
264076
62301
49387
266776
44791
9303
14489
48698
11333
56482
37503
57433
51836
199422
200028
37632
56122
57820
35436
41800
132482
198050
30768
3204
201244
54771
26104
29457
134826
20865
200951
267753
23160
19373
58398
265460
34287
23411
37172
8508
265390
201071
395898
36266
263306
266521
266297
23749
48137
34714
51984
2263
267875
11984
394887
204311
23320
198343
266169
201993
29994
202573
21994
51277
5404
45872
120
196660
28294
54889
10125
6492
14201
31600
203950
57434
31692
4508
54433
16145
8684
28141
4208
46639
393481
61183
265599
16125
61804
47273
18144
58362
57735
262344
197119
204625
266079
13615
42929
394266
41269
3326
197882
34185
22191
201316
13289
46060
12007
27606
202231
35047
267028
60181
266307
46598
32788
63843
262532
47050
132932
34665
30305
199014
6895
262166
30952
268073
10333
43759
18624
24544
16357
197366
131477
6949
45650
33064
7727
134277
208444
50091
135053
19397
204238
268869
15461
138816
22595
31447
823
14543
265355
16906
203168
54781
55628
137631
43481
15719
22523
264366
19730
14011
2011
202391
23659
17016
265688
266726
58866
208261
43298
12187
55292
203078
136670
62909
263418
328243
263506
43707
52325
49146
57227
263480
209464
197095
208161
38476
32512
11530
61355
21928
266989
33803
267648
204223
138694
136262
10949
134255
134050
50904
42205
62597
324
135277
48695
266219
60607
395650
62405
268246
22517
53106
31240
20656
17412
266788
131409
18451
199962
8419
30165
265751
35298
138788
47036
29069
395925
49126
32397
20112
10914
264945
209461
35656
265781
59445
136100
136983
54126
266446
33025
47620
47728
13776
138737
45054
44780
32040
64111
206334
266178
138899
40027
56975
14161
268601
37524
38870
25926
22750
28308
59589
266342
62471
1778
137252
34674
55423
395916
269267
11878
3257,6647,12859,197731
265883
3949
47345
61101
34282
6775
58966
43908
328408
36217
265008
206519
40828
57827
19549
58087
394410
56534
10115
137110
57950
24169
48874
136461
267566
36733
18056
63037
17901
132923
55516
45943
39626
394161
47545
52666
11359
264150
20049
35359
21570
49954
16256
6714
133981
396448
1202
27156
8082
22152
27653
263896
1213
57505
30569
46009
45639
60511
35526
24090
206228
12792
39903
266390
22299
201011
21756
328117
196743
396356
18971
42493
196638
29899
63325
37206
55665
132663
263371
135879
3475
196825
266500
54714
62300
6319
262867
205009
197595
11940
42456
24580
37489
62744
37487
19921
30655
40781
58764
4828
24358
14277
135440
48693
37090
206529
18573
16383
264824
42571
42145
133393
267560
52622
24068
47435
19406
136603
204779
9637
138576
58116
57799
134521
17161
46920
264179
138960
264071
31198
4130
133612
264306
50417
139871
137579
206221
43426
14307
719
265520
396141
207246
53713
53477
57655
43267
34019
24665
134324
36915
199924
61705
38141
19834
268564
19711
28144
136962
26709
57664
26074
53904
39147
57436
263508
52484
264429
395874
268948
206863
24881
48309
17148
262249
44190
57763
14133
32988
11046
14977
13238
29660
133828
56884
51218
8700
139049
33649
198299
200169
35357
264869
266612
266287
33937
33382
47505
31212
32612
3299
51012
3561
22636
132166
201495
199407
136034
28693
31205
10846
204991
56603
14558
198213
135773
16652
201493
199960
135000
206981
52111
11802
135822
48092
56308
18734
49317
3244
30910
36889
201426
204106
41118
19116
58283
60909
57299
28905
134370
139308
263036
33478
45648
9797
8523
47755
1316
5754
39555
5461
20516
48276
56896
202269
54393
671
8359
35899
26006
265944
16549
327912
18743
135401
199603
53382
196664
203797
51858
44990
262536
10745
49758
36636
197526
327920
266240
198609
56673
397075
208783
8718
44024
29636
11516
50590
203735
20028
134876
57778
41426
19877
21308
59601
262487
3160
14732
1488
209709
264582
131298
200890
53931
33270
202196
50198
41578
37129
9500
8122
10273
43644
134504
52520
48877
31499
134847
33866
205304
28613
396263
203268
18676
5323
395
51165
38880
263569
54184
131790
13352
30257
12014
63101
133796
198568
8999
16648
35832
53811
11067
134897
11769
55616
32770
47143
200708
396457
26955
395183
29704
263591
267458
203313
52647
28637
9213
133950
49859
133957
133318
22666
11127
135765
49285
133698
47094
43951
133983
200178
35273
19435
15102
24012
3424
28627
37508
12716
395127
32493
22869
136282
60404
196659
9536
25938
264899
7298
288
42146
31151
206811
267552
11827
32715
268494
264354
42579
49798
44860
204395
201909
13663
47157
55702
30749
268860
43714
2731
30200
18515
394191
23651
267355
33301
33877
53413
23923
803
23551
23699
52652
52995
48611
19799
136690
42059
204961
137077
12062
133151
43261
20929
199398
135292
139401
38011
14178
51428
58921
22631
41914
27368
10411
268786
43310
59091
56988
6619
41527
48188
40591
18819
48932
10130
17617
134997
33275
26479
57556
263438
41913
52783
22542
131347
24507
55713
269333
202805
4
199660
199721
202293
20210
45320
28674
263542
200436
396104
265419
138099
4540
12763
201672
41244
26210
33754
262891
138734
202067
28761
48781
26721
205058
267773
268176
58498
18460
46862
271
25955
36242
21466
33477
264638
5666
11847
10978
266158
51552
4859
268303
19689
266347
262267
49091
49147
18042
27300
28352
34337
136626
62605
39244
8608
28291
21997
28307
55843
7423
13758
33224
35433
61097
137597
205118
205942
263259
39908
58812
327943
34458
27097
64001
42300
265009
264660
63987
50360
198726
61222
45192
138561
43873
202796
135551
40787
59856
51069
18891
208877
40438
63391
27007
23499
29639
38090
58251
44924
37664
209900
13534
5503
394358
20705
1725
264769
196901
327901
56134
27419
262656
10916
3252
30243
133671
269313
29921
198844
20804
24864
19239
60166
29124
2687
58127
22205
28156
14222
20464
204537
51443
47789
265673
33544
41902
30164
12658
16022
52137
38861
61646
56333
210055
11357
39500
15008
134824
1114
132757
56276
39341
135372
137654
14430
55827
203802
1434
264898
52871
6606
18973
1538
20876
135832
12637
198433
134622
393385
327919
137893
2683
31264
37720
208132
32372
206468
58652
138544
48097
23394
265275
203447
30026
62338
269487
262342
327822
265640
53508
131786
41727
264231
23727
611
395667
264747
30303
198361
198936
328089
328245
134376
263981
40654
3856
263393
5073
207212
61673
5329
56198
47459
21328
131696
136867
25091
15953
264500
32115
52843
267947
264151
56374
39373
22611
201180
60731
9249
24763
63233
8360
263104
494
18456
33037
13769
29353
35307
8089
23757
61841
31609
12269
17873
203992
12709
137498
29705
132602
34589
49701
137587
263022
13620
34314
136875
25502
206325
267961
266872
203204
60578
34995
201360
28599
33458
262913
8437
32444
11336
132520
16320
41256
32708
48459
262847
63317
395182
20331
201232
266591
38167
51653
9352
51338
35366
138336
24350
38077
201497
209804
59802
203482
17185
37327
396902
48150
20050
8505
40092
43666
28959
44649
1689
14493
327957
28348
28859
7577
26956
49251
39792
23657
46104
263640
44022
134888
33901
49549
5673
267053
34364
197508
64443
59789
10584
136055
263868
133109
394124
1680
2018
266478
3281
51026
26419
135327
8242
33363
209173
131702
28109
206189
51857
35714
132080
51318
24642
35503
45973
53264
44356
134387
63689
12350
16787
263275
26895
267135
137908
264570
203883
18822
267124
46508
21708
199375
53205
37369
6543
25237
394544
22284
39354
56484
265085
264307
266308
8620
263286
43016
10803
57432
200030
51345
208984
62846
33729
36917
56858
132931
58039
52768
205500
265638
18005
327995
132342
393290
15580
27534
24424
19994
31211
61572
37086
39300
138652
198068
264928
62706
15122
6838
43853
209380
12178
26358
267115
6789
514
24806
22382
34278
6203
137883
15596
131463
52151
51308
37432
268531
50694
265473
22432
199733
26388
43230
209507
208386
46558
24621
136948
46576
264843
15937
61747
57507
267992
6342
53066
9254
205499
201048
135038
18817
54621
395516
202562
15685
266270
23667
39270
268632
31130
38759
22937
206239
13039
393343
53061
39567
14754
50616
198822
262928
9036
50058
328515
50913
6826
13938
205946
395188
202126
16679
327891
35454
27837
263124
131450
133476
263261
19470
54927
131316
62874
2541
48961
61692
134177
200709
265176
204685
11059
51120
48385
49388
28303
267503
42665
265116
18457
268055
39334
135459
26613
27988
51361
60918
11600
268728
264510
16677
41618
55933
264364
40927
17841
56622
264680
198518
264529
44754
262425
17981
55488
134008
23380
6072
45374
62240
268648
204500
395780
4266
23570
209992
266894
268740
196776
328216
206973
10697
49082
203389
137951
23207
45121
203290
265414
36068
31088
328554
393648
268617
133477
52040
132599
265700
48773
205521
1217
55361
41964
133224
393558
201781
2133
201962
199042
16780
202590
48853
42122
30803
36354
133251
59134
202845
198509
131146
263948
29909
328051
204244
200925
396864
264284
266458
10896
31856
61517
23269
263308
18064
202376
202764
267001
199888
14564
267286
264035
50171
13672
62567
25594
28636
264527
48661
268207
14627
43341
49336
8501
20718
26662
22691
202052
266449
59953
139073
42424
4864
38657
203922
30883
55653
394051
136956
33831
35875
61680
6621
393439
17025
16695
200671
61294
33887
26881
9335
206098
30193
263370
133365
44634
26582
26501
394337
25595
21442
134133
23094
36589
58662
203459
203687
135590
53888
196963
203406
27879
64300
21534
53591
133359
396562
264415
23007
7748
51280
26441
52777
327873
11471
136355
197231
10271
7254
24060
18561
198641
267453
21692
32654
43955
51085
52352
138402
53269
264200
203729
13857
55085
38026
23887
52915
197830
57324
54942
135199
32106
205591
28525
31558
23629
23866
21939
9321
133966
8167
50942
43113
61843
204269
262620
47402
6539
53017
199133
52236
393299
201115
49250
37248
55470
7066
267561
60707
20559
40031
58985
30579
268453
59688
265257
13783
203629
209618
54440
267257
198230
2386
27313
31372
25165
12741
24851
53171
24362
773
264115
20958
133778
55876
30363
5555
14137
203340
14455
57005
204013
268496
267577
131693
209395
50992
134513
37495
267126
262551
33644
63298
136506
59455
327906
26163
137113
14409
45100
264530
46189
