263150
132386
10925
54782
327759
60350
35177
203993
38479
328049
11889
200656
24627
55641
197159
61263
51774
30640
27720
134425
25536
267425
28584
35562
54755
264802
206916
394342
17538
23386
24192
51084
132568
51061
267575
49379
60195
132529
17932
12222
60261
263586
37663
49421
20245
267745
136976
47155
267363
52568
52984
263529
28539
264234
7497
15595
8159
12632
137841
12672
138411
12150
133546
53043
38761
25809
42830
9939
60597
134318
53082
263239
58598
12443
8121
43569
394144
203216
34350
52939
25467
268440
267553
51534
264110
264939
26677
19332
40909
17252
11830
196682
27521
35085
204532
27640
40911
202544
204822
268285
52074
264123
46170
15146
204488
19317
24158
1527
6336
37419
52467
58020
263020
37239
19276
137278
56175
43132
30497
37119
38161
50620
18013
28763
36488
20304
52942
266763
50121
33728
48691
205266
43182
60993
47598
35313
4298
136657
19140
62747
25210
61386
266616
27585
8678
32641
11833
4605
36617
262625
263335
264817
11929
263218
49132
198861
49726
36842
31656
202244
60235
11757
35086
136276
198816
397851
6766
49755
134181
39512
21479
16027
394648
61006
25960
14861
50314
205373
20484
46668
52651
208624
21537
393986
59625
200851
14099
328082
34074
264138
31500
135705
52888
134305
197764
39451
42037
18074
63370
51472
393843
56719
268260
51690
52104
208978
3132
63269
268269
37150
394855
40841
26587
13372
267769
55071
8232
20868
60517
17969
132745
204173
132722
36363
268698
137636
51386
13056
19377
54446
52587
45902
48557
40993
8849
206160
62575
266854
202941
27176
394628
38639
264963
10112
14515
44331
30733
136344
263340
4230
16135
22724
269190
36261
393287
269140
11896
37356
134330
267711
27715
59664
21712
27435
48241
14354
13401
25117
209209
15969
22407
50597
265857
18337
22256
394204
51089
139417
44509
7382
18749
266249
202125
132477
135816
58526
204030
15762
14142
44514
198133
61924
36433
59244
15753
6092
61509
49499
18417
16376
50695
38773
262752
202778
267203
38198
136252
26513
199953
46219
19231
266939
44248
36923
28608
131706
262382
207005
35987
1945
268551
13492
2552
13550
59531
328164
137385
201476
397188
25989
136059
19999
207072
57685
20077
60769
33067
138089
41175
197226
32665
24797
52893
41560
134822
36978
18933
205239
3303
5434
48852
17403
267027
265029
59727
33293
38149
28890
264623
268273
15388
395414
263336
12415
394006
209664
14634
63044
394681
50344
26143
22043
19662
32657
200774
38355
205377
32691
209579
32151
54413
199706
38019
206966
43766
40560
138072
135762
267490
59494
264157
39180
328098
137297
37014
62617
12021
263032
13136
15658
266508
18221
42714
264637
59819
40845
16242
137901
57831
35695
202962
26436
13168
9163
37348
47749
2158
59794
202616
24661
196763
199760
23533
45725
265704
22135
268126
1636
201249
24348
132273
38060
52952
132441
23709
204140
51657
22659
203479
39627
31763
45575
31842
55796
39434
58407
136292
44988
206501
54207
201863
42110
262794
132740
26454
394959
39651
7970
63511
36631
23870
51986
49244
43391
48333
3385
60750
328114
10511
395778
17828
32613
64043
264439
133535
262629
263475
266549
57061
17327
393759
197876
203899
262475
264946
264498
62288
200604
22799
5976
48272
131399
135702
42978
137582
56775
56166
138119
1257
38742
52054
35003
397814
264202
37577
58367
36191
36787
24042
204618
138807
199839
7713
17055
34684
134709
198132
9601
394625
210036
262708
10990
60524
13696
50056
59659
18678
35360
36127
268813
203704
43505
132734
264596
204118
266933
133536
267105
52317
132508
264263
204761
265664
137937
198709
33832
20354
135375
63383
58592
134016
262604
268937
157
53083
206793
12757
23571
133804
11732
26477
133800
327883
133980
40570
27288
22250
34197
10849
44995
208589
60268
49099
202746
27251
44975
197839
268853
26023
131396
41711
264591
268679
16706
52582
266968
10094
38172
2153
137646
204781
37583
205564
137468
134601
268760
58559
54086
17893
17551
40710
22707
61917
197263
393457
62049
38793
205278
62363
139197
26548
136019
133790
200007
43532
11042
34776
397057
52381
47315
5648
45086
44492
49481
60497
52703
204171
13433
17400
46408
18784
21162
132383
57344
209885
53197
27259
203925
269350
48326
35312
43938
135751
13278
17707
40948
50537
45041
13073
201207
268337
16959
12414
28583
58928
265709
267281
394823
35034
40386
139226
136520
44991
60793
137540
48639
5554
13922
209430
41107
28271
133986
49028
49069
206052
206249
47787
136558
133256
196866
56451
30197
57818
15718
44047
204543
20453
54448
56421
199121
137684
393251
200133
134899
209091
396241
52840
45711
136173
203171
262645
204725
264947
14155
2642
9874
56666
135247
35893
18669
196826
37722
57969
52997
60280
55034
6673
22422
197656
57110
207214
58399
51561
49467
28416
41791
63756
135234
37456
52983
22653
136097
45147
41032
393647
29534
265287
52944
12089
264876
8324
21799
34422
16378
5842
33154
268224
61103
24931
17726
136104
14107
328200
21076
24757
17207
42971
42504
44783
42673
29439
199378
267993
54453
46008
5106
28614
39383
43125
54289
29319
197236
7917
136561
19927
58215
263294
18188
138096
267205
40451
50841
61853
262333
42087
138898
32566
135555
24671
60486
10880
13970
60725
135132
19256
63435
18526
26170
56850
39913
203742
201528
10123
39266
205405
210190
208747
139029
138852
11487
61752
61185
25292
198665
265441
28991
15882
269796
39118
200312
131343
9811
59035
55879
47065
327771
31968
54468
18922
20857
41946
264116
27761
265763
12891
264329
205318
15095
262660
266704
44853
268578
266448
13759
132911
54835
203069
200002
267591
11381
50334
394568
135845
13822
62423
25640
269541
393504
263429
262829
14926
5980
15738
201377
137644
393884
56533
203506
22134
202368
204077
268524
138124
137301
42872
41026
56510
262938
133936
26625
22230
21549
132252
131309
265935
206718
33450
4600
3195
269182
49876
46700
49774
51062
53307
50862
264875
209874
6735
41437
49628
28605
209988
58759
35846
36884
203077
6823
50158
28412
20808
50526
49382
28406
55988
10361
43831
45691
197163
136730
24142
264413
13368
22753
12477
52312
23115
266103
205993
34444
35825
268794
11253
327692
28281
36165
36701
265416
23183
28104
5405
268579
266995
265039
262340
202762
57695
198603
35258
135106
132434
29413
328158
42612
267578
59481
9820
3161
60271
393380
21320
48303
132579
49106
203695
45282
135663
58591
267297
44340
205645
4893
2843
35486
33434
206925
61738
38750
54825
10838
3450
198344
46098
31017
262498
205835
263053
23180
198868
201860
62008
134381
23172
39432
196697
58395
35280
137487
31952
133049
28171
53677
24050
394830
32914
136373
22341
134018
30581
48861
203377
138482
7065
197500
14308
135195
14900
54138
26831
135464
22801
204569
4133
26993
205257
12175
29150
208704
328141
206820
51264
133086
266785
262799
263852
202258
201234
48509
265356
34410
31296
263489
33303
16730
264578
32973
50843
47159
39527
197444
32346
22263
60470
25129
51975
27213
45457
56453
202087
20255
35010
266126
37439
132938
20473
206375
268811
327734
13006
262719
14102
11457
31182
57013
263628
200959
134630
20314
393560
27455
42082
45652
204978
26672
1998
35093
49597
396172
208472
51246
36134
62886
135268
263715
20008
51405
28342
198715
50146
206012
204138
205365
267572
54324
16770
205547
209535
263788
26910
203269
199272
205943
7939
136632
60216
52286
33128
39323
29889
24598
327799
134844
8967
13740
35194
23378
139834
135662
2904
263269
266554
57768
35755
265466
48219
36706
328115
204144
12166
15947
62103
11566
396385
10599
25872
6744
267762
1604
52571
135369
137447
41190
266427
47300
138789
265957
17475
3375
41741
21533
135307
43099
28398
63465
197207
31556
44161
12247
206603
197605
47704
6844
36037
197381
6694
328087
45230
394258
12372
27750
199736
33285
38760
267167
263748
51212
24543
54611
63928
12277
265169
63505
60508
265070
59043
7792
28938
28595
132225
47546
204196
266215
61639
24990
264204
20281
29492
16138
32575
46626
205966
196906
4989
2686
46623
267951
264532
138222
58824
23900
199568
30062
269407
23090
51792
51927
268690
24400
136377
37406
9242
23124
13691
61553
19394
48201
203596
6677
49444
24683
49731
56612
52684
11040
265185
39228
40014
204828
135227
394512
43263
137530
50852
393713
9542
46044
19367
35530
11922
31145
61491
262717
266080
24338
61326
20986
27414
34739
25106
200457
327904
139692
202853
23553
64099
395735
37379
32017
12191
12031
27814
51184
22395
262208
61650
55417
8689
205877
265911
54837
263215
55651
29695
54565
43795
264684
397085
24554
136705
266354
11199
63734
25356
262374
295
37249
265753
42154
28148
8887
205501
17223
27086
268189
264856
264054
200732
18447
37997
46627
61740
32982
267570
31450
266932
29228
56970
265144
6292
132799
10494
60655
17771
267102
3848
264434
10223
40866
265384
43158
205977
203835
39345
51860
264273
265158
7552
267973
61812
204005
267997
263864
138910
9509
38109
137543
58277
137429
8818
53755
35207
8948
44946
42404
46453
52315
38803
34267
200407
52369
12019
263112
201224
8462
266172
28378
43036
58524
205199
137706
393252
17103
23879
38248
52428
63834
22877
197318
17488
262440
30379
19424
264781
203185
201725
132048
37443
34918
44143
12678
208478
45550
266227
264978
11433
28120
26043
395747
53838
48844
28397
200443
58761
47608
267188
202478
19853
18274
62782
262345
131281
42029
18101
35831
4713
202936
41235
328255
59714
41655
1897
10091
45229
266571
31015
134420
268732
264894
53466
61477
57025
61965
531
47049
263198
61052
328040
135954
53058
28670
55024
13830
31024
327721
198871
204771
37637
20234
22339
44801
203788
269748
135266
207138
327724
268534
61402
27826
58030
263148
22557
32858
396552
131295
47959
262937
52500
396287
27385
57422
9644
33083
62957
137621
23095
33549
197804
135189
17594
197896
22210
51733
1439
62539
27665
5706
39235
264586
26008
6521
49159
46985
63229
57501
266439
19511
48049
39586
200865
63873
54220
132998
30861
197129
397698
57207
201481
43419
58509
132126
42511
57252
44484
38717
202652
395312
24118
134750
200549
13334
18990
52466
265219
393674
265988
19556
269094
263007
394065
56836
197071
11191
58760
200572
265790
133281
262854
268431
25304
138845
266029
204988
28287
136350
133283
30891
13363
36907
36332
267164
53593
28649
63877
37618
57474
264546
246
53230
30902
209883
134056
25680
53920
62136
51456
43176
135081
264021
19977
267034
57014
51110
37375
205465
3343
203831
200630
267219
52872
34628
203439
266983
131936
262979
132203
134866
18153
3548
477
48160
12106
3855
132996
23459
47071
9216
269099
268458
30325
1494
28925
8559
55766
29225
202765
45809
57412
52485
43847
36007
11666
10955
136003
267916
62887
18546
16874
40950
62541
264516
34605
54938
37536
19423
268843
34044
4531
9651
41460
56135
198319
49630
29691
198357
22838
53523
58940
37034
28631
202443
268160
23530
48833
45894
51606
206714
4664
30384
131404
264100
60672
17754
24309
138098
17817,26685,45625,132417,134007,135086
48828
136308
16681
60849
49296
45306
38614
136169
134589
198493
54817
264008
18759
5619
138189
26813
30071
135412
60916
15498
204882
26355
63512
134091
41219
22100
36958
32666
46805
131448
37634
14630
8997
1328
7430
58463
202593
269373
203420
198559
137838
58580
53330
28028
209950
205470
132719
200488
136482
327908
265255
209136
327856
133274
268310
62263
7057
257
28283
44209
21748
19210
394937
35852
26396
136354
32157
41178
138779
328343
12206
4927
264911
53686
198042
26849
28582
34060
12122
33273
45536
52162
199214
19562
206874
17542
263592
266141
137650
395100
59644
64400
40254
200706
35249
23848
59587
21263
42487
52482
42421
15488
23215
46191
49004
201323
54224
20934
268613
206035
210116
30556
200160
38321
47655
2065
18437
49291
46746
30217
23842
9215
13428
56743
19803
22439
30578
45510
268547
137088
7202
202823
266474
22867
19301
197628
266200
200288
33874
137097
397121
394226
61346
16603
45010
36591
13513
133343
139331
204264
31012
12143
59865
32587
203854
34235
51582
31291
268589
53414
263386
39676
51912
59238
52453
199984
13101
207084
1379
262696
263055
136014
3824
15190
28043
57976
24921
27843
34783
265792
10158
202717
53572
395573
43146
16638
27686
58477
200544
200813
394626
20113
269493
29526
16599
268978
138309
266919
45022
41942
44628
262623
43918
13489
45437
25794
268876
21775
4762
42416
26464
46197
11546
269500
61770
22900
18953
12205
36628
132866
49100
264857
45164
138080
20874
34290
33694
394749
16186
32931
44252
44385
19605
47837
132146
9698
266334
41245
205261
50570
27193
6130
42533
59926
19204
134392
9691
22069
262220
266459
200185
13405
40740
203492
3335
17044
29914
48755
198066
134736
61339
48267
135330
57869
203436
52780
62958
135666
33581
35804
37562
45649
34280
267624
11645
35725
198859
11047
60505
28285
5760
202943
61749
30715
56159
2872
46448
62461
48139
268976
41028
15153
136889
60496
7850
49899
21808
56557
203523
50917
60900
265635
9910
262789
265352
28490
395477
203538
56345
64307
20191
25964
19784
36394
199646
18059
33390
205197
35081
48582
266389
28122
28381
25591
17971
12049
264557
31782
30405
46032
62517
206650
43359
268083
44689
35140
268233
327819
40498
5639
205581
53456
132956
52828
58714
47464
41840
50323
28966
196721
44154
395404
199327
28142
262944
209621
42132
56696
395531
200049
19709
26311
62229
131278
14379
