269124
46294
201872
205789
37482
198340
395879
49311
24950
28359
21130
1149
14677
40001
38944
45136
11490
12285
32138
23503
11695
54959
57590
46873
268862
202701
205884
134224
132152
12027
28087
11636
3356,3549,7087,10753,18747,262186,263210
25327
263982
264551
52941
61885
42486
21342
51841
5532
132562
60202
328139
47786
34033
135759
137299
57233
42649
53207
265258
199482
42577
9150
46243
5615
6729
49488
394916
25838
57811
40720
265005
268729
34469
264335
266949
58108
32939
394922
56050
28784
268605
38054
197155
48747
24081
3738
137048
22185
30407
41934
21699
138506
135870
18786
137567
263654
44291
136708
37133
133680
53067
38692
198653
134799
132393
269807
199917
55992
203817
265178
50451
32137
59114
24327
8918
37294
45905
206512
327899
29671
53180
18961
37627
18189
49278
54634
263882
328120
12850
52330
54169
39699
394832
203714
41679
59491
205955
6758
26575
201500
204895
17991
20211
29960
23957
49131
27211
55875
23559
41231
58487
37414
42151
60857
30521
4583
52927
57800
209475
9008
134932
53386
203021
26284
268471
61863
135153
50577
262271
22384
1770
61786
268188
23226
37224
137683
262373
54054
62198
31100
40987
42475
60618
3214
132972
35254
204182
395567
55615
201320
27918
1199
49785
26321
12
58269
268553
200775
37272
54209
25836
49461
205042
35511
243
35849
41322
17431
30862
61793
137270
41108
132944
54210
267767
133201
133027
53016
48829
27281
52987
48960
27632
197214
53594
19738
42861
49120
45610
397304
40285
5651
328178
59630
1929
500
16273
15038
203033
19782
396506
61220
30852
33517
393732
28080
59444
53143
51718
263927
52815
269463
31463
26848
825
32353
47624
8882
41199
328284
132346
265446
203415
262613
2490
54801
61796
200924
268984
203475
262637
26096
52702
50758
23875
135632
53345
29916
31931
266599
201418
58272
138620
49987
17064
64050
42550
57546
60140
62816
26053
393543
262886
10583
60200
136698
133461
206885
63243
62780
45026
33623
133250
38143
262402
47998
23383
267160
264418
55228
18268
49741
7926
28878
12357
34049
61842
53698
266134
20746
48516
264672
263166
199899
134836
262770
62618
262170
264859
62067
50861
197343
137642
49601
48070
36435
265044
132547
11601
269092
2121
206358
269840
45736
18780
44384
53238
3311
395233
47056
48908
63447
28503
268023
36295
198770
37942
396462
31941
61068
56628
57623
262527
53856
132995
37237
37567
200760
56669
60729
9449
262542
11478
264599
57536
31185
33883
262985
24872
198727
16710
264328
9758
48115
132752
59580
44954
22621
57009
197975
37709
132453
56234
208912
136979
35310
9587
1313
43728
48006
8141
135688
45045
203646
17050
26298
49333
16896
266460
132173
55967
21464
26840
7362
57944
136624
206439
12772
199524
264340
10161
21889
13693
63287
31557
42220
267960
5715
48030
52755
2518
32342
6461
264031
35985
136445
200534
136154
7645
203293
51467
35790
197100
268866
135328
45348
3431
138368
8414
63129
30324
266686
266089
14467
31748
263631
395238
131475
134352
19129
132797
41973
44507
134548
11315
133429
45502
58904
24863
10015
39067
134367
24811
34773
63186
204905
47535
49166
132994
60304
268952
264571
30911
204179
328435
200276
34077
135269
52766
201859
29697
59542
57878
53064
6831
28331
35319
138180
22625
201427
54308
199675
52700
29517
57704
270
20550
26159
268401
13548
17435
57560
202901
133232
17645
269409
263990
25807
61763
10136
201138
1936
200814
51917
11436
6907
13310
4277
34837
132354
269069
44724
51850
266058
263376
136166
264383
267953
62770
22445
44674
327823
59939
14805
59618
7594
267554
27395
265868
206046
31612
206652
53996
202354
34966
53747
208646
264837
35566
59545
18845
51737
29473
10461
267326
44409
263035
52824
205657
50075
13326
61966
265515
50982
10031
132827
38
199896
8659
63670
52095
17927
54682
32977
16255
328227
35365
265064
268421
41837
18641
268911
33024
43459
61315
137973
264722
62487
205957
199492
44635
12819
396979
53009
27949
44761
28103
137315
43715
197735
266003
198445
61718
4195
265954
62255
57290
39384
11667
134708
262299
63199
394381
10011
29072
7341
6354
15878
20060
55006
36426
51729
28097
394019
53079
41204
55190
138231
41685
3142
134732
61519
33422
263364
28591
24638
55715
204465
265920
1568
21155
48112
45447
30459
263765
34849
394540
50259
197738
8283
47815
5837
133354
16620
23336
59322
39862
58037
203657
263426
135017
14422
21234
28008
6267
9183
26225
32173
28270
202564
46748
63851
40397
53156
50304
29303
25093
14917
264078
263750
35580
55415
263264
23695
6223
203621
17124
55785
35484
204823
53178
205331
132962
13117
138093
42633
36867
44530
62259
45925
202921
47748
266312
327870
49466
263723
201331
138648
9246
266278
32258
54328
43175
197498
267864
27445
32986
29585
17768
18883
267703
42768
197999
62509
136083
30943
52613
264506
266061
265248
48236
35863
264252
18495
35132
200638
207061
39606
8207
135587
136873
52564
49248
205667
43929
203540
14894
1811
33028
39091
44934
40096
47040
41541
200854
264569
36548
135225
267014
4822
266300
50932
16897
202513
55773
266492
35344
134908
19138
48804
397781
15511
56887
263610
21050
137257
136844
197385
42625
31354
53943
8841
5758
209808
204327
58976
203085
42385
59456
47915
22537
27051
133369
18603
15113
266292
132773
268792
135387
197929
203990
39155
60348
327844
201646
262459
341
11212
7048
202479
24823
139032
57511
12117
61462
49931
9494
199766
266517
39965
57043
51605
39229
45326
199544
264341
3943
4138
31238
269749
6253
136215
60092
15698
268737
36314
266761
264921
4969
135627
60787
197297
59817
40766
263031
49009
269775
44058
47186
206089
200121
3714
15838
61724
33940
18531
13079
26010
265652
265224
45237
12732
3239
46395
206801
1913
23216
26176
23600
134182
20500
54056
42939
62654
22014
263373
16298
289
201012
57992
137551
265130
28062
135678
267641
36075
16886
28099
4747
1489
63844
27839
395313
39426
26883
31257
21058
11375
5017
64104
263678
1803
35440
33506
25882
50676
61322
40343
57576
204507
27589
27899
203653
52343
13588
10102
36969
395078
10227
41468
19197
132219
45865
135138
263518
29773
266010
41227
58143
209043
269129
266498
25537
37565
31020
207203
32922
131175
52376
4270
209737
203964
202676
26342
11142
263404
30313
138850
63499
20017
12301
62495
268352
199764
60241
268074
263122
44142
205963
32189
266790
265403
266493
133517
268922
395826
203811
11541
134686
43456
327917
136038
132197
14843
210275
203445
138495
199895
135267
43285
201443
15605
206982
1715
202820
40897
39066
206373
61005
38293
132322
198544
10655
58095
48854
15989
262998
52739
132976
50459
22586
208617
13825
41420
203539
32021
264689
31318
1648
57757
31082
204209
265651
263422
45668
63890
262965
206946
134949
265909
201065
19058
206020
61710
13046
267595
36968
200689
34975
44128
44627
131743
44265
22603
265685
138472
32379
18704
196905
198470
5416
133657
206146
267443
267514
22257
134248
44955
6494
15899
39493
134135
199951
25374
136715
32579
16365
44446
262993
23991
14434
197360
137444
263245
17113
267550
395734
200853
48915
268259
199229
137014
19443
49860
40048
28108
65536
47987
32061
52528
37594
14628
137226
47925
252
43141
132032
134833
20137
25746
21814
45756
6360
50516
63442
59475
135100
21213
60775
3212
24858
268338
269431
136046
206048
263579
56183
133581
134644
266897
264301
7127
204516
30102
268384
3243
4648
25940
267140
58507
201845
46340
46847
202779
42841
265273
131270
52759
52393
269088
206243
60989
136285
262496
30998
265880
3585
53882
8726
205701
28750
15180
134938
14487
30238
267888
15035
54548
200758
5403
14860
29650
131471
24856
16934
199934
24016
209519
28330
58951
38516
25515
44917
12298
268315
52494
264297
63503
20918
27781
42940
10821
10893
49327
58243
49283
29152
23138
16838
44556
394551
47282
264455
51407
24414
269041
11075
208410
37328
262237
264291
395491
42248
31746
56211
23332
36953
28254
25569
25251
40835
394534
42070
47487
62236
3968
15765
32706
32446
22535
6738
62793
24119
16783
5081
59877
203789
38567
208246
131216
262956
197726
48066
263929
38703
265633
57563
5438
139303
263041
62352
37934
56051
50672
49996
28248
64461
9203
136305
203212
138972
57564
30860
393822
262343
59693
209952
22498
57340
50838
56471
13652
7809
268432
133231
195
56042
132869
55081
59538
38998
136671
57856
4913
56181
262605
26004
268357
48247
22950
137854
395470
264176
13636
45410
19271
269174
266551
60734
327983
62161
37105
54761
37382
46030
135634
202831
17785
17799
23224
268673
132090
262530
30148
47332
267497
18391
54072
267519
18756
202501
52718
1476
55697
133317
10569
134345
50284
45501
29407
198269
39663
2089
48886
59895
34944
38539
397012
42439
47918
134985
266786
58997
201645
327846
8047
6428
6407
136565
33267
45850
397285
41413
328344
13918
13506
47307
51597
52804
134130
56099
23246
51044
57050
18666
202169
262154
136357
51348
48688
56532
20755
34066
39458
14479
52030
393514
269228
4200053111
134937
24692
204297
204722
15297
397999
59372
53780
267177
57941
200274
131458
133684
5425
266646
52603
26307
4857
6782
327812
30961
46172
50829
39462
5726
54543
60413
48768
57026
60192
42405
57959
18194
394310
45719
10969
134030
206755
37405
136937
5957
45455
14925
21161
60367
33005
268929
133100
134003
394677
17483
266156
39485
265562
16611
63164
396485
264774
198906
50924
11936
35219
267975
133663
63757
17849
44921
37197
26065
55087
34815
25096
268851
62189
45324
15119
133396
30635
262516
394742
133168
328285
5415
39744
60593
34124
15354
18494
12161
12099
137813
40459
138585
6807
13594
267826
264852
43741
37650
131741
23319
40002
137040
12975
29785
11402
267720
138063
55492
62468
32337
39475
11211
204735
14987
59658
58891
42009
45660
19329
54116
268419
23822
199453
207014
268685
46177
201887
13572
44702
62242
57292
19464
137623
33356
31799
5080
39906
41628
37599
56077
43478
200824
11924
59370
137204
10417
269153
138149
262261
28347
138403
32278
39697
266436
13889
19527
203217
42068
19072
47650
135740
61379
28475
263011
7474
51366
134674
265113
136815
26710
13532
134595
134841
55381
8261
200430
38790
393422
264365
131902
269206
207130
39199
206430
56097
133701
135697
49171
265184
209295
132879
10525
43470
134616
22245
51020
34722
43815
14356
136495
60248
7476
33044
63466
266629
3715
48245
42312
27997
52770
204317
201059
268527
21665
264010
26742
44774
60937
26680
136336
14974
1766
25898
267346
202286
263510
265490
203608
198085
61157
32178
2134
138046
135059
8299
38472
58797
268255
138024
203896
28757
10905
22842
47969
395765
40169
48622
22068
12688
50190
207122
52934
10137
48457
135184
266020
15686
202916
264169
45079
131229
262274
46338
268692
49502
202165
196949
16839
17020
38203
18170
199051
198656
61383
132352
6713
40945
135831
13156
60931
11976
397208
19563
393661
18314
30187
203329
202004
39569
17496
134054
209832
265796
13451
35630
206864
46182
9796
48566
204812
44580
51776
50723
27817
60711
28639
200988
36008
34949
57388
41876
55581
58678
50649
14232
35062
14831
46633
44572
266988
30813
132414
9524
11888
11313
209561
19505
58744
50063
49020
137552
46394
24175
134634
202103
36549
44249
265721
714
206184
58466
265784
203943
269025
199547
58817
3208
198187
53389
14984
60741
37540
61107
59592
58813
267945
51088
267235
266000
62786
198398
57544
38228
56559
133718
200852
264422
5514
139285
12542
22466
267337
198670
262495
264901
132830
42418
134868
8167,18881,28343,52664
38509
43395
262355
19043
52070
29247
267654
39854
266943
205384
138383
268222
268980
351
6982
199662
29993
47386
59566
38818
50238
397268
12051
37639
45269
50605
59547
51214
209224
198451
19159
206635
44218
31348
199770
62833
136828
6502
50338
10226
138596
43896
200728
62577
30138
394883
49003
132813
52819
11727
200156
46403
16747
57751
37388
34030
58276
205897
8331
42305
29222
63137
393346
205525
10746
201020
31698
136676
22581
44976
42552
42100
265463
38015
38887
206005
26312
36362
25051
14903
21704
132934
263959
265234
31148
7631
41482
265962
59678
33036
30007
31823
38816
11479
206498
24334
51064
30971
57304
263783
269118
20359
328385
21586
37513
51937
4965
202184
133855
50558
30186
56832
131782
207089
266121
394411
196695
268676
40327
42338
55660
133537
39538
57010
22363
49428
264604
198176
265153
30648
201808
3219
52769
20472
22525
267033
41799
138532
44612
34321
51373
262682
264980
47172
52559
55113
39639
61974
50007
51254
209904
61049
263159
41997
60789
39922
27531
15518
265725
202723
17332
21523
199147
59642
264795
206060
60872
264081
35995
266922
58333
268767
394076
19749
42232
57551
32205
62205
56787
9997
199102
11590
58188
197748
57365
38030
328002
53987
37098
48169
50586
23711
58732
264390
12067
30024
265212
57681
208759
205948
14793
33238
41724
47537
48895
268828
393448
58544
51630
14045
20688
30020
264251
31200
13434
201999
53637
198239
268638
665
197581
263907
62040
13567
22873
12468
41952
265080
58327
138810
49850
208750
200856
135572
12184
35355
201111
328493
11492
4760
206357
46720
327706
8792
64058
27069
132132
210315
4057
200879
18065
31472
62624
52192
48889
40771
197681
26193
52907
196738
395359
14775
197293
204497
204402
60087
65
133115
59987
43241
13565
23679
201354
138763
542
51448
198108
57076
28032
3238
39877
209291
134434
45204
25538
265038
36745
