203031
55086
30211
22669
198557
199792
197204
54624
58471
21298
134363
32284
57006
19037
39363
32459
395823
18985
327681
132480
133830
25839
136271
21934
266518
267706
54870
264723
60351
42160
17129
45171
43135
32039
2592
55053
133972
394102
199019
28204
11316
136090
268741
263175
265960
11345
29474
17517
328295
58439
205166
394509
44927
26874
21886
269571
262578
138950
28174
267436
133933
19593
265711
32425
37703
50732
40464
60063
5927
13319
269020
197663
39535
45875
24371
28795
263160
267950
51785
208480
17166
30409
16789
56765
32338
204579
30653
133713
10247
63502
265151
28885
45724
5429
55950
266915
1277
12056
138749
205778
59605
42568
45365
15047
50357
59012
5593
198471
31143
56604
204342
34564
18875
45411
45062
30685
263083
205718
201300
44540
61671
268865
27980
9978
26490
51536
198675
22565
262238
264089
49957
17253
395400
27290
268208
52865
198497
37662
14092
36415
264868
133693
45037
17490
22541
53608
59745
47384
8893
9346
134927
133812
59742
268540
55696
56423
32861
17590
18747
263753
266569
203177
61887
262480
6026
30642
53524
49495
267991
35638
201752
56443
57970
201133
201558
137027
265537
210081
133202
201214
53204
395437
27257
35958
137400
327996
8055
205296
62968
204086
205614
34762
267058
40949
57823
54772
262992
22298
29668
10430
207068
60362
53231
41841
209436
267593
51953
138216
44157
265534
397236
28664
43978
134414
265281
137092
29892
23379
264767
268243
37626
266962
31161
57001
40916
35131
264806
263585
48015
52323
58052
267496
18088
24275
51747
57888
22317
29954
138783
5421
19121
42206
202844
262422
268398
60010
43744
196827
54470
13729
22465
20577
30506
44632
204522
59257
49410
12281
36970
30994
137118
15702
6900
62637
54568
15374
203455
205673
8677
36495
59838
48873
38197
43120
45477
203602
59790
28292
19955
54155
43291
42668
201927
26962
17641
30875
59022
263488
395891
133502
63274
45852
136124
133465
60387
42916
32622
52890
262483
268013
397086
199809
47586
134447
34236
203812
49795
41887
42038
46901
41825
267717
203610
196784
327749
209023
19960
12566
55609
17011
21003
62571
45779
3807
37095
38091
24085
19098
16689
268216
53768
61091
38666
34634
395624
16604
17143
267938
262693
199620
204698
49426
205552
8491
36129
6479
17072
12168
1321
55479
59701
138827
52861
135792
60384
48347
198279
61133
268225
23903
55769
268584
52598
50712
3728
20398
34550
133007
38765
395955
3347
12846
25221
19850
268881
61104
269081
205344
265823
27370
60562
26108
30602
40986
9650
327951
28548
44324
16642
28009
41353
53160
44750
56450
18593
50895
54098
38596
37931
27307
55831
57199
51531
49770
201882
204694
393895
8987
263407
25651
28345
38828
28629
54314
263885
17858
13054
60427
56663
204526
21275
11882
23516
136352
23838
1654
58736
4393
53907
13980
134542
6541
206777
27669
203137
7154
133421
35760
264459
41953
43550
132467
136066
263213
53236
61019
19016
44526
54617
61818
57764
264865
52959
31253
44327
201492
32938
136465
39368
136649
19082
262399
393292
31654
203527
31827
58913
48124
53719
262927
134283
57988
135706
34623
262905
265050
20375
14651
60117
15055
135239
49894
22652
54535
10996
56768
26574
19004
263954
28820
52708
1294
33023
37534
268776
35748
12961
47466
395426
42240
60500
201123
23201
26954
33160
209252
266223
36688
206540
40080
202538
38461
199837
205888
45598
48071
7677
62767
7234
134242
45517
59918
138107
29424
60509
133810
34065
131771
9965
60945
48929
46173
62695
6867
65591
27711
32015
45546
61111
30175
209501
51667
21780
209076
263802
268058
20416
204063
8334
21757
31038
58533
62152
26923
24499
206554
20172
56038
51411
134449
32760
46057
393766
50145
11931
60434
46968
17857
210079
48478
136637
29683
8104
21059
61751
12025
38895
39640
139278
56647
41334
57796
52146
204540
31408
15854
199836
23158
18596
268640
37254
29187
61099
39346
44232
28702
33760
10578
52389
49788
131748
52536
204400
25490
28338
40448
25584
267142
268156
23688
24501
269498
46602
47420
34500
8685
198655
206004
15026
42537
207835
267630
137570
137862
25122
265728
33148
10922
20299
14332
133132
51166
135061
57532
17225
265895
24557
33975
32034
264135
199859
133177
60046
35104
139215
264483
9002,43541,196943
23691
34120
10647
18176
46915
266310
269231
21321
8319
24098
268063
32772
209196
49976
21309
27950
199405
56466
137002
131472
9028
50386
56331
267285
55733
132943
20637
63056
8382
268800
44763
24339
39604
393795
203708
55710
49585
135540
263544
38546
267459
199071
29312
19120
268966
22113
265657
46214
63582
41622
266654
55902
38433
43410
16605
46925
62743
48038
5500
34480
210311
12380
204686
53985
263116
51676
14794
44173
40564
201602
38835
131466
265531
27816
26057
49991
137142
59550
55507
59869
10936
267714
23881
35971
45525
11279
48780
12200
133527
131722
40000
6671
265231
202640
17845
268100
61912
7843
133827
48230
47407
40341
43957
263185
47932
263416
48462
138759
50811
206728
23078
265559
42580
50437
203157
16290
49993
134157
36985
9256
36535
393475
19163
134520
137174
26935
208825
34937
393364
59109
34701
14689
2160
209151
25869
199084
57360
49557
263623
1935
4307
47597
201367
46766
57865
48475
38363
136514
132802
58347
12469
10778
12186
398072
138878
328125
23179
204122
60919
52167
136309
208340
394523
14017
266924
25617
135815
268938
396349
134910
131476
21872
5887
395163
9625
203932
15529
268394
396153
42525
395438
263186
267366
45830
59730
10235
50704
50157
60820
19544
45768
11271
55333
267313
267668
262670
205169
33651
21753
198704
44491
36844
204925
11550
54858
55459
50015
263504
268478
45051
17764
265708
56588
25845
199484
46416
197140
21310
267029
12668
50624
59610
35622
50821
36357
202211
262350
49293
64077
16705
263733
135860
32175
21414
132277
136049
38541
28258
267089
52418
2736
31923
137686
268705
30517
262933
132161
266057
14145
199233
43037
264809
32829
58887
61334
16788
265055
57871
137557
136646
268324
137373
138184
268982
60773
52682
326
265217
265201
267319
36922
55659
60433
35470
56485
46857
9451
13645
13043
28534
53661
62154
17921
135386
265067
11049
56337
18842
40480
28190
263908
209031
200705
22898
205728
135361
2042
135211
196863
43615
36913
8698
16500
61677
32430
268084
42574
262714
201956
54600
201508
10219
45538
64006
132170
268759
133072
393356
43074
50411
39818
262313
12022
46575
22876
2710
60875
53975
59546
205394
36545
6152
36364
206870
47811
11556
264550
42195
45832
46876
266323
138500
56829
328402
267665
48024
395595
44712
198787
31630
43227
135010
8337
267393
10469
132824
267145
61340
268133
32883
136598
64239
64095
21726
58330
62698
262963
49627
43422
206828
45679
55781
264757
29801
20355
201222
20495
262283
15869
15238
137150
394347
206486
21299
56901
59814
25491
30853
204846
263061
263644
264840
59896
51279
38523
56081
3083
263594
13440
55670
134175
138755
30419
328228
8928
135825
58246
27770
33465
58476
56596
34110
45005
5495
31459
46178
57785
62422
43642
36375
21707
205124
25299
267386
135437
266383
48981
60110
38701
15807
16643
134250
23031
55757
31310
135615
25917
23012
10425
17834
63420
197401
7442
394840
47359
265998
47986
48879
42346
50264
3388
54967
7660
56380
210285
206154
209963
197853
209898
34073
196722
62132
20027
31475
40396
20972
26920
6083
61504
198254
139402
48759
26318
16895
344
56375
46449
201924
10279
6566
28783
136940
8084
47692
19331
264538
28361
24003
209724
198723
198212
18
208477
204726
11736
36992
5972
268416
136721
30452
34857
264707
57036
18399
198431
61580
139006
201077
201689
23376
40794
2
38051
132407
27230
263233
11612
327845
36407
38192
55283
198134
264736
206666
2594
266747
52033
200532
30261
40733
57566
57332
34339
50971
136272
200835
207002
18804
20251
6870
58025
135811
40915
56064
267666
264039
197074
201817
57822
33066
328223
51091
57809
33891
197482
38555
10806
44789
45489
196626
57029
18544
11527
42864
33645
11966
46452
266946
45656
62079
51413
263502
264254
35015
8393
24850
26621
41940
28419
18307
200870
26658
197042
209235
265901
43965
327878
48159
43363
49877
197625
268128
44137
42878
29341
25159
11278
25000
33819
28709
263316
60684
203474
197278
33152
135851
25678
136335
50184
5307
34322
35018
14267
45849
56060
264096
8612
3255
395061
64026
37548
328365
59740
23939
17439
18004
139366
53326
59568
62912
48563
395276
136175
61739
396965
18241
267280
328212
7546
138065
263477
14907
268087
26327
7470
37228
265073
59772
31234
56124
64473
139521
11915
12080
7377
203230
8586
52896
28782
137199
203810
53122
6451
202144
41668
263808
62947
62010
44412
32787
395636
208883
52977
9581
7500
15943
202786
22822
203161
266767
133453
264849
1785
10207
327853
28306
28937
14419
35835
265848
327702
196893
133382
1215
37660
48339
21987
47864
265540
203471
198232
10958
51427
269253
44050
60621
38426
472
396472
1700
59770
267121
262667
135079
394740
209162
45162
262929
46466
51725
17580
134011
264205
34825
198624
395654
57123
42017
139328
263740
132829
48121
394225
51644
39347
133491
43677
38264
34769
63156
52262
24832
29522
47327
135012
51668
264208
36592
394899
134020
62385
17370
25465
58433
32786
37588
54152
262761
56442
32924
13172
3242
131759
56492
201746
42792
61762
32451
198110
17750
47980
264669
266377
4542
62975
205869
22186
54876
36755
137248
63874
199965
132815
32796
56623
58590
2857
28027
8077
208677
54538
267279
395050
201196
328250
202543
9050
25577
24945
1879
20116
61036
394331
8151
264425
27262
262909
26757
202978
266831
43703
44589
2506
15402
264431
137950
17390
18150
14432
199129
48882
34969
2861
38891
265788
264164
10316
268581
14762
133233
200799
202825
23274
209460
17530
23059
12581
38808
16243
52930
52336
197008
43514
21646
61741
58627
198588
18322
43364
52675
265742
42708
200426
136852
1625
18181
41126
6931
39056
267357
33589
198488
52855
5087
9654
209272
200596
23304
328043
30779
26422
28231
263189
268707
41972
62199
52993
25755
47502
40378
58396
9354
15533
64433
267976
63995
47237
20310
45415
137274
61371
49540
393776
111
55303
30003
265807
30698
35979
395795
205306
34393
28130
132593
40317
19693
58065
328013
62388
43586
328361
47927
22460
263840
29238
62195
201069
54258
10796
263880
134911
265539
37711
263566
37519
396553
6188
131293
6697
201975
268754
36821
47567
26216
22337
39051
204429
28602
33204
135197
44405
54521
196924
2477
33442
47588
7489
268864
59239
43646
51305
49818
136093
137417
132919
52379
7752
54759
8569
268024
132730
209259
60436
12179
1904
43424
136516
37219
39646
203016
135048
198081
54084
26376
43300
52549
59265
268653
51503
56624
29229
132505
43458
40138
12411
11172
136293
38405
62708
49453
54821
48825
45280
262242
205540
57734
52548
62752
269239
62579
205260
265871
48710
23005
46721
4184
138902
55000
4869
200561
209524
264005
41340
54271
17916
265745
25737
5587
262358
265472
40954
33836
27601
15232
207179
52069
268796
267311
62664
202849
28682
38990
262149
393950
58952
53601
40635
2119
52740
26859
47939
32880
30855
26596
132774
136174
50682
198527
204028
59573
51997
35214
135235
39896
21817
61713
13821
132445
264017
204280
203667
49136
52664
60670
19988
42274
31882
18846
59741
25410
133333
136268
268775
35383
136085
18892
21368
63762
62658
15772
29664
264777
42975
394473
21174
12618
60432
47259
42541
41029
136849
14916
263114
137353
132906
14527
265959
22779
56934
36678
57372
26276
22985
40387
24887
46995
17413
263656
19718
137211
265755
33479
26330
57180
21648
45275
136188
23498
18849
43413
40377
30609
206262
20325
31105
328268
265671
43816
26925
62937
22645
56425
328384
199237
137665
17547
42203
264046
197122
268517
12430
43503
2726
35602
30496
35505
55351
394417
26557
36222
3302
29099
21519
41089
138494
138274
60078
136700
24689
202290
4780
266205
198414
136395
11280
42713
27258
139347
36640
262385
27430
33709
396426
268206
30373
269280
8560
43307
137896
202002
31505
52688
56030
134599
21022
16937
263869
31720
266842
268147
262821
28457
138676
20570
26963
64053
52372
264449
135813
24391
34353
268291
57355
135360
14567
37366
205950
2514
267291
16179
41422
36159
63326
45514
133942
394741
19496
46059
46644
33366
197603
40039
63005
13410
203574
2588
138517
206232
20428
203892
57599
263092
136606
33662
28161
52349
397180
2497
11300
55836
31529
43322
60690
8725
200747
266252
35485
9270
135925
206355
262538
197674
133331
26253
268061
16120
202086
204390
62463
263659
49699
33378
61020
263090
43161
37499
12004
60779
61412
1519
43883
45158
394669
198338
50382
394907
39029
61244
31474
41569
205899
26476
20443
7784
138638
14080
28589
51273
13174
58869
263845
43528
134106
394183
135963
267733
54605
131734
263353
59715
199848
55726
45452
21196
57867
139581
60227
60425
364
62197
26769
24086
59166
48577
49080
42845
21912
267064
44922
27682
27482
58493
200005
46979
17878
264128
42433
268258
268059
48990
37337
14566
11105
134236
263279
263374
58191
263192
26550
28840
51669
33905
491
43507
24273
16890
19220
63504
61011
20602
59252
62938
328534
34862
33516
132789
58587
33647
133943
393453
4795
8007
38121
27617
35423
3839
64023
61972
136827
63304
265438
55306
3423
63500
48893
133326
42562
262162
40538
52626
37036
50835
209645
