18709
13976
55098
202649
32261
38191
17418
206158
59148
47306
202198
52980
61333
21713
64030
133774
11377
132977
18989
268575
59103
135460
49824
21373
59763
266856
5464
35819
49304
202982
18356
15633
57762
17271
48663
31588
20278
9715
47438
7690
64266
17827
49665
266802
396158
32432
33661
135567
62966
14946
15486
10176
132739
495
266358
48860
268674
62203
1887
263280
205985
267163
135557
58216
56085
36627
14303
39518
33725
267469
209578
19039
59965
28929
24658
36682
44388
23944
206408
204496
393834
53182
20186
14438
12227
30013
204795
38490
267072
264549
134951
53137
328198
268099
13968
38200
61859
264831
30323
42333
204814
30176
29593
7951
136719
138714
209015
32490
203027
45102
263103
53404
12258
3598
22698
262429
264101
206611
9076
37168
10261
42894
8517
206288
29357
200661
63168
203692
14659
60780
54901
268346
31258
200292
269035
138647
30433
27759
264087
14029
53024
15699
60971
24941
57437
197116
268947
62094
17624
137049
31560
37979
43304
812
327747
133528
7703
5468
266075
60632
12821
50310
395646
263555
8719
41904
42536
31334
263824
267042
48953
21754
20115
63475
203959
266053
263447
56019
328553
202713
38484
2523
12715
64075
133780
265406
14175
133658
38994
397715
15891
264982
10377
202742
263157
51675
393619
203188
10042
43238
31929
268072
38227
62444
19040
15764
209372
328079
28622
52196
50863
31810
48234
205136
30066
207992
263621
24843
5504
44563
200480
46427
14601
204189
14721
263795
136533
22003
5860
207167
62297
13525
205971
63590
205906
204355
207080
10021
9421
197835
28334
29518
59092
133261
38418
47587
267501
20256
64472
268628
49114
52504
2848
45810
327872
62873
38174
263039
56119
198511
48666
47379
27876
37418
49697
45786
10558
269308
3722
55388
135310
393685
138534
53936
132303
35686
54618
43842
202840
267428
31764
48420
14415
11232
17477
265989
43333
43919
133043
60976
49594
14889
263593
133842
268444
46028
55536
43613
33531
268330
17864
1404
138837
209
57060
1515
20357
46375
59217
61273
262298
6300
56116
26644
31676
9229
206036
18703
393853
328009
394122
203718
328123
52000
197192
52956
49839
201678
264124
204706
137306
202584
204224
35169
32716
58024
134382
5772
16732
18501
266625
196872
14839
25786
43527
131178
197161
15108
11283
134900
53033
20105
138135
35857
58286
33009
132029
32717
32799
56951
39447
30890
7125
42388
54452
51698
17554
52398
40283
139326
51261
204921
266604
41000
9911
133821
132486
47370
49961
266497
132684
134655
35289
61420
61483
136078
263611
14229
40098
52836
22943
201597
8304
43019
266977
50699
47801
7473
51161
16991
262278
32954
135880
269293
8011
205270
267695
23029
1111
267487
56560
8832
46344
9319
3549
43431
137977
328324
4622
198482
269298
13797
25155
207169
15916
44473
268089
138689
49577
202958
396160
131772
45752
29834
13816
13468
39532
7224
203480
52348
38375
263272
7539
25884
37271
134523
61422
38186
28989
198757
267800
18981
6124
48060
63771
43706
61200
33234
24389
134291
7896
15211
9205
264507
37349
206517
53263
199948
25008
51204
197904
61771
52905
61251
268003
266640
202497
197592
58298
265504
60377
53640
46322
264271
14904
208094
268017
267307
51609
35664
65539
20283
61634
197375
26224
45537
33043
60782
250
56269
206542
30986
60245
20037
136826
63914
263992
133531
22082
55826
14887
44434
13879
206111
33158
22687
201295
57136
3602
10231
54578
63888
201093
264436
14942
133329
21985
51250
202552
7355
43594
134610
47683
50234
35619
63001
206220
45357
14818
199992
22412
137309
268816
265714
19255
24519
45366
268400
267684
133025
49186
35981
138175
18403
8311
38303
43144
3152
20776
262754
49616
132308
266319
137454
40328
137648
199399
263470
13095
395046
133840
8746
262838
197678
5786
47830
61590
38199
200721
197664
24485
25686
262277
395363
60026
31769
60587
25568
200685
327727
264936
206162
267136
17249
262692
22511
16110
199593
135334
26165
64078
138684
7475
61164
43213
30886
62062
61033
262514
24526
36346
357
3743
199374
52270
198098
266303
54964
12577
137509
133268
133803
5979
264276
30866
199536
265737
27928
42120
265282
11056
51671
12978
5409
16288
136971
39633
44847
199740
23768
196821
21282
63004
263619
10030
49040
61468
51712
21794
13127
196817
59761
55229
204619
54483
137047
10388
138487
28241
16673
393486
210213
29399
27093
35984
58800
269563
133711
62090
132952
133194
136753
33867
53797
11844
25030
19816
28116
266245
197243
13205
267429
210021
200390
133702
268203
328015
137137
137875
265379
266715
49811
52200
61501
203645
13837
266321
29713
393442
18227
57240
40255
264547
327793
42190
29974
25191
42123
22591
25729
39263
10921
55734
31191
199539
9009
13367
3917
135177
48817
45431
33965
36089
262150
132398
197063
50833
262758
21077
26084
1781
28983
60546
13591
46625
45284
27343
57325
2643
268968
46034
41122
1564
50880
393896
43350
201471
264948
56598
264726
1972
59665
50601
50785
10379
20321
327743
197680
52145
208876
266706
45548
43352
45355
133874
31128
58500
54006
4658
15447
51751
51914
22036
394167
134401
12135
63134
205203
19429
56946
135047
52581
27446
21453
135223
198820
17382
57456
52202
18077
200080
36857
267596
265775
17235
25772
26917
10680
14220
27933
393908
206399
49254
50398
26864
263580
63439
200982
57830
58557
328370
31147
17781
267134
201891
19643
397105
60153
61698
29143
59602
26857
33371
19858
37043
7001
40216
59188
265086
51010
22038
58478
35022
264038
7490
27501
197602
50557
263073
1746
208208
58697
207000
59572
308
264796
4755,9498,10201,17917,38546
2486
139211
4826
17903
17338
136740
63264
30117
60853
24139
64408
16394
48723
268047
31744
16713
32166
55625
263217
135031
18571
132882
268663
395005
199833
22828
57753
31689
36645
264776
202931
49177
50372
265844
263516
23956
199883
40614
39182
16700
53220
59412
137945
35205
267863
265984
9433
23392
60878
33688
3491,4323,5580,9009,23005,40193,47869,63157
61077
133042
3756
58542
266585
137304
31097
262531
204102
51409
44534
19401
266587
203374
35933
200863
55839
61632
136429
60088
137588
266039
24270
29529
43628
268322
46428
42603
42599
10199
42697
198317
132718
137259
34285
209011
264142
51891
24295
197491
266814
22921
209706
204445
17913
394450
46616
268891
48489
52589
3268
394975
201350
32049
264174
7570
55626
15265
131207
393944
31959
18008
199894
263000
58880
49609
25260
205065
135909
35625
9228
204947
196909
12996
64114
43191
267457
12597
36180
136324
327972
59829
264358
52902
328106
60286
27763
201278
30134
43796
47530
267003
27937
9840
395190
268264
206787
61737
393596
45212
206015
29050
20067
26850
52091
30382
6679
37149
206233
37306
210212
267493
47725
28560
60808
207029
9113
46251
62204
1010
8326
49402
31390
134935
29421
269120
30630
13393
200106
209178
23632
4717
59320
60639
264178
209844
14051
31374
265172
204554
206910
265354
137640
60043
16096
53419
31149
9867
6315
265899
203600
264342
20202
58443
41386
24796
132967
209859
61248
34670
45720
327829
267067
39505
37377
55188
25021
328159
12109
59679
29784
44640
55341
197991
262877
137656
267039
58659
51681
23367
263727
11760
30043
9488
36920
41653
262434
17633
267208
19792
210052
203627
205757
201576
328304
206068
6306
198779
16993
44305
55545
51147
59549
19872
203623
6819
201677
58505
39650
203143
199381
39460
17231
58034
35764
39588
138781
137078
48087
395434
49981
57105
3551
63489
327945
42426
37645
59421
394216
265485
47375
27524
137281
28610
268145
133659
131733
64493
8720
394729
266322
50547
134810
16872
43975
59949
199487
268408
4387
21388
265769
3601
61110
28339
5696
52366
206226
45268
15250
198197
24455
46976
327854
201297
265402
49500
3178
55819
397384
48154
31336
55510
28183
265260
10701
30141
19029
42411
43334
13880
8147
55193
12033
47018
135733
264788
45969
205814
1724
61971
44541
62253
134893
24342
51679
206425
137554
34760
203068
33604
46317
47800
202611
49955
19214
45541
136693
8895
34342
41352
35960
6903
267675
265232
38716
132795
52810
136253
48095
48284
34079
13243
37552
3225
9732
35990
263976
202537
132673
52826
268201
19330
264033
197540
201747
263831
45243
265016
12829
35854
265335
202634
8549
37301
42051
60661
63398
137677
264989
394897
11597
267531
35024
50119
135135
197255
33027
37373
29789
32865
46208
137940
266114
394700
55402
393278
8909
262415
28535
35675
139335
199787
264509
42337
52377
131780
264
51557
46882
394355
18120
35816
51921
394654
49531
138432
266806
197854
263789
52994
9468
39829
33203
133098
328207
35584
55405
20841
132217
264493
25152
8590
20582
16422
267106
263530
30717
55561
17268
24890
29686
133126
132333
268141
17556
133235
393956
36105
23704
50727
4779,9670,132209,132301,132495,135025
268221
54555
44800
202687
15974
17353
61684
394001
50488
209500
39219
266410
264742
263118
205321
132017
46026
136295
52524
268710
131240
18723
58067
136017
28313
52419
209237
201314
14230
30018
42926
47495
397591
266043
10592
40674
61923
23257
133655
201690
134059
14556
48815
32053
37115
199778
23088
327754
59380
16625
135959
42513
57804
16807
15736
37116
28505
20771
265270
1339
15626
262715
61774
22649
263040
137888
134585
29853
50045
56547
268142
42695
264447
4544
35557
266931
20911
39876
9327
203542
7633
24375
264974
11230
137619
265952
266408
57936
135868
2159
264819
16074
136854
41986
8245
269820
50354
132968
200750
39127
137505
267776
205036
32551
3130
49505
262331
268795
37185
200309
327942
207059
56942
24110
132698
137810
19525
265393
34801
64410
60191
41571
19900
27831
9974
267217
15557
62915
43580
45583
132696
59579
35946
53208
266231
134004
132627
18827
54916
60363
133650
197134
202205
262802
64404
53581
42413
134356
30192
52624
5048
63641
266047
61330
31129
328081
11399
60270
132167
134878
206182
267252
14418
210234
61925
34731
60435
59361
269218
204288
60453
42246
56574
395095
46977
61029
200625
203675
26945
4818
24000
45882
263395
17444
49362
43823
266565
15468
197802
38836
393218
50580
138856
1252
136841
202266
46422
42044
138600
132061
50139
135779
197693
40237
133247
41095
3820
33808
28644
46727
139025
57243
135763
57221
9153
137279
19092
268449
266510
62691
3482
53166
40221
268080
38159
6059
59025
28192
57661
38130
269496
14330
61137
198943
48491
136010
25773
19998
210167
28094
38340
10355
9812
30881
204285
58893
57404
51263
18011
8641
27787
44220
56828
269203
16037
263884
198968
263421
10546
203435
21941
32343
19437
58010
23876
52117
267779
39089
1600
137878
32842
47988
62
19559
196925
61889
13840
28140
132771
42987
9198
196902
56994
6316
56008
50539
61207
22323
61311
40981
1634
10912
2933
2060
44877
134176
15245
200503
16221
197614
264558
15534
2637
1398
23966
207801
266387
20617
27786
54643
31328
44403
268462
61636
394574
7949
4274
19402
135942
35909
265776
21247
2547
15590
204419
262286
269366
204218
58381
17287
1461
328147
200956
3481
29667
43564
37284
265683
208427
200897
204369
31915
9893
202297
40938
59154
263069
42081
134892
265301
15051
19733
27994
18444
136785
267569
4637
47054
46315
62042
131621
202015
15157
7417
137362
44817
398018
267249
135722
61307
59872
768
209381
327789
31125
136278
15379
57267
34766
61155
264492
266975
16758
11985
56813
137474
395899
5103
17583
267401
395254
38182
60135
58815
137045
41336
267610
199312
36848
37982
395837
138726
26280
59193
59931
32391
35154
55414
9341
132900
41666
20401
12557
200366
21504
206647
137041
263441
44725
43402
134648
51682
203073
39921
20339
49940
40303
200953
197447
35577
134797
136904
45922
51198
57275
265097
9159
202349
210154
206686
26478
133695
51490
393891
60913
36103
21283
394401
13041
1975
57894
9268
41958
11317
265021
45140
51153
45606
37403
61798
49118
48751
50345
5310
37386
265675
138760
28263
44962
263782
61850
4617
65553
10895
53170
37420
203533
132893
197990
264839
22089
267347
21379
31897
58378
198240
3905
203084
10428
3354
24103
30225
42990
207097
7735
48536
136802
41785
137085
133320
27486
62759
266115
12644
42445
201566
20709
262187
19606
48608
21593
54380
21557
36255
266425
41371
30846
200697
20135
197949
56358
6
209907
22748
394414
40893
263965
210194
8494
397274
25844
15908
60960
46071
41347
197497
58385
13436
267406
12642
133686
203102
197324
37998
12935
203372
138195
19244
8190
262441
204442
205191
12082
266852
32437
59359
205146
265327
11815
1759
133649
16477
135824
31906
136709
44841
135027
202601
32035
134615
263947
52899
33824
206310
139604
45113
201631
26407
265221
133451
28194
61883
36022
47929
265450
266072
63580
4611
265081
34547
136936
26110
138299
21925
35370
41022
16891
57947
264129
265382
28634
135182
197833
18584
15085
19387
210288
16420
15661
201979
266798
132070
60739
52195
138453
264444
262453
17941
58649
262763
198717
57256
36925
28403
199260
1831
37164
28994
62727
135738
45285
3680
205641
47772
42723
23315
199828
49424
25317
35587
58141
265760,266666
264294
54115
59347
262999
50138
26860
263815
39645
395648
15176
202483
51551
266129
10089
35588
51999
203145
4889
22024
134254
131419
29073
328471
131166
36945
135439
34251
30051
25166
55140
396274
16992
264627
268397
199773
203398
200008
394961
24097
53500
1754
38662
265321
393581
36948
201442
57494
265123
4663
24550
46301
12767
47000
38778
139387
49693
267517
45634
55821
47398
27628
27739
65546
268493
8663
52174
56660
16720
1741
45040
