51025
8068
131090
206213
53918
199824
12133
132251
54738
263066
44786
269102
58558
44716
13877
49649
43063
22931
8268
131363
55541
25513
59117
201510
50810
262627
135862
39318
23251
61790
133977
21502
263274
43134
264013
200983
30277
22521
136425
138497
52948
394506
49407
35110
29690
49702
48435
135730
30702
60595
7838
38799
40267
132883
12700
19968
62795
134391
52204
268801
24109
207991
14549
38310
52898
265372
203432
25933
51740
265907
53094
45196
395153
136689
396380
266695
3365
4840
205280
36114
139299
25032
6224
28805
30235
56040
208970
4704
197705
46435
263144
137884
268263
35520
24313
35974
62430
131353
474
138296
23280
26194
57843
137485
61521
267161
46331
60068
29618
3927
15471
28067
134721
266371
6256
262548
13611
52979
6560
198838
6660
58163
138473
20029
24082
40722
33679
132664
45505
55226
131393
21315
264634
265958
265058
9064
9551
204107
61767
197745
28524
40530
394485
61062
201307
55542
209956
48694
23502
21813
24043
37582
264058
64312
202905
51119
202773
20792
268949
23141
197971
22007
64270
65543
134858
48502
51828
394048
12801
42495
198225
202092
44619
139261
64209
11913
264576
45292
135450
52273
38278
4879
61660
16686
12898
202378
204945
50934
328137
262330
263195
46565
16244
21511
11074
55290
265324
264283
203563
203531
15611
8247
42432
268238
393427
394828
29
210280
203210
13231
51685
47693
61445
206873
23902
9056
206794
268880
63852
57417
137413
198867
395723
35020
135486
54985
14701
28351
199428
133969
53903
50612
267574
135356
268475
56671
16750
63977
393662
265529
50401
64327
36327
263019
43554
393571
395505
58467
34516
56354
24940
44960
42289
203257
262423
15
44565
396236
50278
59766
45657
35604
57230
263742
135472
396954
54606
198854
841
264640
14352
134931
28017
268455
262795
10533
58613
203286
44836
6890
201507
17829
200553
137307
56210
36377
14010
203063
197078
28514
57495
268388
262662
263282
267084
49425
5690
134596
268986
32736
10883
265945
58302
266593
62701
20222
57847
201358
37235
27968
34211
131893
138510
268699
47279
133533
53525
395539
56180
133989
52878
46692
41599
23139
210109
36057
267520
48654
48927
7381
58340
206806
37056
201996
55996
133356
37684
44269
56373
132298
398197
60193
205611
3266
13575
202469
267809
206765
206200
137947
60964
1467
49173
262880
197847
62024
31683
58383
35491
36594
264800
136467
263660
200798
262499
46686
26819
3608
4657
210101
52735
264521
50340
43748
18431
38928
14021
393265
134946
37193
203609
207076
264456
267729
202558
49815
328447
24753
25806
208357
56912
34778
55586
63863
139369
11252
35800
206698
24523
54547
26083
132021
39271
8742
36315
55605
269114
267282
41676
29145
29596
2856
11353
21737
395119
2021
52179
21743
59637
35916
19598
9517
16177
58919
40882
21385
11205
38044
45349
264715
208891
138338
61001
62969
29888
13893
59671
52554
54891
265771
48328
394591
29286
44247
42608
34875
269483
266232
51778
7674
30189
61848
46443
41027
6871
58005
267626
45771
61725
62669
11988
262619
45024
53623
38594
209339
2611
199913
135463
28198
9825
36697
63462
47174
27958
198932
138706
207031
266753
58326
47738
201027
575
396238
58902
396415
3393
27365
29718
201448
393623
40501
131181
264373
46160
52422
134603
62705
59717
19152
15739
138240
19656
198791
263461
43486
132816
131305
328330
135037
198289
10882
396082
33171
135003
58345
205165
268643
52645
52274
198930
5607
53571
37094
206843
16350
46188
25704
22968
55531
202331
268129
32505
198957
133895
132107
62845
37268
32808
5588
53830
394013
48162
52860
137354
22509
266655
16541
11115
35036
263187
395768
393239
62372
14503
14744
136419
198617
265334
136421
13573
263745
268607
29425
262507
57443
26347
263263
60029
268987
4835
19616
53506
41662
38597
199470
18611
29824
51232
263767
29510
264272
131596
210172
133385
24218
199652
42578
200163
132364
49381
51203
46762
262439
196983
20924
59825
395690
63980
41776
198913
38713,45779,136974
56386
22328
201410
43633
26329
39376
267054
19631
266078
43308
36664
722
14936
51659
16495
13336
56056
145
57261
200189
137186
262353
18510
61096
29608
136823
196896
39869
196799
43998
397163
62522
268311
208503
394559
46564
41445
61470
52989
27092
264827
268586
63865
132468
132999
10774
57462
131321
23045
60548
54327
264400
38623
16285
204530
27209
47578
33573
197512
26820
203519
51039
36395
139351
204472
206932
11339
38434
265001
20568
49232
46509
32780
203418
133437
62683
204088
23049
61394
52787
49309
395279
12720
52607
138359
25854
10084
21020
132060
28065
25842
22027
54113
269082
577
24976
47242
19781
268152
62424
41911
201406
205323
58597
42197
327999
263879
54043
262713
196849
34248
268979
197967
39238
47713
27887
48000
137381
209071
54198
397470
43970
32354
20175
320
29576
14797
51190
61877
58221
393365
16938
52284
58903
262178
394302
198596
412
25259
45031
46376
397168
27308
45226
138150
55919
267640
264172
397585
34392
133034
23635
18021
12873
132768
15092
55802
12213
15000
40508
201608
200590
23068
46302
198540
202937
267255
19739
23563
269186
59753
266069
267676
26571
61579
205363
393359
14209
62600
23587
268035
41900
19380
131597
33174
394601
15361
37672
17465
29324
65545
204447
53176
199935
138728
42518
52479
26209
42408
24374
13793
46052
28776
206626
48217
57255
760
202788
45287
396507
19111
52391
39931
202659
267883
262431
15988
45834
25986
206884
49792
28478
266581
43843
203336
21873
205098
47210
268521
38110
7003
8596
4668
39900
267118
198435
20928
43879
8386
30957
18148
9418
15886
394275
58375
262678
48996
201355
28102
267278
133925
15742
393924
139537
328213
197619
57257
139216
48344
55291
139054
29843
54584
11865
265481
134435
41853
266328
1569
135438
25625
49662
13460
38571
262227
200448
53398
60330
35394
14950
57320
11994
18210
393368
137617
203319
47331
206067
328060
268050
615
133761
32995
16954
264555
38731
46537
38965
36886
202847
52814
265028
47245
264918
48511
269525
262839
55355
200623
21371
1267
205493
204899
38533
26934
134416
50622
62537
201104
46342
47838
1333
9484
262295
22503
59498
24057
4628
47673
55639
47686
35065
204650
54296
51024
203118
46950
266781
267383
40840
24995
31167
37706
32028
133078
24650
51821
15618
8605
46841
27947
36608
62157
207925
53369
39080
25857
17023
28748
43516
49102
138084
266198
54396
49049
20909
22512
28178
31223
205014
15335
44451
328145
44207
12455
132006
264975
210247
394253
48900
55830
32355
23917
30643
10222
21719
133638
135287
262822
206331
57251
43209
49470
8252
8781
24260
54145
265195
268079
27580
44736
15311
62238
28572
268164
7020
16028
198311
11917
54123
30793
137638
26160
395376
18616
31297
51015
7973
202167
7835
12390
201714
131180
18201
59884
47258
27891
36986
131763
202361
38713,45779
394173
60638
29171
12905
38916
17377
35973
29663
9122
46685
39138
40354
41088
5432
198392
43972
264261
394360
51987
25623
11398
198697
61500
52540
60974
35236
35467
38859
27293
52964
2593
32429
61928
18207
204167
268418
35722
327826
200923
203214
15802
20703
55056
395449
39781
55251
43989
268600
265102
28819
9444
61057
266447
29432
204001
7033
199601
208290
56792
395332
135477
25487
19800
267639
55248
208570
18885
268714
265322
36210
269303
54818
133185
6730
10837
63373
48377
37940
61669
32361
133521
327700
202517
42295
52655
57634
50481
13919
41606
45133
200764
17158
32097
61759
131434
205214
205506
23235
12777
52790
38448
262590
47973
7821
262966
25943
132524
38609
204909
205415
17244,40189
61948
327930
266409
268010
41858
327913
1761
31955
263638
264215
62620
135085
56120
52105
51859
21840
201262
39054
393436
8982
263266
55907
50313
43724
199714
50542
133540
31546
44688
61745
54247
7560
57716
26428
31261
5466
41786
136339
20539
3145
1471
26994
34372
38543
19154
138621
26745
133303
57862
395110
46324
202207
133037
38513
8194
135192
266160
205634
133450
265433
42262
4569
268884
268109
206816
8161
26049
12302
61213
199768
64231
138005
48022
61150
37506
203236
209262
45350
15897
42640
264326
3472
57457
23425
18479
269135
30504
266515
266623
42144
45596
139618
395726
57442
263057
39831
267045
37969
327961
135384
266542
3790
43895
53648
55853
265276
268587
16160
199290
16235
197501
395578
37920
133721
268454
264003
26399
22834
19773
30103
29436
41557
25583
38138
39027
50919
29012
59747
12491
51132
200996
44816
62639
51580
45244
394197
268598
56201
1472
25988
32703
265582
15182
393309
25717
14469
36843
198015
52380
56964
58242
55956
6002
54432
33530
135810
46290
265902
3356
5033
33988
132958
23330
8829
204215
47510
137935
9115
41198
56146
268320
201371
52474
30565
8660
58197
63769
394744
39810
63286
38280
137936
396362
57858
206313
50593
33923
7597
50836
20196
263291
28546
58170
263250
19824
63368
49692
4849
60094
267704
49223
10208
131625
268660
200277
9384
200668
63878
268898
38183
24024
205268
57316
18651
267256
63130
30045
135563
8239
204165
263744
262485
17806
18988
267127
34497
24620
9144
36130
61717
262702
267183
265949
35690
266091
209085
48748
267633
34038
35478
63190
19635
58926
43510
268944
138068
137116
39867
131692
36304
22011
41202
264789
31221
138636
262593
63382
18930
53809
266133
9808
198183
47709
33262
16524
46578
60189
23360
48190
52680
395092
12615
59471
56899
38506
43442
262234
268094
54667
45706
38288
16837
204676
138378
10780
572
51457
16544
199382
135028
44019
44086
16494
29317
52611
3356,3549,17378,62918
263293
198583
49997
14068
38886
28369
393960
11519
266878
197877
266880
37593
45219
19217
55862
33440
46293
135799
6373
27579
203282
7578
265208
266779
210306
52412
33426
200537
20730
265975
53168
203746
203805
137541
4672
206564
266195
27294
263599
37480
34382
263534
10298
38421
58810
60992
64211
267016
328366
62829
139343
66088
33852
395880
56427
199834
38299
268113
23479
266284
44293
24041
133652
22504
134990
32094
16055
132981
201299
25946
63221
203625
210322
46233
36898
13435
132316
60904
58361
17957
201447
3635
33481
42727
11870
206756
26091
25482
197036
264472
39332
12843
56140
19742
131486
59567
265507
53373
201147
47790
52854
34961
53486
199243
266876
35829
137131
18375
198185
50673
50057
38776
19506
33003
204748
17038
32103
44296
39470
394992
202651
138790
46694
196689
267551
22297
50090
196761
43489
24846
13847
53653
138527
8369
56088
38269
209782
339
263358
32686
42031
133934
36124
205173
263289
137445
137891
52924
35682
30334
55793
36935,37193
63861
60812
12817
44204
47581
197547
208861
18564
394184
264180
204928
2568
397134
267008
264266
20569
264810
15823
16091
50257
49017
263260
134739
268793
42494
53000
44329
36837
10446
1783
21833
198149
203362
43821
12608
17904
61233
48872
135918
396177
132814
266688
45368
53597
200994
135022
44889
51998
264333
25364
17605
6356
50249
264814
47321
2116
52659
60409
7602
32563
22218
21195
60939
266523
51607
266281
56317
16791
20787
263716
39519
58440
27822
397797
13723
55293
43576
54360
41003
35389
396420
11325
264148
199197
48495
208492
50287
19889
37470
31206
62455
54420
40516
1452
24213
58183
268463
55515
3134
21271
47365
41722
19165
38142
10929
16478
4902
131710
35951
265646
58819
204340
9380
267651
11916
266210
135133
62593
63747
61327
19806
264594
53134
36243
52218
46701
20218
21825
28530
39291
262830
60372
138074
201054
39571
40623
263153
202525
201548
4594
136933
205763
37024
45177
134903
199982
196644
132950
61012
44377
265049
54196
42690
43949
266339
134298
49210
393925
39894
37204
51622
21821
42351
136683
6912
265926
17809
327730
267240
61588
55439
16908
62810
56502
50475
54300
43993
6245
60940
18002
133439
15337
59708
29014
25203
266958
8200
26546
56214
25398
394334
20459
265506
394488
14552
51352
38209
19246
56118
205979
135581
18126
48467
135170
53244
45184
265639
204405
137074
53202
27424
33597
60550
132737
46261
133068
264564
134737
5618
51789
203800
24013
52577
47288
12811
2665
39216
23509
134677
46054
48674
15933
265874
198463
58906
133839
199493
49409
132702
52600
35862
10636
19620
55220
16087
265359
264661
56978
24747
62585
263870
50009
12447
39839
5572
36085
202761
209030
41747
9540
61030
43521
133038
135612
62054
31131
47619
51889
263027
4685
27674
58946
199606
208562
1426
263776
15584
51732
136780
29114
199081
265180
19051
58040
132559
37127
37033
55096
36750
6505
33983
204548
56636
203499
203487
21584
26218
133843
57627
24055
55711
56848
23109
266993
8820
50228
53576
57169
35914
18530
21421
10071
133137
23033
7914
45924
263642
52431
29867
137834
266954
61191
42678
33081
26266
135711
55719
30208
61250
199506
22426
137607
269759
64253
327750
197177
50896
60163
266264
134269
40670
134189
4493
49047
36444
33467
48279
59045
59793
393915
204076
17922
131445
40750
60558
10348
263456
139268
46334
32591
26451
1733
11416
15754
20525
263937
47342
42677
38499
208064
53743
137651
1466
46437
137404
7301
36696
36980
13868
32362
36730
28428
47737
24982,64501,206911
209388
37417
28225
15964
136353
137601
60416
201200
35599
15359
26972
44759
19245
44697
38938
9430
15499
264464
28293
44895
61931
264136
138646
42074
32307
3359
11648
39435
51056
203551
44303
40639
9751
265302
198599
10919
203120
42287
7595
203783
267412
9535
204049
262470
57460
8570
394752
139741
60487
19077
20668
36911
63020
64402
