264961
35405
61690
23948
60926
201913
208532
53497
58965
58889
5483
132003
8411
12077
52687
55672
202766
201019
269054
16066
39619
38325
20412
201460
38266
135661
12906
38968
134855
42746
199732
134061
47926
204358
22738
20039
30542
55629
136654
29693
60766
15377
22800
265972
59860
394816
134113
51555
15199
397572
51611
266837
208675
1554
134006
44562
33964
203637
134179
3850
53101
47996
49463
10156
31976
14600
2697
9306
206324
131337
264072
267523
32293
5530
21527
43106
203739
206191
268435
328220
207033
12379
134812
21750
59065
18836
52692
59416
25100
262790
210327
264183
21644
26714
40298
45304
29607
32255
6846
5605
264421
56521
13757
263741
14611
136254
57631
48904
2863
201429
44813
57792
209861
61854
17,27,802,1875,1968,2150,3044,4784,5090,7485,8135,9271,10561,12673,15046,15116,18028,18031,18047,18188,18663,18791,20719,23294,23859,24076,24371,29773,29959,31689,33632,35385,36658,36859,38641,40151,40387,40591,43206,53403,55380,55390,57338,58647,133357,136164,137417,393392,396358
48358
135605
52912
6147
55923
3316
266566
33806
61494
25674
397003
40173
37671
266299
135694
264403
56694
59511
49121
27929
705
61805
396245
24296
11472
4563
15278
45624
11003
34387
8403
16089
395116
26779
18592
11831
63103
135004
38570
63620
197300
265722
48123
48321
5180
328050
12464
209649
200104
29382
266844
62762
53841
52271
48529
52557
263924
43251
37170
26891
53037
56415
210123
263132
15263
268091
396310
53273
39119
52394
200975
20192
1789
32252
24785
17228
138092
55912
38364
25694
12731
15536
46320
43852
266969
29456
22576
138064
6718
3372
268840
268849
132980
19602
17457
135162
63514
327969
209150
210125
28697
14127
43445
199303
54365
39986
138914
60463
137117
197275
52683
328144
205777
30361
42951
49360
57272
204393
53120
28066
31662
31690
16734
204188
53274
263553
267432
27744
262780
14103
198237
132682
394078
262229
40362
265648
139287
14364
18856
137086
57578
204869
27311
58318
197686
23853
266151
56586
207156
34556
267802
14388
53828
134875
54909
63374
38621
54554
26577
18604
60370
57184
198580
205892
61444
50916
134407
409
138586
2903
8901
62175
52662
29891
134672
264686
49970
41063
4764
52496
39647
14929
40281
267138
28786
265342
44272
20081
34035
205232
22998
35583
22370
139329
54721
55790
207030
265078
34396
3837
265196
198464
25715
267395
29063
28854
197038
22656
26447
204651
28155
51878
267687
29355
197232
207910
38553
36527
50245
44581
49093
13585
267433
23710
31754
7412
51974
55535
9658
30424
30279
265918
4237
6778
7786
48096
46231
265498
19636
7770
197906
52243
39456
266801
55154
135019
49884
7678
52856
53164
9108
200476
51619
63509
19184
200515
63459
8001
42735
39689
18407
204281
48152
266909
266811
267631
393882
18637
53630
58624
268092
264924
22236
11326
48114
9038
61149
205534
26694
264025
43168
23443
132530
27234
41732
266936
197594
200712
264748
55393
202278
27819
10397
19592
27418
48317
43704
55490
61125
36457
266420
137080
395518
61461
131605
47949
264250
134258
9706
201889
328017
45929
3448
267983
48407
263949
199820
3912
49951
34358
11574
60990
131351
328491
138504
202608
268093
47416
22501
43996
38583
50627
26410
37553
11975
61425
267881
57918
10517
266070
60408
396972
23272
52691
133414
38726
29615
54561
209299
197610
135150
13871
27659
58534
210239
11598
36872
45741
36614
133550
206837
45904
52818
8683
266101
199410
25071
33628
203462
47703
203277
61362
199880
62187
40684
45334
40412
40678
38951
30836
45533
24396
264108
42113
55035
19647
19531
133124
17663
20507
262709
51799
2895
262408
37556
262577
327863
206281
52746
62943
30560
269241
15817
60115
197199
137848
57059
200868
64013
200542
199653
52287
205791
132741
269247
203941
22266
33721
60262
200594
10782
31084
61246
134823
59451
52990
3112
38467
202435
62364
5390
262726
62309
134034
59374
268442
60641
55662
53241
205804
28340
41865
19581
264042
46215
264427
15513
52733
264448
132897
131731
62659
139409
47147
46029
10434
22632
50035
121
199952
37166
10098
196831
201113
47442
30513
63356
51035
395915
62276
265244
9842
209910
134895
209489
22377
203064
52180
55128
20992
197618
37416
266986
52509
268991
263500
30990
206858
18000
49338
49253
37103
52709
265862
15659
137895
201485
34866
18720
203091
52724
18680
15555
21349
55158
199311
19240
200921
198278
24023
265099
266100
59151
8257
28458
266001
38917
56364
197706
47392
48329
44374
43513
35304
266026
50074
267312
59145
10586
58007
204024
40212
26667
42366
60058
25868
33594
14484
42639
13679
10101
132502
35807
136814
198378
264744
138112
266107
28545
59891
9172
32629
30033
197888
132135
55900
58481
36840
204975
7764
206299
269427
34718
2841
64280
268450
33659
2597
262768
60585
204185
23022
263037
42384
262248
56868
54525
134907
131616
47271
137147
264004
58427
17826
2202
3563
196710
37918
139435
6556
28392
50795
56212
21208
262537
46420
209836
33019
262269
135487
267787
7155
266212
15808
362
35668
58971
395935
15084
44714
52316
209749
49934
23694
269329
34646
36887
197687
209308
35680
8469
199500
48184
133258
58175
53301
199095
206701
59575
198563
54827
202238
204300
39681
25795
32537
48176
52976
132970
32395
36120
5766
138415
10010
50588
44120
46755
26610
139281
206738
19839
38924
3477
23873
63017
6595
50042
328419
55845
394593
61431
132470
39591
35900
55714
34592
265730
52073
47453
27805
263784
17445
40694
202979
17394
15106
9908
39706
199026
6995
12796
39471
31983
11062
61977
196635
32288
205853
138050
34499
133747
40859
197400
21772
21782
210086
133739
209447
9519
52986
17929
13607
3356,395662,396287
37344
41469
199468
22495
265388
43861
23930
133062
132296
25521
28344
4878
264991
134134
37353
266435
48549
10974
7516
63284
269068
40543
263608
14236
136732
33
397881
206230
12252
201254
21305
209623
393567
11193
35701
24664
396895
56972
3186
135552
49065
138558
28036
18809
7573
134995
131891
20993
5502
33948
45625
264131
205956
16865
31739
58305
62429
134806
137449
25607
53005
265205
266155
25984
48348
13296
56327
55424
4589
40812
268179
263018
263068
22452
7640
28006
38505
8264
37232
22689
209889
394068
52420
33389
52409
43137
234
28256
47956
34799
135752
2206
53127
262266
8552
39292
50131
264417
52953
24344
45117
36345
131767
50530
136201
262699
10881
52444
30466
268350
52469
61849
209628
21951
4258
1562
15083
133314
267002
263139
16868
28207
45574
268877
24792
137343
50748
12828
202980
40928
35228
31986
131285
61165
266301
393222
264696
133291
393419
205687
36847
60095
62224
10340
199075
200904
133349
197422
133435
38498
42542
133422
262526
44195
206939
8519
19589
269477
262739
268525
62895
131730
46043
64103
267132
31452
134671
266184
265774
25
44691
37183
264542
1147
393636
196645
206215
132712
263162
268565
54240
133616
43712
19624
48989
14958
134635
133334
395174
44630
263925
42291
58464
37585
27859
263728
59541
48266
264488
27619
44021
53922
138730
263658
133030
7309
35178
201595
1556
132377
10100
58177
131465
37076
58763
22281
265942
205711
17773
33848
14215
265856
62826
11591
266102
54303
56580
20262
61637
47170
35631
268878
11323
397004
64240
16858
264896
267500
396968
3339
57401
17073
3245
36224
263955
57625
39812
18385
134110
26076
25935
206186
394524
267513
61458
18605
20971
35
25124
208429
38868
267356
16578
21454
201933
204872
62394
39430
53136
134446
14681
53980
59655
27952
28189
21774
328107
55866
60927
202644
3758
138171
39315
199995
16164
54297
24555
224413
58162
57493
205781
198941
199361
265864
51614
12470
28101
60259
267214
53289
58864
63646
264561
6921
42471
22814
197280
52640
46975
51002
59733
31326
28658
136974
18742
57424
52679
132118
25156
200617
50644
273
30984
3550
55550
137515
134790
58755
15640
10185
63112
135861
32122
265478
50533
56388
47551
20866
55782
45090
2763
205813
44794
394255
59631
8943
41343
50178
43046
53831
47410
56823
52829
265702
262159
12915
55798
62546
209599
206195
24461
262859
24515
263337
11338
60127
17054
198262
34682
46027
313888
38840
24379
37381
263541
32714
45170
34852
54599
12142
328018
269061
27927
328328
11500
40091
133273
59502
19916
21199
136820
393840
39924
18394
267405
196808
50839
27695
58967
41258
9074
48905
264049
57348
818
263568
31029
61569
45052
47548
131577
264235
26072
16018
200143
27317
58096
4389
265833
8446
12438
16134
8173
57148
327757
39833
28295
56772
24787
132876
50186
33642
56401
133225
39736
53436
32898
267541
34479
137909
29687
267422
268103
49233
204125
4181
61834
396434
38392
60315
16980
199516
37124
134289
266062
269223
14643
41018
262919
138056
201190
26429
136911
54182
394754
395990
41859
34552
34056
10126
13839
21981
54745
55695
41639
202442
43598
200065
62856
41368
50013
25903
21947
394618
34533
50405
17441
41307
8317
52542
268827
203929
19884
46046
30237
53046
60325
266965
11136
263873
47575
29363
208295
53767
60352
37003
20441
11382
11486
33362
51394
34388
48078
206530
21430
56435
15348
136011
37196
26317
13990
268549
50479
6391
197572
2264
395872
42602
20269
135441
27696
45974
269770
40725
136439
263016
14680
37390
25063
23922
21885
30619
134404
19106
62415
327769
29665
263991
35994
50561
4538
267316
132459
41540
28606
13091
12617
262655
35469
58447
198781
48383
25553
7334
43937
54263
19167
134063
41105
33250
13032
30370
11370
27046
263315
55872
35362
136393
395565
28906
4186
38412
136883
36219
268950
26009
54249
55763
44032
264988
64059
61387
205142
25587
44779
57411
20334
1239
265564
26367
265174
266992
56387
2381
196733
265256
45707
131628
203972
37518
58593
134924
45576
25961
21645
28513
44682
265436
14880
132933
1218
18895
38785
137615
30742
37601
12353
9771
136662
59993
27572
203795
48366
45521
262668
18305
23030
38999
204292
31664
47192
40818
6067
31848
264863
56514
39635
262575
263749
203339
200183
7385
29480
62343
38813
16600
263366
268621
204542
397045
43511
267987
3737
62588
54958
268006
15112
25319
9506
45360
11641
25877
8657
196892
33247
196989
262460
52486
29905
57191
63271
60757
44167
54020
263433
397950
54986
22769
35274
62882
7054
16301
10206
393643
12387
199718
51340
267489
61807
197330
200566
55127
327761
27
56646
24645
32478
204027
34265
204904
37475
18371
13110
15351
28926
265238
201549
52677
45927
132125
29034
59824
42923
201803
202726
3833
17035
16610
62015
268727
21769
14042
4470
132580
209152
37409
202942
43178
45319
9416
12169
264062
48340
16387
35993
134516
135411
627
63755
264829
202555
327802
28418
21062
197998
394233
5462
31249
267358
200296
29707
10203
29479
17672
133360
395038
22674
137759
62004
268380
47595
202068
47905
397735
56300
133455
63240
65003
56184
266424
328336
197242
265842
46559
41586
133888
327947
8439
45552
30321
397040
12880
264685
132819
49827
203566
33075
201432
56304
136216
208625
24967
262906
24525
38521
51142
35810
53010
46914
48888
328007
52350
134270
4390
31797
12254
63773
43497
56307
14816
268815
17759
39963
29049
20698
9729
6703
262397
137952
14709
49392
52432
210323
50964
263614
38491
50172
11086
53513
673
44171
41754
265266
265670
264566
25352
58310
269017
18024
393545
49683
33522
23036
59485
64032
395920
200582
35094
9748
15505
11676
53504
27139
57130
25059
41349
396204
32834
265417
58314
55779
12057
396123
201824
32436
19324
51052
200058
202876
27033
22927
268733
36879
19969
328476
263704
17029
34610
132269
62233
394831
132401
43596
6640
22346
394304
29298
264036
16220
50592
264903
61176
11284
17415
56889
38964
199005
21360
62107
201127
29125
37449
10194
395030
56262
44979
63433
18700
262987
5637
138818
52553
60132
199416
265314
20886
34083
42581
198916
200325
132084
328037
26960
52763
207165
265150
29971
15619
264522
209510
61695
64267
57991
20790
53232
200524
9875
136856
22244
266987
7408
7871
267700
22436
265967
43786
50960
58923
263219
262443
134266
38710
3246
45373
6301
36903
58750
49843
41173
11160
61954
60437
8687
58704
14521
262978
55870
36711
54814
133046
3176
54839
33660
46246
4816
50
18870
44650
266970
38729
264295
263214
12946
54011
267732
29249
138889
27393
53112
201309
15172
53854
38430
397589
264491
55508
43611
22743
262890
62348
50587
262463
60118
266750
197953
23289
41152
43010
9051
262543
262418
31092
46653
268886
136323
394931
45699
9810
56361
46883
59212
196640
268918
395737
206992
36411
199849
393653
264541
53826
36952
52387
31758
34916
40015
11189
49339
54372
29276
27220
45754
267345
263317
206207
38746
8868
265262
136592
48430
17371
267756
27919
328232
49148
57028
61905
35352
8371
21294
263501
205153
51947
263494
21211
13666
262959
10715
42928
28143
51303
34579
53738
133662
26018
131275
33918
50164
205419
54329
15577
39175
26538
202920
131294
205860
134001
135065
198490
54366
265269
63921
18319
9685
134033
58309
262171
53045
18242
44289
60999
60540
50477
24751
267349
33680
266098
38100
9269
58563
61190
26027
28990
38517
57588
206066
16564
20521
201468
20631
268082
61186
55587
31251
206440
328383
16400
22758
203977
31839
203948
210090
205714
267381
50633
132301
267157
5679
266605
204331
204202
14208
263197
394635
11758
262398
263023
16509
201771
10347
266450
34679
268364
42728
36166
26940
61427
20799
268731
266496
137983
265245
209938
50543
201864
27335
30322
267845
395461
200857
52331
32639
265241
10890
262791
61367
45462
41225
133345
3721
12220
22216
46287
42654
57952
4759
133102
24066
9976
269242
210181
19819
139052
37616
198251
28021
269084
133384
22302
2199
58384
52588
52529
