264548
50457
46020
41180
396028
394995
60758
45586
32647
62182
59242
47817
37250
61904
266326
25548
10934
138877
262461
393303
204257
25540
132749
64310
24071
134743
206459
266118
60307
137948
15926
61089
14862
137903
263339
63488
21346
12567
60488
35554
41763
38171
21525
34218
47885
42616
266344
33671
37647
60936
16818
37209
41678
50524
35740
35572
63516
28005
262814
201221
63957
57464
25111
269243
22928
266866
197650
393684
394228
267026
60651
33925
47794
133982
210022
28373
40095
138170
2109
34573
21001
138568
29619
268506
43129
7325
206675
22759
4262
2047
61876
18689
52092
53068
29040
262413
206211
29829
267471
63290
36993
267659
16942
61122
18299
266633
31852
38518
205127
38712
268717
58701
199954
61523
42982
57269
133500
63248
205747
264985
47735
50628
55565
37384
40565
10722
206610
328140
38456
58606
26094
30719
12376
196865
51694
202329
64407
132018
13926
266643
137542
3233
31795
12771
262560
266362
2923
27006
30259
8925
197025
134275
201292
33785
132713
14830
133161
201987
15500
35494
208709
38559
262962
136280
15389
33843
393858
267856
201080
12727
57801
264121
30430
268588
135425
136313
134327
50551
1418
25876
266745
22980
133353
196745
206649
203308
30415
13088
13304
264467
209319
43197
43722
48576
45318
37233
46223
27993
32172
35186
207087
11685
2140
49257
196870
32340
134658
131684
49593
267481
12101
62315
265115
46889
49840
37557
135470
38853
64474
203141
29027
49966
57037
32662
136431
202711
44909
46464
206377
59713
134035
48812
22418
136874
138237
59750
132747
133348
25588
200737
327861
53765
268423
327695
19571
46203
20738
54012
23125
266481
138536
266567
17623
39666
19512
265964
25409
52633
263772
59083
63196
395530
15952
14022
61364
55693
263363
134116
60345
59431
64297
50944
20404
203745
46005
262284
202735
138523
15009
266267
133096
29122
24353
199563
263689
37154
61428
56407
3200
10950
31547
197064
268016
47492
397418
42355
57759
134710
26661
200531
23453
48231
53187
44707
13445
24203
59489
40198
263389
24373
135495
137703
131247
15922
64486
27316
200541
59008
37558
32251
13583
49558
266783
62029
202677
35548
35089
7247
29339
34669
49515
266947
56698
55216
33924
49620
60680
49622
43752
48964
265801
134555
137843
265423
9207
63086
34078
48838
267133
47865
138385
131717
327980
42483
48757
11129
42020
268319
12386
23885
18478
200345
262817
13582
680
54954
136836
264838
265092
8292
137568
266130
29598
133377
136332
327924
29147
137347
135537
263255
36635
56460
58224
49679
62285
202654
263817
37213
135130
266782
55044
207934
138688
394928
35071
203628
17940
61518
268297
24482
57884
12703
199179
265629
135212
269217
30762
201854
262197
395626
58979
138505
54312
33048
205754
328044
62190
47262
395753
135846
52031
43181
197424
38829
206163
136416
13864
133785
27389
11638
135172
265093
265464
51957
43977
264198
61591
9474
59593
43927
262712
14528
4547
56740
54248
17931
59559
28107
21871
200086
10220
1248
136786
24076
30337
64396
46642
50200
264457
37679
202569
197282
22770
202971
47264
26397
55794
394704
3676
131899
134618
199006
53558
24896
135604
13348
137403
42323
202150
11044
37259
205898
51255
3283
16199
48762
45765
45271
133006
27751
1786
395866
48634
56446
34865
4787
208265
204242
26362
199631
394396
268955
52817
52313
40662
819
25290
44440
199283
132491
16464
63481
46613
131251
134399
11493
28517
198109
209483
264915
36551
11982
50871
24799
8236
36709
24087
327815
45335
35873
394272
53070
50544
134415
35346
38625
267238
207854
34384
137342
28214
266766
63226
61919
57139
12392
11672
137083
62939
54648
37069
51831
46978
46196
32539
40205
33042
263378
52842
138768
204633
58503
52765
53407
14194
8592
354
26482
30849
263070
47920
262981
28128
265263
13
16284
204211
41084
46699
55656
268067
9226
266022
41925
135473
55475
201925
9044
10209
24319
203751
59699
136518
210007
137292
263528
12607
60876
6739
28278
33978
7753
268012
18628
266904
47038
207207
7116
37649
199629
53703
263543
58386
62491
62350
25983
201336
205093
40673
133346
42954
13029
263451
52707
28652
19543
328136
133754
137424
7540
131214
20004
21086
61720
262765
56209
14947
32832
205021
2688
17454
43026
56369
209714
30120
56357
26648
61651
263230
263049
12826
199584
47329
262834
21267
202438
267735
8416
58610
265197
39037
41055
15419
21955
135183
2607
50692
269095
263108
44138
200895
267080
268790
55062
267830
39686
48335
15691
268162
267246
264325
205240
42126
267420
46937
55379
133716
265254
208874
64311
54768
24238
45286
21175
135481
131239
17108
54390
16062
139394
21412
44364
52618
32775
269040
15256
45363
57291
60772
28022
23793
198429
39131
199527
8712
133927
197964
263939
261
19365
38145
264820
23413
57837
53926
133412
267063
18903
19019
18612
940
64304
60154
40895
267616
29736
199875
50976
12663
41762
49619
17270
60996
138280
21109
39358
17512
210025
59666
47138
41767
52107
268214
20315
21669
43349
26682
62931
52188
41418
49949
14813
77
58499
268482
17880
47274
43385
267986
204601
262597
24546
267194
55111
14571
269338
48635
13322
136248
395642
36141
37339
328310
267775
9479
57483
17471
50032
16006
263361
137639
47919
134146
43627
61871
3580
207239
1830
25176
41867
8995
32866
262631
12691
38605
44126
11788
265634
35490
138466
57834
16829
28216
328253
263227
15703
138854
57617
9334
34113
267378
132917
6429
135026
58699
266572
201825
1133
328096
43383
201284
198333
266871
134329
206134
269201
208638
135960
9297
328193
49368
52803
52752
264267
134919
52339
56437
36676
26542
264655
268248
31621
56061
53242
24582
12653
13308
34619
202565
10561
202160
131788
198948
14453
42844
264377
52166
204225
23060
44453
21399
139497
2896
200019
201612
48677
393371
135964
62427
133988
267019
38495
204804
263647
268019
207142
14374
52468
269256
200957
36560
15689
43205
54661
56356
20455
61347
25074
21909
397064
10633
61975
201137
267076
13044
61766
57726
197002
20898
263242
355
29787
40923
138001
29062
48144
263657
132588
266406
36630
33156
135512
41011
58594
42364
13728
15292
205505
20228
2485
328122
12837
6462
202228
12190
393229
47439
61596
135122
201792
133191
47985
16507
24551
268946
265040
60640
138556
1402
48983
40185
45119
62559
48933
58078
200932
23911
51431
202440
61434
45142
11468
267165
11007
50084
199045
328303
265982
48510
7992
51559
61153
201894
196968
205020
39572
199234
12228
49909
10259
205205
42490
31470
268211
393594
19993
57073
134690
264069
48917
1602
210030
136951
26417
23496
41657
35573
5306
23602
52322
62217
207979
266725
46228
37225
30549
7018
32908
4858
24477
53565
264882
20213
263972
39083
2648
63487
133918
8390
30440
61102
28509
43328
17428
204782
266499
22593
47804
267454
11424
53142
36805
263774
205970
263764
14492
11170
52327
57223
200729
40863
49168
58805
22887
62156
139764
199959
203849
46775
63045
37551
46379
27287
17501
41743
38465
16670
263146
328221
545
262312
265927
20405
204920
204268
63014
3741
13444
267474
41957
22826
60050
264120
26616
52794
11342
31476
262457
264265
11171
41620
48089
265394
427
18777
25720
60767
134926
262911
198546
53499
15744
265929
53534
12924
40369
31660
84
266254
61882
202403
135719
263076
263121
12304
138855
54872
34882
40062
40336
29689
132604
57306
16485
27236
41362
133159
22949
25899
37554
47898
23920
24672
51699
50399
208997
56384
55075
51846
31388
46764
51532
199028
18117
205185
33987
28193
136909
268204
5513
26296
34300
37089
50312
393341
135806
38235
40512
201970
3292
200533
6006
265893
136150
41949
132899
198058
8000
136234
202122
267220
26251
52961
42379
43096
266635
60178
210248
266363
25151
43793
31828
263564
203233
23085
30196
394909
202123
138
233847
22708
35261
58601
265148
198615
27689
26759
42086
264897
267398
10953
42005
34306
206706
8485
4718
51430
62056
263648
62258
209987
131761
12512
266442
62511
17678
395762
26847
12552
206478
18166
136865
30870
38970
62367
396006
32710
266577
52359
11058
55685
58731
263841
11958
10940
136133
59523
4673
134019
56759
201713
38099
33123
134983
30988
61272
263333
6146
62918
15508
135755
37302
138197
134366
208958
36930
135370
139590
51406
30945
60172
29897
29283
63616
132693
51636
27052
55808
20150
60004
131773
52629
43376
327740
27154
12009
37047
49180
31704
16491
55185
267434
198766
10756
35129
263523
58850
43959
58002
265018
52382
266979
61074
25802
43243
267043
64098
14978
49363
8262
54061
136468
269024
3693
15177
46556
139716
266017
44100
54690
263712
60691
136868
266064
53761
267296
45353
134661
135907
34312
134442
205913
39825
36916
133287
23908
41094
13713
43758
264609
205114
394973
54947
269326
4452
135562
44770
34892
16573
267582
199164
57724
135842
52963
41987
27626
20916
62715
30262
31497
43985
395452
36438
267603
198743
28425
264349
267786
29648
199185
59639
31122
61381
11498
42573
48480
50422
5511
57398
52796
13805
132015
43366
22561
394760
22344
7632
59150
49312
9475
17861
16161
27320
10286
268890
54180
40388
206883
266159
395536
393847
51674
39613
50161
48031
50223
61857
63949
63491
37113
202393
16940
20003
35243
205311
43846
2920
17598
201702
55598
205422
204504
52678
23287
268501
204180
262505
3274
42909
206994
24244
30564
52567
39421
33040
60619
394747
34099
8092
61828
60656
29095
203885
136337
14461
395841
22077
60553
44624
50802
328416
52118
42704
268057
201094
59363
60109
264636
210245
134768
61358
15221
3128
19182
209523
6700
34402
7710
200797
263946
12994
263085
269255
40824
199968
9546
61648
200615
7012
31902
267792
262594
47827
33260
209487
50222
29306
394636
20891
53085
37289
14278
50812
60609
199551
202433
202292
397559
39725
131601
22076
32163
57760
32588
37161
40207
132009
138686
16649
19964
201187
63075
42498
42008
200061
137102
197221
53817
132326
36656
6696
200894
61265
269200
60929
53217
59638
49231
135086
8018
48286
58423
16696
35331
131460
201955
395881
37192
37965
328313
210017
52858
41765
27681
395800
32893
264977
201338
12410
49723
62623
203842
61148
2470
59159
8956
9803
13171
35727
37515
15386
38702
265645
58715
264246
133494
203020
204338
38271
394374
134763
31809
37305
9942
22249
139611
10406
267937
58514
62640
8774
32882
204353
278
203169
32584
266597
264996
265228
26449
205638
133791
263172
61570
53380
12325
262736
3089
37528
138038
49863
208173
4842
136604
206964
16733
12506
36301
197624
38087
42963
33311
19445
209143
63875
394046
27398
61214
37157
267371
43494
49258
268381
12921
269345
9530
29709
3216
10944
62200
7352
262222
264393
135249
11963
4768
38341
136977
21404
196742
37087
57079
32890
268537
269320
49765
50095
202145
17411
33763
33934
396127
135692
50266
196688
394956
139042
22079
267304
205618
43273
28522
50774
33001
33354
199039
33119
60891
5008
263284
42648
55503
269292
262301
208500
264589
397229
25752
268112
62453
204418
9590
395370
62332
35784
208573
2553
1000
135646
397282
59122
202871
22574
27511
48388
24320
19555
15294
64244
30263
48659
33383
56402
19604
19224
56151
29552
132764
264278
133483
14437
55584
198380
60406
13472
8869
134986
31880
37165
5433
45201
24298
2088
17729
43697
197583
46181
27543
267952
8623
136346
62226
58886
43067
138564
132518
43518
13828
54785
31865
137359
25505
265215
64397
266584
263262
49225
198182
52881
17184
266609
22342
29311
11475
62553
32141
39553
39899
45396
26137
13424
40244
36584
58882
266009
197673
204805
264317
28515
32592
43492
202672
28969
9231
7725
37681
131256
41233
30822
131369
267730
328348
55691
40764
56474
27792
46393
139040
55420
48636
132769
57041
62366
197418
39738
4196
2200
205434
269168
264112
53484
264786
23110
10933
33551
50921
35116
53551
206681
132216
39396
31263
32117
11023
264904
44829
44723
39842
264209
5071
32025
1382
59458
52800
266469
262357
38474
203170
5610
33497
204968
199902
52433
21100
197162
264785
327782
264479
14642
266335
268186
267502
28220
134849
9234
267721
53132
135724
58506
43865
266421
8796
262737
264029
9922
61471
35385
40833
51363
203180
264771
42430
10085
20326
25820
55682
135949
40640
65555
23858
9708
18932
262325
327986
268659
58635
395956
37497
14676
647
13954
205207
18272
264391
52368
206479
57743
26753
53025
53999
394531
42740
38241
51358
30441
57518
268443
197696
60722
265739
52198
18548
19427
51526
327792
63872
262853
267397
45043
135016
56702
1956
45267
13337
55708
138667
53437
9666
54894
31352
25138
63123
48285
45481
210073
63363
264102
200880
35483
268883
41543
27780
54412
137941
209462
267579
35130
6862
62316
28325
52538
38565
24178
55259
63770
327820
8391
267224
64440
26829
132031
267958
36309
138782
53916
393875
265888
43789
53118
42251
36160
40353
393680
327955
25302
50226
43892
41081
265066
60512
25947
135465
56807
58814
203792
265526
3253
57155
266981
24006
30771
38735
370
199331
52057
39542
16417
264119
49403
45840
32593
1647
41497
202406
30995
267644
198605
267870
52726
199248
200577
6507
203457
50747
13870
15251
50472
41239
61754
1416
59851
23521
48575
9957
40819
209486
18362
25158
39791
57468
21184
12786
262502
55717
55720
197039
394880
262400
16924
15456
10609
16399
28111
29990
21714
206581
7974
267747
267344
43756
49814
21043
131473
205295
39824
14158
42597
20768
267061
55253
