50719
327911
266883
264992
13684
52084
37910
27542
199251
13638
29754
199046
14545
41159
19049
35644
208202
42775
1117
21301
203463
393344
56246
264298
21832
22894
138388
43736
31208
237
201060
136754
10178
14728
43110
206565
207712
65542,65543
17625
52999
136190
37018
132672
9988
268028
10508
53651
263769
266456
26387
133963
16928
32768
43595
134905
328101
52275
57218
25741
22953
28181
135892
52580
132293
61870
11837
6103
57772
31309
266984
47265
13832
133335
38663
264850
22182
30658
38903
36882
262609
206350
266388
50166
39105
24980
64436
393981
58905
9783
35585
41789
28968
63968
7067
41520
38850
265366
50240
264773
34001
53196
62365
328256
32694
265986
138884
267100
52786
14625
48680
56525
33155
9247
4213
200463
58281
52088
61582
12063
395089
201710
262359
131257
263357
206941
39875
16802
497
49247
201952
268635
264514
52546
265435
265953
10773
58842
200892
60230
4459
29301
203593
264057
61574
266681
9862
327859
22640
31832
8643
367,27152
267040
201061
33452
22492
24768
28197
22680
49548
52535
21235
263427
38239
61292
31776
11494
209905
3825
37429
137164
396102
22276
205277
24151
138787
134355
539
51293
56940
135377
26959
24524
396998
56797
15344
201832
33094
24631
38738
31367
206013
396059
63380
26938
26939
205559
209102
8442
52838
55448
23620
5049
11944
45074
266140
44858
134597
61131
205674
52621
269342
54358
34016
19957
37322
134311
52782
20875
201087
55481
12787
262633
131303
22948
266413
198075
265647
25375
262454
39248
266092
25498
22001
135718
393874
205145
393844
262635
18328
265817
268425
61820
10481
202322
136738
132979
268465
132438
394169
137397
28372
200520
46612
43651
45178
38981
264300
53366
54614
31229
208221
395301
132965
266165
63183
37451
199358
17473
136318
264223
58495
14410
205412
206930
266559
393974
37590
17862
16094
4645
48994
208680
393687
40715
269324
266833
4901
53376
32075
60130
136101
12734
44150
11387
262448
38587
265477
17566
16889
135564
42000
267350
263883
46359
61449
135349
36687
49674
267073
36253
19564
58233
197585
60799
196698
203814
18712
30436
132343
263211
11109
262949
269380
138456
25645
393283
198095
53460
5410
57479
3329
138602
200838
268641
22340
30012
41425
18880
20100
63884
38744
32405
53392
41817
58490
27960
199784
49776
49358
335
23857
15684
196797
17687
11466
263800
201793
132515
134975
57378
40073
208164
395643
21276
62824
22793
43130
199466
267495
18330
267237
9703
55514
51422
11431
39402
16077
11992
394073
132499
36012
14454
33888
41487
266384
8153
29923
262183
263971
20074
262784
204827
55622
137425
5553
28538
197922
45127
58803
61962
3592
198325
265118
139220
47
52661
132037
64282
262735
265360
6750
9533
41634
30411
25683
26941
49098
61708
40109
206887
46171
9656
52595
265484
59799
29731
138208
199966
327824
44443
39353
56238
43539
267892
20014
393809
33137
265630
52821
59335
43774
39058
39771
4655
49904
264579
25687
36062
60610
136779
63927
396486
24314
46744
62392
134398
5384
21678
262596
137296
59996
264214
35052
204578
18936
262416
38322
263278
264595
265948
7256
63480
42796
396097
40713
201186
327748
33055
44160
13354
30383
42799
45770
6025
47662
262424
202373
8510
20765
133883
25250
268951
327719
267658
202670
263503
44306
266719
201081
134119
200855
41013
22145
11750
26279
136138
138811
265525
45
46109
51086
132432
42558
131749
133230
328386
34536
28267
10013
15721
23344
197636
49504
44849
5819
36868
397300
138330
52904
26991
49012
135671
48669
263105
265157
15429
267264
31885
53889
201697
61772
26075
137191
31949
395485
133865
138764
13138
16409
11455
33791
20750
16668
42212
8766
268218
63140
203571
9048
52029
50749
40925
56582
39144
3462
328488
262825
8222
268905
262450
60312
49907
25500
19857
60333
268967
198602
57179
269816
23079
16344
27883
39806
16294
134552
33523
53690
52256
16
35428
22355
56821
15779
44114
45633
207003
54073
46432
265019
27678
262608
50717
30058
54819
55646
58947
268874
40355
59684
48294
32475
41783
57369
49635
267895
27818
18647
56587
26220
28576
134695
206792
327778
209453
134084
136961
196648
24443
139195
32840
30928
61391
204050
31324
22313
36235
12599
136685
133962
62814
263101
43397
45316
3450,3450,3450,3450,3450,3450,3450,3450,3450,3450,3450,3450,3450,3450,3450,3450,3450,3450,3450,3450,3450,3450,3450,3450,3450,3450,3450,3450,3450,3450,3450,3450,3450,3450,3450,3450,3450,3450,3450,3450,3450,3450,3450,3450,3450,3450,3450,3450,3450
12203
139701
267601
31545
49657
394552
131699
37205
46383
40889
23784
204690
30396
62859
55021
132028
205704
396538
48470
197883
1516
7717
61910
12687
38874
28289
37462
139061
40881
12050
8468
393998
8811
35192
136703
268227
27306
7968
53759
267120
262775
200125
10489
22996
263238
80
202883
393946
197434
4911
51487
11030
136881
52736
63569
203006
199498
263472
23456
209100
206947
47171
133932
46851
30477
10909
35032
268994
199022
509
133260
40440
203080
55805
198207
266687
13946
13896
267374
138082
264052
132092
200559
53080
265453
48986
265502
28573
65544
58927
60150
269197
60162
11816
45277
264651
268782
51445
22663
2108
18499
26190
14019
208840
201021
2716
12460
38219
264760
197648
3755
33817
9394
8879
38860
202932
395779
201017
20221
14135
262583
10392
28051
137659
43794
8218
57720
18129
52221
51460
59063
205517
394111
27184
39859
11209
57782
27924
56886
262253
51492
201969
204092
3259
33769
135468
203509
196778
42780
18419
28328
134850
134572
262892
13688
28707
28849
262994
63238
198064
47731
206340
30740
6307
52523
393976
17093
132610
23491
204653
15078
33942
15954
200547
18185
26359
136396
22044
138829
266917
6842
3465
266282
263394
24380
263809
15170
54593
138655
133457
328371
265850
15426
62055
9288
264153
56989
27625
131428
135787
206316
56138
203759
135772
1208
7153
264103
132631
198521
16073
209074
268772
48508
18960
37990
327707
8484
265222
56461
33211
267137
45815
1637
59201
26021
132971
196855
43771
26928
52406
41846
134781
52101
23525
204127
12748
57702
393383
28432
40965
29202
30021
199560
59341
53086
262500
393798
58634
1109
44203
267404
4374
30688
64426
10688
264883
45991
135921
18779
264957
135908
206424
133510
202265
134626
43357
16903
264733
263072
50375
60854
8492
49427
45028
64019
57085
204159
198479
132108
263133
198835
206979
7506
34647
264931
45781
22491
267701
38342
25235
202239
53049
59728
33684
205075
265140
132065
13369
49526
45748
55175
41364
31085
4665
208814
40424
60941
13527
132552
206871
12348
32440
202835
30678
199763
198765
133270
264605
198321
202807
39062
138629
196885
205735
203061
265358
20158
136512
328110
15625
264310
53707
42960
15213
54076
201706
266170
266563
14394
11238
22683
26686
266650
39746
135950
59861
17825
9830
395354
266002
268355
60035
18446
137956
29851
202999
60746
328347
208703
34000
57194
2629
204236
9752
396208
11872
268298
47777
136675
20913
206672
44666
6850
264064
264077
266471
16300
263113
33845
26290
44429
28531
138761
25451
22637
266285
27137
200328
32951
38788
52207
22938
26247
6913
30286
56147
20091
27329
59136
206754
637
1236
198168
54695
9770
135054
203305
39149
13551
131776
205831
132643
34683
265495
25596
262417
133841
40248
56844
51372
55871
265503
42694
1907
266142
266375
327828
133578
209770
196828
34535
35689
394545
11403
268413
41974
265577
14120
12465
262710
39303
263917
9757
8310
28685
47547
56779
61241
137162
265946
266637
263596
64037
328301
34946
262
47603
17685
11035
138873
12756
132099
58391
20479
44009
262314
39495
47896
18110
39741
60283
264698
36149
44916
60703
35064
14638
266327
203851
394404
52476
46500
54473
10947
44075
266596
268983
57270
36546
3832
22165
33330
48143
395320
706
48951
21788
263130
12065
202316
52510
202506
10847
54040
28653
132649
28202
23334
207069
29935
15013
35235
29061
136727
13272
269362
197416
266708
393536
200686
25141
21595
61913
131356
31867
28661
17001
22817
264562
265420
13687
52426
38683
62630
47940
48197
42567
131401
25391
11126
1540
11710
131737
199941
48067
197485
33621
268223
60541
2535
263668
39375
21960
20524
135785
138823
27149
132835
53179
263281
134321
26171
137316
3605
31732
10755
49757
203508
266445
4922
44932
15613
61079
137310
44575
199363
33534
205749
38930
61230
53829
7087
34672
328442
267649
27890
16095
135549
52962
47316
19168
134682
200504
53836
51054
267189
42163
263052
51759
45456
394717
263075
55960
7738
317
327893
17288
266535
13875
201651
8037
264082
136942
9149
395338
203140
131447
12253
26394
33287
47962
263606
36740
11065
34416
209276
32764
268761
395610
266236
196903
198017
49612
24126
55382
47250
47253
31699
132417
264616
203568
198618
27422
47916
204373
3599
205413
38416
36540
48281
200092
30909
134333
4802
29252
13988
30812
61865
196637
394901
61085
23529
28173
49389
132267
201328
267215
265544
14537
57784
268363
59028
39737
63673
3473
48538
135496
40222
264339
263639
263918
48349
267634
21844
20093
49807
23300
262832
135801
63494
48884
52820
26743
32195
131582
262428
26936
58021
21877
266925
197554
47334
45559
5110
22488
39669
28284
42948
55184
64005
209538
137020
395077
1411
198562
21543
38367
46461
56037
328062
7170
17446
45461
3853
196686
39008
131078
210253
9951
42711
134827
206351
62587
268060
136214
57795
23218
136931
133190
34455
6263
59683
45926
196838
23243
327881
52525
28541
50365
135723
35161
13359
135602
269512
47849
61829
3445
266036
38066
15022
23669
59552
36244
263190
52923
35278
395380
268257
23649
54791
203638
266024
268157
46283
16979
49380
207967
68
53989
263006
31174
19758
15224
268250
136054
200970
134065
10106
262826
42189
61950
46047
52439
202193
46097
269070
134525
38841
266148
266590
133894
57550
60461
54883
262707
44285
26827
60203
264683
24467
31835
63393
40877
50502
263004
22715
50211
136985
27495
13522
54276
205755
138691
44584
263785
51106
28910
266710
393313
58186
25980
49769
136363
7583
58022
58756
132566
58480
50403
37163
48345
201813
48297
38851
263042
267957
42010
263465
54118
196803
15525
267719
205294
17183
264471
63951
197480
55474
29013
33327
196856
208774
47552
49986
38669
14864
56192
27096
40761
203226
266147
41956
328291
39294
35532
50337
394994
25910
264934
58637
47822
7486
63919
20493
138316
51032
132137
10265
197588
48924
19264
134196
43974
37491
199788
203536
133234
131408
264293
58818
264206
16742
22332
206474
51247
268788
41816
56346
268009
12912
62384
26132
41901
21268
34595
59835
53396
262742
41506
205368
51141
23936
209582
36567
138739
58364
33837
137826
53014
38794
133617
13020
264185
23820
4134
26265
49588
54508
26085
11571
134645
205972
204279
28549
18931
199050
264512
266682
138631
50675
60832
34111
265806
394656
201820
1444
198328
133392
33491
44933
27647
62467
198754
42683
11228
265491
23387
262807
48043
11730
266976
14616
56342
10617
60341
209715
49033
265311
63885
44953
52606
6998
57235
267006
6734
266315
56753
197575
21491
394328
17177
45763
46844
43718
2706
137995
202814
20335
204136
63485
46912
266506
12453
44234
52143
262263
14162
13414
29674
267207
45951
61009
328579
39045
40850
134043
199236
35215
200135
206366
62700
10741
47928
199199
46707
46164
40534
266143
47244
11747
28580
62239
42732
19472
50137
15174
265869
23466
262607
1412
205511
57004
393899
207201
21741
30133
136374
63983
57691
28136
32012
199138
198508
266361
138520
25492
266271
263687
12272
38279
13876
268007
203803
35567
33300
59194
138312
43087
367,1506,1527,1541
395611
199420
50458
57639
47878
62921
39585
53457
38736
15275
395181
30595
133893
58307
136110
39477
40165
52797
28273
262452
201505
263980
27845
50454
21220
9120
13827
262456
8546
46407
267442
39463
328203
8544
47841
136102
28723
26904
61985
45131
25770
52970
25920
31451
43837
28426
267022
2167
264394
52008
266019
265147
6852
202389
12812
23375
19400
34990
39740
137087
6503
203001
136071
31559
135834
133240
265190
136007
26989
27508
12312
4972
209497
18127
395409
36484
139571
7418
133219
24233
48278
136714
45879
57728
8192
57219
58972
7
2715
39264
19030
395932
44036
197878
25464
59165
11955
209533
39063
11397
265469
132896
132145
41871
53850
206206
20048
206024
58664
46130
268773
203816
48213
46913
265684
134080
132485
53568
137811
37580
55486
63858
200108
22963
50435
48227
34450
205692
50065
34010
263587
263692
12768
198728
139613
268543
5484
57594
59211
209188
56126
36035
263077
265192
48913
268198
208641
18941
22247
39707
59332
396912
206582
263194
51329
68710
13237
31503
265681
44117
50150
18415
268403
30723
29757
204457
41174
22051
31626
27866
40650
18162
49237
52191
265851
44279
54697
47889
267954
49714
204318
47148
394695
30848
48075
264567
46839
197815
44404
50079
24530
16246
3146
58895
48322
263164
10736
135827
136073
51918
16353
57134
17499
54201
395158
20164
262808
49271
21459
22608
262873
33823
25119
7406
205659
36874
139233
15126
20312
55103
35066
264983
54699
47761
263618
37688
202314
265155
266086
43810
262523
63209
49610
36947
28717
264242
268039
1326
265339
134280
44112
1764
267971
11817
132941
29580
23926
31640
23112
30002
27981
267562
132264
52634
396561
132839
266414
41484
53159
44395
12697
40158
38920
134944
267114
53214
131754
18597
17224
7774
137390
14139
134294
56490
33339
8427
31872
137409
54175
34118
48072
42282
702
133276
46652
396319
394116
36997
17150
134624
4616
31961
24870
57635
59330
133468
52555
9280
266952
199720
265694
46922
52530
263963
47796
52531
18937
10057
51481
30457
202448
63880
17622
131636
53130
16664
45193
