10982
327907
61095
28050
28998
43922
137030
196794
393398
59158
21193
24553
268802
15900
54971
394114
269514
15467
208881
42014
43903
62976
263539
198865
268662
136639
17786
46520
27246
32580
58980
30188
46185
29842
395978
209868
22740
23492
61452
18746
37169
24962
203178
51131
135424
11921
52741
62991
35325
57264
266348
62184
197439
27205
135131
19300
51011
27668
137628
58749
44470
47346
199186
59289
4954
42961
63621
50867
131324
52799
263327
51506
395770
59067
262865
15428
209371
10560
17951
132194
204386
42409
137208
15318
46725
32975
44416
46024
33489
14163
35168
6122
31457
263414
26450
203338
53352
17537
11783
263521
51494
10598
38631
56526
41493
13461
262247
57176
134238
35665
49623
43266
209073
8396
265126
262777
34136
59729
14143
38616
36423
397945
15455
53911
2589
42131
34829
203203
47565
55939
15390
199469
198089
15391
206237
268251
396514
23729
12208
236085
262276
60885
52537
134764
17331
1101
8711
200698
25365
268622
62284
44692
50027
12785
18572
59135
39758
200901
44708
200162
269341
57585
268780
265250
41496
131362
28809
46618
45934
24321
135687
60398
36146
393570
131652
59486
37704
200919
62274
2722
41124
51935
51543
266238
395088
58140
31590
29056
134711
1254
135278
50400
197499
264513
59260
50846
36302
557
23963
33974
266982
45539
262585
25436
269274
24960
26722
11133
23439
28335
54713
57571
196889
134166
63740
265936
33541
37680
22065
28064
58235
127
200562
262493
20743
198021
52712
10475
132898
26867
21784
24578
44907
43746
205138
10554
46031
13107
266320
34399
59290
268725
203429
7496
42183
138427
136586
724
56233
205917
58138
263942
6879
135309
45581
19731
206657
131735
29314
25478
31578
18853
396312
48827
62362
50629
136759
199920
22933
46555
20011
15164
53059
24438
43032
61936
4917
36928
134707
138256
14700
53429
62616
36245
45382
36994
29423
39414
207057
264362
37455
197580
39872
269488
263396
50546
20609
45486
197091
51160
33052
7346
39822
40160
262179
32230
262381
43603
39748
394140
27930
136822
31555
31531
62249
5056
21734
53883
35568
56936
43233
28133
16166
44537
134633
55532
53862
44242
268515
131375
28054
26675
38296
201877
138822
133907
31199
393733
1150
204053
17361
6296
61986
62870
58376
3719
61783
393263
38933
264229
60279
4792
209155
8489
209117
31633
14396
35745
14249
14210
28900
55430
7696
42560
264575
59406
56463
265904
135474
134608
264181
267181
57160
135682
138747
12072
41671
55501
203750
263998
204876
31065
45949
57152
51152
263199
396503
20712
19886
60002
13204
46503
5264
135866
199054
49924
41730
205040
6813
52344
64203
607
328020
11312
50103
263682
42771
206335
208950
131112
267611
14190
266291
3496
22192
23946
6880
265139
203125
40028
137210
134914
39224
206119
268183
197118
34449
40196
394153
32110
56917
327897
28037
206604
60265
263005
54884
7311
131431
199062
51370
133064
52248
138117
444
59344
1921
21070
269053
54322
19866
264158
34721
60946
53135
27005
18854
43526
269504
18509
35181
23953
264268
40814
397647
198777
137416
39558
57670
204194
59000
134968
202127
63850
394529
36492
55644
9645
60696
1518
8030
198663
15791
5009
61640
133163
56926
266051
26761
205407
29430
327698
49939
267491
198408
26120
61221
59465
22431
265182
133456
132964
37685
15932
62878
59149
131995
18276
54816
46147
62003
267995
24226
199385
42241
53896
53861
59574
50416
393492
264968
16551
48408
41822
30593
134310
56094
41568
36152
50948
39284
6501
63711
199942
15154
199657
46927
64249
22059
265689
132744
17163
54680
13887
202614
397030
263823
268151
54744
328027
50576
29032
46964
33703
394530
139338
10056
45058
395003
51399
53281
47730
201357
203937
132586
135746
5501
8587
11437
46306
49023
38608
203205
267544
137143
53647
5006
22879
55269
134338
59325
18116
395512
32669
262184
137108
63490
43519
48764
136361
196936
19465
21956
39288
51604
24462
61465
59847
201317
29651
205994
10131
394177
136851
33609
134383
39279
50276
23432
205073
265780
31552
131435
37297
265696
46528
16712
202095
205231
27403
60065
264194
266595
4837
393738
28662
199161
1605
197901
59510
58031
264866
25459
35189
56315
18231
24468
131400
136315
32589
24020
44309
49089
36459
64414
24586
16827
28132
16935
64439
36674
24874
48588
56761
264156
132546
266553
28322
50604
17423
28972
197106
21869
29505
203674
18248
262716
33469
54287
262907
22717
201211
268646
14640
394041
57471
20695
262723
204287
8285
56764
135433
58520
55709
52572
34509
58085
53879
268267
197917
58146
267341
131439
36721
265091
10733
29381
44030
31890
51765
263717
10145
205759
198053
29503
132924
267936
131937
56392
61830
197351
35707
56389
10153
202281
48626
133987
27346
32762
133992
133296
34096
61699
8076
40437
133626
37242
137920
48122
197535
28182
26381
393689
134143
206454
268838
132281
397757
58823
202511
8449
198809
36862
197451
39762
6583
43523
204644
44685
5653
1968
25644
32018
265898
44382
203833
263356
61223
197893
40612
134852
39938
57622
262378
44144
262967
264406
394890
20429
205220
59994
268703
52743
328331
45474
268483
136127
63930
134629
47665
17269
1638
46093
31729
40034
132168
14935
30254
37597
10032
49948
204842
268988
327711
268738
11604
48954
201335
32875
46381
39811
7469
5098
28093
26414
134614
8376
38404
1706
202344
40960
23976
263979
29876
8071
199108
262369
20243
268697
205490
58006
19102
139683
3168
56093
133767
55938
328011
133975
20940
44020
269383
199558
135333
20012
265637
36951
39174
35564
61228
9224
135715
40348
46400
264420
131745
57746
10439
42831
136950
262977
32101
9769
37493
58369
395772
27225
204576
264657
18364
133417
9924
4613
267159
39280
47558
395048
393768
28532
16613
57122
198750
15594
30336
37505
14589
203117
206954
39232
699
59961
263679
46346
22990
134517
3308
22047
21327
136862
198572
6022
267046
269503
31554
58392
4885
16116
206654
49569
201570
196687
55667
40276
199021
57453
42530
39020
37430
23706
266222
263862
41404
136369
137327
36280
27471
16871
264520
264244
209375
57458
55816
264971
28318
43142
33430
16568
136255
1421
134832
43487
60465
15846
134358
47263
199775
8447
52808
394893
199086
262231
10690
201971
262813
30480
39885
13658
394643
20121
57833
62713
16206
54347
16989
202626
202152
57391
134518
1524
46248
47912
9259
56798
16693
203261
267265
206385
62257
42410
206026
51788
42066
265277
134450
15793
56609
328214
266461
39710
22033
27755
8216
203043
9311
136266
327751
11298
60561
5570
13342
267324
134787
393525
12289
33302
267509
135823
21214
263420
38064
52242
30421
134687
267289
16189
31966
20223
202225
137358
263065
15470
134131
266194
393334
61178
267047
52175
199389
48291
14160
393424
210126
204716
40953
11096
18281
327693
45680
63555
56794
132497
30992
394703
28479
28145
48875
197814
18577
30937
204860
8323
31900
262705
268279
134795
62356
24202
14519
201192
22388
201687
34996
7050
44984
268887
267206
1699
264768
52802
51173
10310
53158
3319
14172
49077
27353
1622
29747
15290
200102
24367
28753
2882
61897
201638
31734
14791
204085
31655
135125
134096
1475
28196
198702
25636
16969
7643,135905
395040
53751
62106
137376
199674
205630
197189
59203
61782
40788
38331
62869
50911
393868
204385
131397
29076
18014
264900
133973
26794
39103
266276
20661
268158
265026
265337
266431
268504
328032
12086
43015
18361
50914
45599
30009
36441
263582
61439
55428
44676
19701
17883
63228
5714
263390
50225
138570
3177
20650
199371
1553
203822
5563
63138
262672
138006
12582
393389
32667
139236
264487
14399
394562
44939
201815
37622
200624
138903
52478
135008
269078
1840
3695
267437
134771
58206
53090
33120
29197
268652
52574
200442
266454
52551
45980
20151
264801
15669
137521
5744
262641
42863
18864
61668
8665
266575
49256
16398
137480
37247
134180
46330
53209
42804
61819
265319
37445
23277
55724
18563
11463
204816
209429
38854
44670
209114
16431
53356
39766
28191
14991
13415
56263
24684
397474
136400
393461
48993
28469
16728
11231
19310
21415
44679
20845
266550
33110
396149
11919
14385
30674
395776
13365
60905
29304
21857
56652
133228
11553
26919
133945
263288
13480
51179
52547
199552
206789
208432
264313
22909
19066
29947
201963
59801
19526
38315
47868
266717
61657
264880
3801
26457
29646
200107
27391
393629
47884
197102
59439
198494
27782
198995
201547
15073
21659
267587
8904
597
138908
47340
19153
31967
46974
13712
25139
41641
30509
133012
33417
37496
30029
52569
6487
45046
53013
14580
264245
12211
268921
201618
63912
40476
20214
37695
29278
133076
202156
262256
6099
62562
265827
205602
37714
263556
266873
138752
30745
17313
264201
36538
269782
133275
43386
3484
133311
27614
25291
20149
265333
34984
32424
11343
263355
202164
134873
20467
54507
28387
395445
52238
48439
38133
7998
137298
37573
61075
12229
54045
205244
38566
8953
9890
205737
8444
8577
17550
33567
55884
18943
268791
199356
135743
55394
24147
328568
47794,48695
53052
263617
14413
49804
132572
395032
63969
31515
51881
263629
24766
210240
16281
46263
137329
264815
6459
43253
32645
202903
65557
268412
55427
23732
63835
57271
47582
268340
15127
58098
267715
57791
133946
265114
8270
5578
134335
24951
54318
262684
61922
18852
327889
38372
14392
31939
44238
17479
202859
56260
264944
48596
49054
135978
18999
40903
137460
203267
132534
39861
21
137004
51854
52493
42564
264139
197709
60119
45561
266434
2914
199586
267647
133313
38263
136724
11716
138836
327833
59216
328376
58890
262722
206
61405
266950
199907
37975
31410
42686
136474
59357
396336
49708
23720
30462
33490
136334
45064
209622
269257
47319
44365
395471
9386
22080
61960
58338
60759
201776
58929
49348
11826
51832
266225
8301
201353
267005
34561
62244
55936
16798
23276
199322
204788
206028
18063
394858
29737
7276
22787
34685
43250
51497
262492
57154
29513
134543
265237
65554
17387
198397
4546
262293
135838
262581
18694
63513
37687
196858
16778
137334
203150
131416
22386
268571
204243
18757
262973
269170
54037
393852
265924
57089
138608
269009
269163
269177
205254
197264
12754
204082
136274
53973
132641
267708
62128
39116
50465
393954
33217
59960
18635
48730
56968
13501
62231
17274
40260
43901
20884
33922
16226
328404
264275
29742
265971
58182
61129
263702
8752
21032
132645
62320
27830
55396
11528
50928
22642
55666
61808
394707
20207
53925
37286
393909
62902
40615
8966
53060
18218
327773
327790
45704
47600
34325
63104
14251
205333
29410
41985
266226
54185
15274
43659
57071
12257
200768
49064
30983
59800
46940
11158
5613
268289
27865
135491
39653
57278
41689
30406
132642
199853
2876
8518
40335
209869
18796
22311
52435
264984
50698
21803
29562
199204
24138
327880
6796
48991
44066
37287
37104
57103
134980
269202
137225
266668
23959
56730
44773
45588
4853
135582
266784
17736
45014
54111
31805
6812
10391
31672
36815
29075
47223
14116
56639
42925
263911
133344
42846
20921
38914
9070
45968
264972
18452
7545
393780
131265
31816
47123
134220
27597
393312
266702
60573
7634
25163
266819
28242
55814
50162
207098
55329
42303
395374
32696
396293
18400
30140
25665
50265
264026
202691
42461
15796
45784
62009
1591
52625
9412
33555
267231
15315
268803
267325
206893
269196
11031
205910
133480
9462
39957
45313
18911
24122
16657
264743
21610
39337
262779
35043
31759
263829
33230
7971
58986
39401
262394
262819
49542
59803
267052
14959
396900
265133
63344
3382
4755,9583,10201,38546
17195
136917
268429
62002
328053
206988
26754
52728
45603
13898
57597
62812
16539
208776
39587
198384
209785
10625
137598
35778
262571
262481
21547
36190
138901
197251
45007
268539
262686
207096
396191
131111
393433
201727
138864
58462
134722
196898
55384
57567
263985
35685
57164
43912
26950
9580
39551
262818
47070
208446
48724
32952
60302
32730
267963
204254
136864
267293
40326
264027
55953
266087
131578
43274
206161
55359
131307
53758
26643
16356
54170
27908
47350
45853
41401
395444
62626
395926
8336
4150
138643
135155
36499
264956
46650
24111
47604
264970
30109
29831
137495
58970
44868
209391
132218
200283
62289
204121
61138
44065
25086
265310
16426
26335
25629
4844
5567
14540
203877
265523
50808
22895
60081
17866
199672
198802
44912
138211
39534
200395
43051
60411
15098
46158
138619
31617
264938
262659
266176
206819
137735
21660
393600
33631
262895
59221
263295
203280
48108
200795
32367
132581
382
9499
136430
267387
48930
40561
34947
37559
11184
36184
20594
45522
8732
200961
29434
17347
43650
37262
14380
32820
136415
396055
39593
50142
37453
198974
16020
265389
22606
9688
44228
36236
11668
3324
266693
267855
263382
57948
20839
265135
204240
53603
17673
54004
52503
395704
35332
8296
29922
41023
64435
53233
42062
264544
196708
60148
9891
49129
205836
136306
50439
3140
11787
52811
25089
48200
42489
32279
9712
262535
3337
133666
203974
63477
197164
268192
60586
63473
204656
26213
45911
203246
267128
56649
14610
5538
13235
197752
35519
53633
209054
265492
28792
199566
196811
62830
135071
11446
135695
328061
206064
52935
47013
198457
34092
50101
264056
5672
16843
135134
18422
60277
263643
265023
199048
136576
200300
46304
48535
205022
265207
133643
596
199167
393762
53185
132570
8968
18607
269351
24171
269348
137548
39718
197148
14928
35244
51637
53760
13780
5517
45775
3764
61490
35476
60893
