264443
36607
61235
61239
54077
50980
394458
1837
393301
48903
49849
12553
199855
32
52848
36749
209609
132678
267060
42802
47897
35986
50687
61707
200136
28836
17810
10718
202173
10116
264241
328409
5396
39915
269734
205783
45270
55722
50569
328276
11572
394900
4770
201343
22567
263567
61369
26749
16714
26773
62809
132808
36526
21764
22213
28319
64290
50046
38156
262700
132292
268894
15600
37252
54869
10282
203325
27289
63765
137478
268043
40010
51639
55990
33015
42516
41849
21555
14824
263527
204987
13412
132000
703
30892
263545
25252
60681
27765
50523
46587
16650
34518
268136
44008
28257
199067
266610
22792
395970
268695
14174
134340
37160
12456
51189
201873
61141
205462
56092
264253
52966
206840
61981
265679
263571
267419
58253
17686
40641
43268
2472
19038
16929
37028
61242
58250
50837
14452
137870
137367
47805
132772
49393
135244
266260
23464
52937
269143
47513
133054
262606
10129
29134
43094
206001
38260
13925
22062
393605
199772
37653
28408
50512
134970
262939
202220
38224
14185
30484
9084
52440
51930
35847
36460
396520
5582
203693
205107
9949
21496
11111
198412
51613
328334
30856
28088
63090
197502
49337
42716
19357
200454
33745
58667
35710
11854
265762
204010
35136
198425
8769
134918
263695
19690
10148
12363
265421
132124
20462
1931
203051
46691
43833
59460
56001
134802
13518
206269
61197
48415
44959
7860
204026
131269
204430
134993
200864
21777
26198
265636
52155
49767
267615
63000
45343
208974
11374
8856
136260
198953
59272
9802
43279
41005
12266
327786
203770
209546
198660
30283
20001
395818
17244
29443
54822
262550
48102
17909
36905
268229
135084
268307
209198
13771
15895
52527
20141
197947
269039
43525
136366
139300
44400
50461
35733
266239
203092
264973
11549
25037
135640
51535
62656
60802
53081
21830
131663
53115
52521
134137
36880
52395
56362
10834
8828
136838
21240
44553
9913
328035
22106
53873
12635
131994
46562
267388
203584
3108
15588
204408
20922
264998
137433
201393
201961
52897
36169
30278
135686
28716
48351
52173
37545
24691
50998
30519
1237
3058
49535
45295
39832
63859
11711
198038
55160
26567
268284
52940
396079
134074
41947
265505
28907
32998
264173
33167
42353
205346
59096
23366
619
267505
62647
28773
52928
15919
134930
38511
202518
19356
60721
31042
56445
19372
394265
133720
29696
7712
60917
22671
50294
45543
30999
266235
31044
197946
395269
19079
39709
24451
33927
24187
268747
28302
263738
26663
17667
63231
268044
134371
57416
31712
55865
134705
25745
265549
199473
135265
265152
136134
266705
201174
55433
198753
137239
205619
11078
18040
18934
13312
209984
6672
34360
3474
135867
263014
18599
47559
44347
131310
31420
47057
25394
396040
267048
12714
138291
55156
41960
133637
48942
25714
51230
2631
262647
39311
59105
136919
17470
52457
28873
328282
202526
63629
205085
51033
47255
26768
396093
41085
15495
24926
21341
49690
393513
12159
394297
51540
20626
394412
266803
133712
137360
328146
134653
199033
328064
49779
18124
23748
269475
393296
59477
57309
262669
8401
131662
61324
45587
32659
47260
131444
397293
64484
56054
262595
32554
134964
135744
26282
21980
22500
265137
6910
137406
40632
51059
50761
209858
30882
202069
18424
200039
202599
18072
14306
16637
395442
44466
25919
28920
264482
131920
267943
133549
132639
62068
397834
56998
54135
42994
43490
264469
37568
57093
263940
41589
53031
35242
23308
138474
9081
32156
13093
199059
32558
266333
263632
62450
10000
45863
263912
41811
265090
55595
17003
59404
266181
203380
17429
52171
204213
58852
56265
62549
2646
54017
35466
60682
132116
57832
2003
47455
8604
1982
53927
53227
42645
49035
266274
201695
16282
14442
396966
265445
265672
36223
1142
29442
203405
45693
202137
36625
22773
201686
39728
266484
327989
266241
328025
47589
136063
8158
24812
266545
209543
9934
61198
137641
22442
263622
61044
56000
61031
7587
131230
2740
15124
30114
198003
396868
205678
38595
9789
135254
46258
42932
132894
268647
14325
49667
22383
199097
48578
10240
9999
55434
32345
266162
49945
133300
27697
57265
17577
135373
31875
35639
62738
210115
18015
262746
134375
38409
14778
42427
264118
50412
202257
24127
10662
265454
38398
202965
266734
268434
207936
26383
201068
267741
262773
25385
266163
328312
49084
61944
268473
28512
30566
196801
28268
63917
262414
132443
132690
31530
52032
32504
22806
35729
131427
64409
13307
263240
267451
54132
202044
49680
6591
63506
206314
133710
31245
44124
133125
18790
209253
201228
196939
33017
19783
23155
34472
32993
14792
17994
394536
17443
63943
199771
5668
23664
52119
210270
15517
134867
31539
49182
15305
19180
5731
30969
37996
26943
43174
47014
52886
197310
44812
22911
269277
43531
394472
29992
62140
44101
62039
23764
267103
9600
51231
132384
22190
38244
43668
42886
36623
209864
46224
196716
12036
59612
44811
45530
135478
21854
17561
1355
269581
52972
22835
13649
16547
131618
133998
201976
57946
61839
22789
136362
40486
137483
54048
41495
42030
23151
42955
202743
54633
1608
54105
268595
40739
37569
268817
63545
56577
39851
44806
28075
50434
35163
12480
48386
267625
32807
205647
328420
26485
37342
328367
16371
46784
41963
24241
356
11429
27992
41710
38978
204175
44498
265923
35820
26535
265022
64431
327992
262926
16941
133488
197289
1851
134317
36669
134045
394976
135285
25529
266145
13280
61921
24441
196918
134913
46498
57333
328360
58754
328075
61090
54880
36032
31302
63299
133399
264699
21787
12338
56700
263223
394543
38557
205164
266455
25565
14593
57973
54603
135737
135030
60811
197952
28407
43824
45658
200485
46892
202005
18118
13516
262568
37631
48546
394056
134185
24609
29553
27742
56907
264666
36201
40581
23175
5413
26736
53306
56875
262611
24906
202540
47836
136835
266353
263221
14745
136655
48387
50935
57496
35618
59806
201296
6799
199717
61748
37088
8445
44709
18882
394806
196829
8639
137351
377
16597
265057
12595
40074
31365
135313
208604
327888
394815
134872
63764
47705
50147
50004
18108
328246
31995
36673
12486
198228
265189
268190
2596
30083
267829
210283
39468
26201
27379
57331
268161
15907
135214
266356
60220
4635,4809,9304,45474
14807
3586
23535
61687
26758
43997
262462
36207
200801
28492
137658
328095
40864
53054
393501
24271
266990
57758
571
16976
262602
8409
61167
262473
35407
23869
50104
45773
35198
39339
45945
199324
17564
61730
25220
36909
266656
18952
43626
199755
135021
16751
3488
205859
199104
6233
40616
55657
46023
27789
12964
28126
136316
7718
71
132925
15162
267411
268546
63071
37613
29045
41308
41502
9237
21260
131231
56112
48832
46781
39826
20679
396106
265876
44418
206906
29727
48713
59271
138241
32702
208398
205941
40700
42288
9930
55527
60149
50926
43247
328448
263756
16583
264892
28118
44390
266938
36064
5702
198889
262476
17476
136108
17167
200460
35301
134623
201748
206669
27969
49167
264387
51862
49561
136855
36864
56676
263167
57929
27357
23665
133834
38394
22421
395206
202059
59731
38438
15992
59768
12594
200506
9415
263999
39786
2799
50415
58414
54005
262756
267650
207176
263117
58145
262151
35663
268824
34048
134642
57508
267996
49700
328097
29937
268177
29449
266345
63135
31643
263064
12842
19804
6527
200687
56339
38470
200722
202781
27779
5486
32969
137276
60256
48298
37051
63916
264299
50798
207168
134896
263254
12217
328425
135797
53186
21771
267218
204293
6984
395766
11745
50528
12406
45015
53652
269533
13635
267418
45881
61446
29868
37410
265570
60531
396943
49963
202945
43343
36079
55383
204305
48205
655
60580
394731
9902
131410
208591
27334
26727
29194
56351
56048
52776
397432
29961
133815
28224
27565
12611
44153
30346
132577
204454
21236
50355
33076
14288
15810
198203
12541
13021
25369
262762
3724
198685
4741
61817
268349
206559
42946
21170
131127
36069
132885
35653
199320
41323
48332
198847
52566
266752
52594
394634
10964
133255
49694
18915
43140
37194
133330
53668
52022
24252
53533
267320
20201
51290
59880
47176
137124
200120
61455
204847
32160
327933
43612
203744
56046
26704
12344
10997
209218
269799
33756
19615
1136
48739
63319
32746
266288
327855
2914,3491,45474,132301
197187
38406
133355
394538
203552
208718
268973
267656
6836
203612
35388
269352
266832
18191
41919
200290
57101
266928
37125
136920
47970
327803
52806
59784
263126
268342
12066
64018
2036
133391
52055
53026
24740
19817
207250
11623
57587
19236
33394
136515
205238
58680
21447
24999
30706
40555
263507
198115
269353
8206
61487
265426
135224
21233
198418
41007
27967
327776
269204
197128
54225
29190
11576
14182
51648
13978
60340
396290
59738
43212
53297
62763
21125
54244
46670
12890
43587
269284
138293
37667
61681
17877
205387
397247
38365
53945
40610
12516
47688
265518
28305
12874
269736
199878
135798
15215
30027
52154
60552
22870
134316
137136
206776
204344
55684
199451
203448
17634
200802
22670
56508
40749
57217
19674
263771
58907
135629
59970
202058
203876
264232
262254
35798
33218
26169
57392
53979
37570
267351
2015
198072
33686
55261
32774
37623
26001
57984
44454
46516
263676
49990
328180
30628
203434
269301
197926
40444
37452
48664
202171
132890
45198
131377
197858
59365
62208
265103
38259
197558
8551
37598
45767
136412
9192
13653
201630
31424
21144
131783
197561
263439
139192
132165
60525
395373
198514
56631
135469
15734
11396
46552
262296
30936
265710
59767
41158
35915
135011
29329
206495
268379
12840
199427
21151
48642
13535
266253
205117
50460
45289
54500
393546
41054
51016
39095
35662
12695
49370
136082
50177
198614
44423
28567
53075
25650
201878
29874
24783
46533
393454
265840
60516
137532
34241
135400
201084
16739
17414
17870
205844
395714
262747
43103
45430
30567
30588
11774
19516
29802
30335
59533
19192
208018
47002
138294
206926
200361
23698
25206
197308
4782
201514
267609
263970
263578
53610
53930
21277
1458
201730
262181
26565
42630
203148
206092
210131
27318
198181
267798
263843
58166
31646
39405
60025
265865
4185
13105
1348
25945
13000
28244
47231
8422
268336
23615
203058
20803
205010
25840
268702
48644
262980
38843
8015
200657
132299
52544
20860
132208
204370
54415
265786
24706
35074
197606
9551,45254,45458
58059
203999
263054
52492
18174
19113
50963
51892
133307
62965
39961
28152
41316
202486
58934
264106
136288
201907
138470
27566
395825
9881
7203
136958
6893
24143
55824
267421
38582
43911
136880
42781
40319
493
131998
6966
266746
13773
131768
328399
34999
208816
35302
45367
46313
34738
206384
28200
37991
7098
34309
15713
204648
54381
132978
263446
19923
47371
30280
61094
22461
28647
20414
59089
24914
28414
200173
265104
197909
20391
18696
202241
13764
268797
4666
136857
51963
27965
33758
199823
35073
138353
269430
57910
37077
50626
137293
59703
198785
20976
199923
395478
135906
58208
53110
135607
263819
263710
32957
56627
200745
7894
209027
267111
204274
48957
36801
48847
13878
5713
58953
23910
18233
327745
263511
17294
23513
60247
31957
5474
14444
42637
19529
45858
203865
43444
9968
58692
28877
328405
203322
26868
62986
132611
131613
263739
61268
265364
381
64283
29144
53293
44742
35180
267534
136008
32043
327869
11650
200057
23074
56693
206058
9078
26305
196729
393631
22639
34274
38772
57872
57957
197329
267182
50230
262889
36073
14291
264531
134621
137125
36157
266125
210013
41718
139479
204324
25853
264237
27884
135777
48711
21106
136480
8817
395492
200152
266818
43378
268191
34538
62850
263655
14027
267117
266805
202210
13767
136131
58973
262946
197338
263986
9455
204485
43652
19750
198569
39022
5669
52642
26211
28598
46401
52674
393952
28323
30104
135739
23487
51216
44738
131386
20377
55080
137339
56606
197184
32948
136096
137550
24923
36329
265990
206283
209418
210282
397021
136712
135242
62248
20154
37025
263028
50584
133045
262469
56545
57826
49513
22772
47860
267555
48656
63911
18349
42943
27738
19361
201390
50583
17724
59922
12773
40604
131150
198238
328093
131414
328185
138346
136298
263484
28210
26640
136641
267426
51351
6045
61906
20838
61080
50051
38040
54212
25446
62999
45077
54563
137432
24904
31445
62020
44419
64065
269272
21057
61736
45017
265331
45245
56465
268550
136039
49041
135357
9892
26724
27881
200948
41012
134942
14244
231
33562
2675
50353
34927
205962
201563
55932
205057
32562
10326
37549
49732
39881
49306
41598
395009
38127
54290
59011
265225
53107
205981
56486
57091
19107
327950
22283
45708
19014
46406
199769
10732
268217
48601
23725
208660
38277
54701
327848
10445
10975
56366
269359
209358
268720
394011
268166
198639
22239
36131
21438
50763
17087
35699
28526
46347
394256
52767
132850
199226
137585
55437
19195
42225
33138
394938
269789
264913
266645
12680
63318
49719
3192
21823
44573
204389
207853
43599
265386
268064
48592
28137
23385
13323
64422
200739
6997
205837
199087
32270
134263
32590
268033
199991
9310
135768
59889
49472
50268
38688
26365
48676
18687
58809
264458
29384
59677
15711
6157
262666
268034
266208
9853
58553
132918
17234
63658
37608
135385
52573
263464
266216
55117
263836
138716
41546
29886
202709
206077
57206
51530
393877
62823
1342
13915
30857
197326
13625
46569
8475
57901
45609
199930
139240
14858
132376
32611
17676
24300
48966
60986
137526
43362
133814
199557
517
30479
394005
49125
34063
264951
202119
28151
43812
203936
37079
62287
