45209
41535
201723
132881
48649
7472
7859
20578
39163
52036
267473
7011
2345
60738
29445
264315
45432
264032
197086
197566
20431
328128
21396
202553
263844
263909
1505
268751
17120
132637
198856
265993
5603
39968
45500
8564
41280
266548
198722
32638
200937
204098
28415
58665
266277
40468
48379
135709
33322
262376
61310
265129
26205
203604
53133
59823
135871
135043
16121
267211
62346
54503
24570
30908
31399
17709
24589
63992
46433
209506
6343
14048
53403
41348
397929
35187
266853
41875
135427
17135
12466
62077
268669
2828
50300
25847
51339
49198
58739
13869
6510
135623
29575
55406
52832
27237
54438
136088
48901
201711
23184
204502
262975
136684
15011
22965
266346
262729
49632
132341
7782
133651
41809
57598
53782
30422
30651
7124
265707
161
17584
26133
263934
43153
40288
33643
394541
42167
50834
58975
33144
37139
328267
63450
206304
56592
327811
58058
201312
135980
32399
42555
24512
27976
51533
33810
262329
57354
51827
268323
53012
19972
263729
21991
202024
31368
49484
55669
132916
34233
42912
13325
34854
16360
198949
22796
267674
11164
42116
44376
59694
327716
266190
268347
25543
24608
103
201294
131155
204199
58765
5420
263910
269316
203895
58426
264515
29823
268456
16842
37084
9099
15880
21115
59885
49925
41660
50553
264168
40102
16793
20590
202089
30171
53953
202267
264885
57357
51074
37648
33947
61946
57189
268300
132266
52706
204641
57705
40479
7620
55352
263402
10924
17928
136005
61794
60183
196777
23668
2500
13720
34612
56739
9767
6736
34980
35435
132171
61520
19045
268644
16230
41652
265000
38915
204064
203443
9218
46078
263452
46362
38275
42995
36297
266601
8302
57993
208088
62122
54509
266063
44642
49272
262521
262391
46929
7286
204767
395568
19600
12669
52978
61575
198416
266777
54293
42184
138491
44084
16072
33162
8890
52619
35379
49962
51693
199803
34887
47480
197890
31997
31566
204499
266522
206246
59984
49645
200168
42915
21911
4775
21755
49891
396075
28845
397097
14398
18312
267077
62998
265285
41465
34641
262191
394689
34508
16009
42696
28801
39272
397026
41001
61835
61317
29084
17462
13476
58322
133880
12358
23778
51167
268718
14583
28250
37200
53248
267096
52936
59632
40545
201936
59723
4847
50025
19032
37775
5624
131388
18887
54811
133700
201479
31753
43189
32953
197637
264133
263234
203893
268111
9667
41390
22893
54794
22620
33776
396244
52991
61890
266972
198297
268735
60243
205593
38291
268580
44621
43163
7088
43751
266589
36017
395360
393657
266843
268668
26337
24173
10242
46372
37433
328173
136965
52061
21837
54489
396978
60136
18715
47733
56742
268602
263558
268750
41168
15313
264074
39998
134249
209654
139021
262241
394032
18977
527
131237
36194
41314
56498
28025
28537
31164
131154
139297
33251
135260
18267
44223
61291
47156
57313
15101
138692
28850
13332
200995
197788
48181
202447
204009
27367
138324
45727
16437
52945
35906
264269
8789
327715
38942
263977
202254
61577
32867
49018
200551
17266
38001
50889
52863
199401
8057
11392
9332
42992
132317
37158
44911
135690
36932
266850
266084
50048
136640
60599
43747
393919
52290
7303
1103
202247
133965
35834
202852
41002
29854
266540
33460
42950
32824
26017
137066
8854
50946
53276
52094
38309
59441
29016
203939
135853
45471
34471
33790
41172
51708
204809
24157
262372
38858
51412
199731
396020
269104
47524
267850
395965
207119
59452
18016
29788
29979
267023
28376
57914
263322
39377
55905
203760
48471
12000
35425
265265
60732
26679
51262
49322
135382
266021
19645
136747
198833
51782
53117
35542
49376
57374
27207
205951
202113
32818
44881
54799
31283
197651
11008
136573
49288
197216
21378
40952
206387
5577,46786
8075
207162
48223
23279
49888
72
264959
262215
54519
17733
267078
38852
10189
31691
31370
263405
328513
24490
62127
54900
2471
17317
19312
42988
132862
21087
263325
53162
8915
133174
265362
262815
394243
13173
58854
133189
27187
52657
268439
139263
266887
268671
13789
37207
43755
306
44616
18816
49302
22387
53428
137464
328230
11352
55018
41690
262309
203698
14923
64112
266042
48399
8628
14420
41160
263300
268910
39281
209976
267477
51043
24363
132495
53580
10077
37126
49261
39122
56687
39484
53219
131635
267696
46832
28336
133066
265429
56600
58868
63312
49469
33765
2830
33751
265164
50619
208506
29508
269028
328305
54989
328190
138352
327935
40329
200796
16810
267914
13454
58949
207013
206602
7562
34770
133552
135346
7581
39685
203476
205235
39145
59334
33875
132212
51863
7049
58019
38356
269346
62482
37502
39916
395033
262326
262935
37510
263348
55205
63035
37962
46845
265015
21996
47058
28665
199270
199476
25576
327985
52894
137824
4179
267699
265240
267766
37309
262916
50037
12859
29232
209101
14821
41053
39382
60829
64063
265229
133951
58130
264066
39141
23747
8060
2462
25167
265814
60146
65540
38525
35361
131308
395649
266027
263540
19849
393449
136878
47499
263455
30553
11690
133005
6701
196846
49746
267335
31023
133557
30666
18408
48522
28168
265380
31877
23912
395868
32906
264155
262366
23039
23854
203060
55502
262319
29170
54743
48745
32081
300
24681
263331
393274
395948
20990
37008
134098
26651
24679
46634
48911
15407
10109
19510
61776
138767
32410
48479
29107
40885
3583
18609
776
24445
49808
263490
37315
39987
394251
48818
136834
205566
34987
51194
22802
38809
264836
38357
53368
132160
28310
52918
200166
327885
23204
199502
31886
38396
26303
201206
135308
38590
48503
198292
61193
198167
12306
138198
394222
41810
133111
209787
266258
22480
269287
25881
33780
135391
59073
53884
51051
199969
44103
207683
45218
25190
6075
328297
45376
28630
328192
264304
205068
137096
18239
22211
51539
20199
136627
37425
19691
33882
199000
33950
201768
61973
200161
200070
63767
31812
200744
7543
32607
5774
204282
201605
198607
44996
205603
136098
29266
22429
47976
52862
13894
263106
266457
21804
6582
3209
266568
263651
33309
7656
22830
12212
132680
202623
53974
25647
3229
209265
267416
45185
198466
136996
197077
15825
60494
48262
52064
328518
10843
26627
197556
27013
19793
265181
3838
13999
19187
267781
1938
14058
17956
15045
20290
269098
262628
51903
48940
54786
135123
40430
136897
60628
51473
56223
201408
136800
206854
263388
262420
42839
264943
38478
38876
136932
4621
23969
205716
51007
14844
133515
19265
203713
55403
134800
61336
328530
62530
10865
23176
268514
21472
132597
27971
35160
42250
38188
49371
21864
13003
57686
24302
35179
27790
16936
14041
44585
197267
15637
58317
32277
207913
41472
15093
56483
25642
63558
25082
1818
393574
40197
265336
2445
138605
38247
268499
209349
393945
18899
50167
262753
21374
138419
269424
202296
200473
61806
54885
5539
262336
12707
8265
203569
1659
55745
37055
267178
137042
51433
268212
11303
31710
38936
35438
136483
37263
37189
49187
57814
267277
2576
265829
262759
396250
56067
49487
135517
55873
268101
28234
33984
15805
131715
134886
29744
45692
51801
31673
137630
51376
201365
48032
198436
56550
28175
55146
34383
26130
13169
40603
56496
20665
23191
37120
6643
131468
47285
55262
51849
7332
202422
34805
34461
267375
49880
20229
46864
11435
201990
31971
33412
16312
263319
131781
137172
131586
201633
18823
32738
199256
18053
32913
47003
55765
1624
136302
43655
205996
135154
18888
51102
267430
50160
58401
54490
137139
264162
20458
33438
36603
52446
29583
268317
136349
13807
28668
59692
197972
55230
52226
52246
22519
267065
264189
328149
199511
18638
34277
51602
52491
265230
64315
198086
22744
137622
47507
32806
393777
198730
23028
21935
6922
42180
25739
394510
16688
58950
40065
267368
53791
55178
54301
7014
55
20346
17049
57561
396303
268490
205670
18458
14717
62723
48505
47742
22354
203040
60781
49720
55569
16923
202098
268325
136782
263713
40293
263581
203997
32360
32100
50244
37001
40879
16953
41281
46840
49492
18438
45308
395559
200479
48086
203712
16505
24197
24474
210083
208859
26002
61750
17974
266743
22472
262321
198327
39761
16385
20579
395362
22379
393226
62318
60815
58199
268642
16076
50606
55204
134716
58185
50250
19007
58252
398085
50236
30754
136673
4232
49875
199315
57347
132315
33436
266112
266504
51113
134235
265488
41594
203724
47395
14423
263235
59215
11114
57962
262348
134659
32826
268706
29108
264519
40123
4874
42244
36574
24908
40350
47205
204164
48173
27256
27812
55039
10765
262871
10353
46527
328183
51944
17107
265098
4812
9549
22596
26197
57481
53778
62033
41554
23208
268961
5182
51375
30127
59126
15103
49890
58982
57887
267288
138287
54071
53001
19613
267621
135769
57526
53913
12096
61878
198023
199926
26439
395157
57874
393635
44654
57057
42227
197895
30444
57002
22709
21591
206849
55464
12171
264144
17308
51474
26519
20722
12883
268897
27699
263216
16435
26973
38150
43814
206244
56506
17885
203670
132563
267301
7321
197138
131590
29711
26765
262315
60822
134934
28502
9925
37408
263677
136498
50286
46025
41171
51133
44283
267342
10737
37136
50326
46145
61416
263899
58782
53706
209046
27188
57937
264225
16523
196719
132279
6712
10288
6753
17911
52206
19087
266978
23170
62440
262663
19854
269019
139647
138712
60643
266911
135215
30968
42545
267670
56403
57538
12722
33777
14391
43994
138078
62685
135543
55451
47146
57911
36955
20082
30023
26229
202641
18667
40406
48330
51581
264357
32050
46361
36632
40520
44893
37912
394497
18018
39690
32817
43235
42006
39335
58620
265800
6068
200896
265083
136239
265117
56282
267382
29611
9410
53827
134253
34201
201788
45464
14414
19013
136094
51592
7847
22629
262352
50096
53240
7908
202712
45787
14061
199597
393462
24390
268244
394566
10480
58279
32415
394108
64482
41731
50480
14594
11378
37477
59863
36240
64406
39047
25447
197552
35224
14504
8522
52062
267109
206352
42556
264976
31685
19112
135423
138611
133867
41819
37374
58898
22768
268487
205080
268765
138055
269579
35805
198272
50572
50762
265422
262846
13639
15167
60273
266132
58258
266543
5716
22516
327796
47134
62173
25355
41485
206516
48093
61399
205900
41989
202399
843
16144
19625
393330
263425
263691
41885
393413
134639
55095
57234
19584
62932
23905
36413
39273
139826
40038
13249
206865
266614
28187
198894
13517
22790
28226
393304
264887
49803
37527
29375
7091
24495
263156
56469
25133
8761
47456
59648
268220
198864
37350
61406
196844
262488
35087
328460
62454
3685
7253
53255
263417
11302
58230
57381
45202
10952
8067
134801
40189
137133
48952
394152
17030
63080
33977
200064
201274
14298
267305
199909
16214
43950
8431
15219
30546
14989
13794
52835
266533
46202
206488
57653
11459
52585
395341
45211
209193
55037
21429
265304
263915
210026
60592
267617
263491
35007
39945
9952
198954
2538
196992
36939
37592
265063
138031
265226
35867
48548
206065
262831
16863
39747
16586
15806
137959
200376
44525
203651
26106
132717
29403
52795
263791
26995
393256
138183
63876
267933
262988
56817
22149
18320
263321
19518
17419
202594
44555
31838
19982
45714
25993
63926
28830
268110
265159
16481
37677
13085
135691
32098
14665
267327
24958
393399
264045
54119
55314
266248
61568
27651
32022
199797
58820
202037
264709
136776
204691
393742
394785
52213
27204
35976
201590
205381
21218
16308
46091
205569
34598
52833
57342
264277
10770
37963
328258
268373
23495
64153
38661
38937
45772
6471
131395
58428
63631
38551
40886
47774
264476
41665
58998
266150
45629
48243
131271
44523
395154
4476
206567
199979
265418
16493
9486
40194
136379
22555
35028
49493
209365
60157
205247
21139
35913
267627
197049
57710
393446
264832
20848
203595
268171
210095
29849
24032
1729
263792
8680
393521
3900
37424
10239
204949
19279
22562
266052
23089
51048
265917
29944
17783
133668
264511
31252
267709
55563
39979
1567
42822
197570
201529
31003
264397
38532
38556
393282
16086
6448
136707
57476
54455
37612
52483
20575
50949
21129
200523
139726
18996
63932
20258
49103
2033
197356
13097
268414
60032
328296
34258
265132
37358
200818
45383
14164
26916
347
264006
137271
51651
1742
21212
49349
267353
37264
7923
54981
396878
266703
136050
16060
13182
328298
9166
2551
27221
61757
21362
396867
31480
21815
25198
14351
269428
135531
138989
265656
41773
205936
23579
40320
132605
59263
9284
138071
39194
204818
262844
267479
136879
11856
15358
45232
44410
265299
269194
137256
18031
262308
56656
38733
41046
203778
3745
358
209606
267592
14514
39269
200696
34217
32991
135479
15048
197786
13179
24739
136651
37267
139358
262346
24774
266926
394722
39713
58047
17102
38863
266503
57583
61349
132016
57124
32903
18910
12070
58023
56109
29388
45356
200497
9716
393831
139422
61764
43160
203421
21717
61403
26393
24392
28249
263079
60310
9744
19350
38339
34527
209408
21966
202510
20852
395025
9903
138141
51172
42358
210312
48037
2818
206197
54868
25143
48790
28453
30838
5769
28354
87
53338
39392
265003
396269
137609
4598
29182
32213
268236
46363
328033
63691
209945
198761
16492
264392
31387
21739
53531
28762
204687
8535
11796
17990
23325
134837
32118
263290
202577
24399
205115
17480
262164
268170
11904
43234
45932
21489
12807
2269
29300
30091
203223
30290
50227
136555
198247
396000
16774
39192
9652
19941
196726
41433
51542
58374
265642
7723
31189
198096
269339
198046
262685
26805
