131367
394932
13094
38831
136386
26638
12237
395979
64416
10695
63161
27923
28703
134002
6762
198390
63445
19200
201129
206569
52222
52279
132922
31028
33254
266366
25273
395075
18355
135767
201474
62987
39325
132806
50006
55952
136380
199202
56561
60755
22506
35232
394954
209287
262148
46681
13994
57620
44096
132372
41756
29550
268241
27754
30620
397118
16971
136915
62961
14670
138538
50697
134972
396026
134153
37769
27828
133669
34583
25826
7345
197747
137818
30598
27169
9021
9313
32341
52950
49052
21245
205871
38320
17839
21937
23421
267035
27594
45223
63182
18462
56984
394353
139699
47902
39714
20294
14742
328184
3210
4670
204498
132454
58527
198841
14259
25054
56379
49048
37363
26889
28236
53203
26832
14115
19843
395732
11263
1613
264285
13082
264061
262562
58825
36582
62552
40846
9502
264022
14294
19194
138227
24134
269141
22046
4445
8681
203189
199882
22351
394095
59442
131493
47966
47024
131357
45509
131464
54499
56949
57896
269387
135499
137517
45887
264407
15439
47465
56290
262901
203433
198395
35513
136326
197333
45101
30788
6341
28276
49992
263559
45935
58304
23118
60557
267565
40624
33236
138526
29685
136056
59268
12180
198794
38031
40019
53781
54910
58988
37058
41317
13026
206476
58554
133418
132304
53282
201422
10544
266261
394004
32005
137218
10053
395987
9761
264670
55712
37719
43289
15835
264905
262643
34594
205625
18502
263307
53635
37143
327864
64218
208271
266636
136259
198074
28209
44695
199673
50322
59775
48186
133180
12886
6325
57917
61926
23731
24
135527
133976
131622
17057
60356
54062
17389
1996
7867
198402
51972
27806
200172
201227
59327
9829
45845
1358
36271
138720
198169
59236
205909
45458
135455
328206
265082
63081
61833
268749
41672
393703
47052
41447
393289
199250
15282
196649
198933
30633
206878
29309
12181
28205
42671
16995
266942
44072
27089
203535
36393
41516
44968
263147
61408
134160
267526
136032
17248
62383
58453
51734
40537
60102
57816
268953
19694
32920
39065
38844
11863
265239
41922
61709
262764
30544
41412
266937
207135
40563
45839
263874
197688
64496
50757
8952
262327
136342
133664
205590
133229
201114
7888
7494
40944
32026
10049
204980
51786
16932
32067
5683
136371
209862
196786
265037
265307
8561
133390
263680
394808
197467
58689
135201
10808
58015
57883
52596
20619
36797
198643
43038
196917
264585
20197
36351
263458
28974
19586
60458
200100
264105
202784
24869
55256
138913
31213
62978
64081
1440
31129,35434
266012
1479
263174
139023
266874
29270
57092
6717
7535
38757
32010
33397
21507
8897
263755
57882
54053
27425
28908
131169
62370
59743
56619
4767
53114
28977
35008
51871
14382
41955
139427
268882
137815
201504
47826
2572
18807
36221
5630
36054
43207
13446
37683
203836
33242
34636
56584
15368
198708
47990
21720
11780
264891
56115
15247
37691
43467
44229
207191
268237
60205
397411
135782
50591
11525
15277
267170
264127
37135
36892
49889
21137
62194
138778
54316
205459
58717
24742
13856
51578
46325
31413
25782
133644
55909
39152
197228
200154
57535
62329
35667
64316
46016
265932
19748
198393
34340
205773
4761
49174
24337
266507
266836
51645
48248
47672
135060
62408
265209
36384
135603
28260
394037
135775
209279
44819
17216
267149
57848
8607
264631
42800
138459
26961
33561
19558
40009
6102
134262
136902
137180
267417
395914
29949
36944
23014
209786
46938
267959
14591
54496
17090
32564
264437
267632
131210
40984
200071
18373
59467
27576
139036
328490
47217
30981
61689
49032
61442
136610
35184
42238
139053
135490
46579
394490
21559
42956
45731
42534
20313
35165
132550
266370
209298
263487
59316
45146
133257
135911
42004
19084
39101
268920
44557
198354
62228
38960
61286
269043
139026
60601
338
327760
36557
64413
210097
16729
39305
50262
20474
35107
397165
197055
209351
61900
133593
60403
396919
395392
44766
57779
133729
46446
59273
11570
263551
328134
50538
23305
267380
8649
45718
48117
57263
41992
264095
393620
263237
39431
24004
205215
133904
50484
18532
17988
268348
198504
35536
45300
43165
30607
11883
38819
23393
45075
51360
13375
42591
19596
263983
38815
19704
13927
12129
32318
262856
133081
266095
199442
201352
197229
51684
30604
133715
39259
206056
9107
18793
51893
25971
32524
27672
204152
22489
61703
63998
133011
136764
206821
37345
24453
14217
59595
30131
58491
7643
12408
395395
26539
30538
39225
32253
264552
4650
131421
266677
51595
17330
22107
394602
24236
46226
11012
19973
28746
52232
20829
34023
262210
202656
264999
203839
34602
22164
13722
21852
209045
267588
263493
268159
14891
264170
22977
265096
30844
20699
38784
16283
53340
33026
393276
262983
15656
21323
269093
20433
14097
38538
206872
55187
202012
58088
9371
395590
34629
37007
132064
40243
201302
197484
269207
267015
23506
49234
2578
24186
202929
16299
29226
22992
24246
11876
262874
201332
200934
27733
27553
58695
45622
136450
7979
20034
36657
132082
267612
60139
197979
138023
28368
43840
52992
28282
61667
16516
135714
59256
203526
197622
44551
44913
266768
265447
353
31277
267332
47914
210068
22837
44174
200920
135808
59515
3182
45960
200858
22648
613
327825
266737
209659
7788
32030
14237
138137
22088
53152
203709
264226
42221
41709
137375
29217
206523
60215
132955
4152
2030
57491
48520
34691
37469
4182
24372
7862
44136
49868
17876
207136
197870
268316
24322
63464
43460
62432
131245
397033
18938
138066
263136
45547
14100
12888
132471
41534
35525
55043
41040
22610
268053
31762
262194
40656
131775
394710
207036
262561
16044
52255
40068
46273
205895
199610
20333
7060
13250
42266
196916
267539
48424
52616
38975
262262
27515
56236
267258
32020
47226
15879
17541
203962
138257
268193
4145
21157
13695
44430
6639
57996
48686
8615
267646
265729
38955
47175
200077
267507
197582
48589
328157
28939
31298
51598
267269
136162
32643
32782
131143
269103
267439
7805
10670
205719
2002
53019
133653
6389
201031
14238
59276
39850
34302
204891
48171
57393
394715
53592
269164
43609
59280
393474
268574
16608
16107
1126
131996
27011
266944
134562
3312
63449
24214
203673
39531
59737
24407
266630
17278
16190
7363
48289
19193
62159
59646
61314
39920
55674
32295
63219
197665
137023
19603
18168
394040
18664
57067
262738
4808
13716
265305
59143
8182
269087
265533
27691
9804
52720
24336
197085
10991
42622
269583
36442
201858
14983
48702
209941
55577
52417
33035
267116
199010
37610
198832
43944
47477
263989
262640
133070
134403
266137
16296
57286
328500
54161
207895
46638
30147
17521
395111
61121
25572
23273
200567
58093
14727
133205
22995
328133
268123
395431
7629
4501
61949
47724
26788
61702
60171
200966
49192
262650
268052
38562
52308
200981
14436
198654
199588
202744
14604
38177
21254
27232
206381
268541
9919
28015
42200
11951
45570
18598
42034
134048
266314
203905
55740
132270
266146
265188
61055
22400
6127
58543
36629
61506
51541
33163
206957
55020
138981
40284
33346
16821
63945
135317
204965
44212
58504
56893
268274
53875
40661
208642
40345
60120
5663
204482
54156
264426
12202
139217
266586
133789
46357
57145
58955
29212
33182
23423
52719
49378
207151
267807
33565
34249
17310
10215
205894
21597
42304
40688
264193
12195
13357
62923
3147
54445
21345
62642
20629
138300
37032
23428
15352
13788
16835
132895
51079
54434
6039
11195
44647
34052
131366
57031
133048
39958
20128
59457
59462
14705
268054
131720
29657
58390
264693
267158
201814
393727
43370
39726
23314
23046
31344
396338
48141
32477
46190
558
38940
62817
50713
393863
14646
65610
63671
21042
11610
35149
17098
133091
14841
201613
213
44239
204739
34992
26073
59355
136141
61679
34955
37992
59657
61899
58167
53464
133837
48612
52276
7221
46568
23136
8220
20959
264997
44746
22845
14664
43890
42117
361
39540
196934
266171
265112
265594
46087
36458
262572
268065
56203
60108
31222
30329
135280
27138
134259
265703
203912
11763
21961
37343
393993
38437
51357
36890
199901
208689
137668
136620
267848
61756
24775
46356
37019
24703
137435
37984
209417
262412
17151
48465
263957
35833
37278
269112
10857
263857
263360
43657
32329
34525
52761
52891
25211
137059
265413
268854
137491
136264
265203
206344
17060
12139
54441
32745
139646
19178
35021
33782
199774
25103
205997
28158
28650
136376
267643
6628
266676
396388
37576
38789
46343
21850
35961
262591
262694
50690
267605
268030
198007
132804
39769
57074
136601
33004
62145
37702
210267
265818
267108
203467
9042
43411
63882
27263
25950
52461
44719
13335
61744
10971
37426
30893
42484
20598
28666
197921
197984
62535
54121
264873
17222
55494
264799
138286
58404
58259
52258
203982
197985
133547
53027
53072
35197
263271
19105
23877
136238
13385
60294
266914
51618
263131
262997
51586
38056
203632
262698
58218
57765
346
28756
264720
37317
137144
42701
38603
262541
59343
45760
23171
131398
30701
53588
42823
1676
39734
9378
35245
50308
52663
15867
6109
42656
269055
197845
38900
27893
58125
46477
266124
136770
61392
10045
61060
263110
138870
60187
210260
267965
206912
55003
62481
136433
131765
23568
12705
51833
15516
266966
13654
394844
263806
14716
61894
29181
131390
58064
28686
260
131740
40499
132571
50518
56326
203407
49941
63482
267606
12646
99236
134099
132245
134107
264692
20545
59033
44131
132087
8675
19530
137013
269806
264581
34032
31180
38285
54239
39887
133301
27250
10198
11545
42867
32412
203348
10596
54407
27253
35938
269574
267483
39427
263151
7268
21033
5978
31113
201437
51249
262202
199318
49689
47313
52059
202818
264691
50324
27574
57534
61801
42964
268393
41820
48998
265676
57166
133606
22598
56433
11032
16038
266886
266674
263183
265980
48441
25019
48673
4306
267984
26772
41047
15396
31783
264886
137340
44472
62017
395787
53740
63845
52048
44471
206002
14346
394081
51634
26664
268915
204135
196980
133008
45323
55469
5656
51501
204128
55689
206295
264255
202441
136035
38256
59990
48898
48336
27704
34898
55257
266025
46245
9264
14905
13499
139283
19006
396921
396052
138758
204678
56816
44566
206181
396405
53235
135859
30041
32773
17884
16531
262522
17651
3923
24715
58607
59214
60452
138284
8026
44778
40004
52654
22668
395982
266858
134344
395446
3179
28169
35234
15562
23546
38894
4631
27990
8520
43192
24637
39805
49351
133245
53258
62459
9578
138190
267376
20632
7647
36427
57478
39889
64237
11208
48365
20515
263919
19325
32327
17536
199061
17812
24986
11860
57749
35788
396901
136081
135594
205291
59381
204556
396039
52816
29953
54186
327714
14426
9905
267545
394674
61360
198405
47531
9063
135647
265816
32084
51570
265216
50685
58297
1500
133293
28135
199591
266560
44194
29372
57852
328024
18972
60073
56605
14106
396206
36908
47550
21856
60320
10851
29904
266466
267024
31027
46200
203952
198360
52498
62954
262725
29071
135745
17675
46663
57128
52405
267504
37654
15757
133749
137533
31288
13609
267180
23755
137189
42001
34720
263775
201892
206890
55326
23435
55354
207146
49434
16438
22111
47991
266045
45868
22064
50789
22925
55772
58045
8012
131314
12355
42991
196767
54804
206894
197597
12069
39944
208538
14584
15345
202813
39007
24590
262320
136608
55917
28364
48041
19710
262704
133409
56448
32108
47861
44863
35617
263109
43967
22626
21311
9457
201720
30158
135273
35715
59672
41010
45728
201917
58954
50664
15296
208831
206618
60478
1580
138509
23689
39605
268672
262925
265500
197724
53325
34427
19637
30069
36343
37619
38779
44552
264960
37537
267494
393408
44079
201719
22221
134139
210
394025
53832
38984
134429
53959
197287
64306
42298
19885
5089
13194
16039
42927
268351
49685
266412
199852
15673
50670
56929
200589
55764
21350
132404
18228
19611
61585
136866
132444
21672
203867
46042
32864
269012
266622
42158
36450
36865
15129
395294
138277
395060
131402
37464
15324
46062
198735
263554
196713
394837
14271
33336
137134
57958
25875
133420
203187
47270
54216
267772
196881
264088
14323
31242
12071
30400
50463
31695
26426
134971
61384
39838
267017
328280
21156
10197
24488
262324
15220
61659
262968
201167
42317
2764
29878
19455
50899
55456
205372
61920
266330
196971
62179
46519
17557
6368
17978
43882
199943
30835
262680
394279
39959
267813
268283
199945
57356
50680
21257
22394
205126
38934
206505
61023
137611
269330
200492
14014
24884
264408
25390
393234
269278
262546
204802
269325
18549
21751
50635
132532
16910
263003
393753
62751
16640
37579
1590
39504
33165
9954
62611
24168
18850
25332
135628
49845
269378
135807
29356
262351
3842
132164
131506
138179
263877
269299
44546
52837
54139
13541
18260
55218
42938
132770
61269
201530
25966
44740
198668
265720
268942
38010
135413
19880
209284
199034
1645
44732
21834
27983
267691
48896
29929
44381
48583
38204
137461
198911
197918
201445
265738
263243
5542
56749
57427
8405
264737
17494
46765
200781
56632
198988
31857
58460
268365
55106
134028
134173
132784
34915
61163
57940
48862
2613
51344
52667
52561
265177
26200
138594
3280
137130
28745
27941
396078
61135
200910
133772
63583
34170
10692
56895
327843
201901
61486
137531
396443
397072
56266
197247
12196
42905
10162
266713
47095
440
57231
265171
52363
199467
58974
135336
17787
60107
265744
50647
37693
265296
133478
263125
37222
55322
9245
22150
264851
328188
9730
43641
55916
17621
9835
