131244
30993
42417
209238
200591
262290
264015
42442
46230
263878
267119
156
132554
202162
199572
59771
136840
15967
55467
198812
269289
34447
36891
14859
268523
28626
12622
206551
36689
25372
22913
20285
11183
24317
210118
199478
268981
27168
32845
62201
62163
262706
328210
267261
17078
28976
197936
20300
48079
208928
27730
59668
202895
50925
37906
203661
263200
36622
34430
29422
29968
39997
207884
198088
12616
25969
198682
136967
268941
38524
40159
51335
46957
202498
204120
264259
197158
19341
28317
26595
47082
328323
395387
135475
53470
25712
6830
57470
266116
136304
50700
198195
35761
199365
32481
38207
17121
9266
328369
29753
15623
55846
62102
136328
28561
133782
266266
210189
267400
30612
48301
37011
268675
197923
47941
55234
49063
144
54481
559
37304
9507
366
56328
266187
7122
209944
44673
13042
14723
46053
205727
36004
24500
31104
37587
200788
19713
263890
323
44270
25532
19541
137561
41905
268559
58470
38599
34708
8448
33376
22811
56668
265047
12083
60357
5787
131524
263248
133266
17741
209845
42892
269423
394964
262896
264480
56190
197322
58217
137546
59340
50402
266369
137666
7365
263127
62410
265251
56751
266539
42748
263273
15169
264374
24471
199744
396199
23196
57616
56143
135725
138267
200429
264964
385
35444
53586
63144
4647
45824
42387
397120
8647
267725
36838
206614
48417
36001
42271
8111
10750
55022
393451
133588
44411
58908
48643
30318
266468
19687
56771
6886
206574
264950
52968
45138
14559
52601
15399
46038
18172
63214
15135
52251
132391
27972
14203
267614
22
264070
199254
43451
205891
27299
33620
40371
264825
197793
131387
41033
60466
263747
59350
133017
17510
206446
30618
10798
132117
52127
265280
61281
51478
138144
26617
18731
397343
267521
45498
395556
52749
265045
12330
24089
47874
61940
61058
58331
138623
14355
264797
53928
41814
8381
395560
55688
16229
53732
201640
262311
19381
395985
36168
17378
393994
16200
54311
266444
52190
43339
266174
63366
14881
15342
54893
51441
27021
41830
269060
264292
394080
12140
268566
5982
137275
132093
394673
135402
54104
138091
393819
6550
20697
17451
17212
264177
263604
64226
138393
9526
328236
42832
56101
42352
55380
61319
199443
4797
18574
262218
48028
263633
58879
263635
22433
266268
61635
55564
133120
138678
62342
10143
327966
27903
43331
22199
26944
12076
201931
134090
59478
51843
393607
23893
264060
134032
55287
328485
207924
262748
6843
52139
45294
41075
2129
13866
63846
131603
59205
203107
30977
18199
20102
18211
35543
3449
16010
28640
199490
131274
267512
46596
1480
39355
137266
28366
51281
135456
30482
38713,58895
30258
23002
47557
136462
8571
198673
57773
45580
32336
54133
25555
48840
132413
263411
207233
25871
265134
42896
267736
58961
62742
37586
134000
2539
210232
47478
262365
17614
779
42642
6905
23316
34848
205926
43663
37413
38162
268327
11814
8530
25929
24915
15785
266096
39743
138221
135814
266034
12511
13030
3952
265127
16949
39423
32921
17227
13631
51239
204834
54867
393257
50331
39218
14486
266624
51970
18022
8568
15475
264821
17694
48956
206898
51960
60454
132636
63165
34141
11224
61653
60534
56781
262576
266416
36659
267200
269506
58313
24527
36906
6073
37280
21670
4608
135485
43301
51946
60675
25316
208847
19189
38926
38407
23422
266081
267185
205911
262749
197345
50239
57967
63754
12545
48850
57961
38501
43335
39580
265994
23994
28255
47640
15930
132721
8085
50464
268445
52701
19575
58260
54630
56239
58048
7238
209596
58321
267168
61120
14782
197426
49672
51955
205070
263481
3804
23003
38027
14532
203201
17523
33953
32670
132175
42334
267339
56103
267677
210092
19909
564
25709
50642
267581
42981
16624
17275
46812
394592
265996
134023
35026
57595
61795
41061
263781
24404
263669
265264
43316
132754
62512
267202
206451
25754
26433
28663
206108
267902
41270
266463
267354
18964
394660
57413
265906
14806
47821
14743
17420
37542
33699
11282
1449
198825
208696
200916
38103
23415
24971
34370
51042
12569
267221
53084
60754
34362
13711
41129
62209
30914
22235
50753
394773
10538
8315
268245
58053
50289
11875
18693
45640
264411
45729
58094
137159
50710
200793
57125
39489
132418
265820
265861
134916
38153
132556
60724
23728
41067
268752
6034
51835
59354
268234
53141
18123
197250
269152
51446
209571
27602
24137
63935
139517
56920
17395
20850
138358
268185
198755
19723
3166
269156
1835
35456
134856
29512
14851
61576
203315
1337
136358
266948
33237
21171
26729
265318
17630
14941
18974
196908
203617
57846
268619
16286
37437
262169
16081
206268
56196
132205
206317
202705
264958
23862
22987
42428
28533
53890
47251
13287
11273
198713
262732
61456
137514
64434
395895
8039
19752
52003
53131
202221
37943
57066
48063
263859
59653
6181
5467
264877
15307
200370
13604
203183
265493
54348
264756
51563
268907
58484
58201
20058
15147
41223
134637
56153
208443
20382
36734
30047
62681
19963
26946
61704
29161
203496
205927
36038
4492
37031
60706
196785
37282
133324
266429
56476
265439
266411
44771
327970
265186
50316
202707
22575
14328
41617
54262
18441
11143
202675
132483
268934
27003
43030
10801
58394
262697
263097
263699
19582
4597
51075
267091
135099
21030
46148
53153
136699
30960
13181
3596
136404
267956
52742
30386
207062
397731
57193
5018
131380
47211
263846
24083
204929
6904
208988
50193
24080
14343
30931
327978
30718
263224
268375
200936
395126
32054
48537
51155
56316
34070
35212
132542
47579
47252
209374
23255
17756
201705
45499
32148
28280
21878
395824
50915
196744
39886
202745
32099
54232
34243
197548
57836
5752
134602
13717
52235
56241
201290
63961
60012
23596
21231
202094
50721
39043
29877
36965
59116
39360
265395
39268
26022
61218
9657
269109
49169
26782
48481
27646
62891
14921
25233
59681
268548
328094
8902
196947
135429
34386
266826
44343
49762
138205
206535
49664
11862
20079
25896
26118
203026
135637
56108
265387
52727
58303
201609
199090
36790
54746
10835
55288
265154
4373
196891
7883
197235
10884
59324
204156
38170
23661
22227
30413
267399
266177
12365
54882
205371
5707
24204
55489
34802
49455
206177
266934
58451
24046
23284
262393
132688
45572
29613
24552
28684
47394
56227
205604
204806
268781
267510
44208
394493
268249
15041
21603
52875
197153
52876
134031
264648
269733
60882
18671
42459
264895
267653
52592
56854
11092
14649
37257
11677
55931
197105
24929
8079
12230
268304
328543
14299
264701
4690
29395
41917
63141
395769
25821
28098
263666
30676
263067
34558
135876
203368
266018
48487
265131
139677
44344
394039
36692
61663
42655
4817
206420
58640
32312
131317
62900
54527
49666
132133
11756
34355
21471
268062
59023
34590
50751
328168
133825
263601
44942
38636
328076
43632
47536
197021
328235
198539
18560
268502
19458
14234
21419
20208
52010
264090
200095
34613
41146
25608
197549
40047
6824
9628
9476
54192
262384
137975
265750
40784
209961
20366
52210
206986
14585
37398
133277
16633
16822
197660
3954
199708
264525
26206
263119
139667
13511
55356
9765
53441
137167
56225
52122
6646
62819
17306
60175
31845
48728
202026
53717
13546
394384
7181
20952
267306
14263
50535
32508
25440
395098
56861
47570
1747
42219
266730
28554
20030
29902
3661
56911
55806
136711
8972
1955
9694
27745
55334
265913
39729
266392
36856
131619
63887
16265
39331
262695
135635
1536
37512
12871
45494
328068
205982
264835
205514
197395
54266
27376
263913
201140
28166
198600
197201
26789
46885
35884
131739
28660
215
20277
134835
198177
34977
26038
17833
47511
56947
16263
52578
53375
12570
394126
51904
54718
36782
51762
14879
12628
39082
268477
32514
133315
263419
203397
6698
34012
9498
201782
56537
6163
13781
33507
46822
263561
17763
19315
134227
132946
56630
63493
48645
17775
51395
38946
53877
28150
345
42767
133236
328302
206809
197966
45600
32092
268755
207232
33122
198938
266049
5341
38536
59744
12087
32937
49255
23203
57840
199001
9194
9472
42022
135844
23294
14322
52623
132051
198460
131322
35905
48839
34572
52644
203605
198928
196768
13067
32448
395910
53119
30864
138798
198124
132156
53124
36763
209104
268210
268107
132433
61426
262509
31343
262337
136406
43008
395851
206644
395202
50750
27462
46374
3241
20601
63497
51154
46790
45466
132780
264217
396168
11706
203505
24547
23185
35920
7015
136312
264122
27705
200918
269049
262701
38017
26697
16148
62860
47330
131535
36387
60899
265890
201010
7599
37006
133672
1474
24762
265290
19269
39061
17811
28353
41536
13660
202170
201006
62096
204043
1985
136787
7143
23082
53433
4022
13743
25308
263855
63867
204624
134762
22863
205938
268568
264524
48500
16881
23783
31172
13576
263350
201205
262744
57842
395403
55559
64298
139005
6614
17175
49203
20407
14554
30366
33572
206363
45947
2708
40399
265442
133278
32857
38502
9244
14534
263375
132536
49374
58164
263572
58829
52257
265524
199944
26261
11932
28024
27457
3389
43545
55673
37721
52852
31752
14579
58710
38295
266509
262569
200898
6954
266809
46235
262960
264331
39231
136172
200704
265279
137496
42641
43440
327817
31319
202913
36361
267057
57939
51182
58807
40991
47485
265947
33976
136634
265863
11616
53426
263225
206617
56885
328156
40211
1757
62813
21615
200593
39214
264940
394218
22458
17769
55201
138142
197744
47845
20021
209425
209605
197311
6772
13423
40883
264489
131627
205487
27688
30663
269276
52043
58924
78
267123
41267
36988
268464
201102
15271
48427
57367
29776
10859
328143
137538
7551
7342
134688
28481
60399
205851
136659
208727
59146
52880
35123
14850
262464
55151
365
49214
22584
34515
21508
39804
55084
26673
51990
268592
135850
38592
264346
13188
265764
51820
266711
40947
39603
27364
394821
31572
197812
132400
265002
21828
38225
31236
36050
27989
28215
16403
133597
39999
206101
49650
197905
15492
39370
135207
24349
207228
269229
23463
197659
20855
138825
135380
52730
263827
268835
137604
328167
32168
136435
60298
25137
20291
26540
25435
36082
266615
51779
265950
264784
3277
268935
266603
132355
41102
8204
3909
26174
38062
133859
263893
46648
264478
206521
60935
29289
263735
31638
328054
4850
133872
52442
49433
46779
60468
394247
14675
17606
13802
132653
60749
12999
204854
58119
22315
41153
12701
198918
38922
54753
57364
48163
58113
51939
198845
139350
269193
37258
33364
269138
203755
200960
7922
25668
43754
53145
264986
133786
116
265272
7068
33753
264908
57302
22490
61284
137006
133321
41828
51897
266910
265106
200820
51038
135046
263597
61134
40839
49527
136710
327744
35292
27348
62996
202264
134424
7915
26807
59181
268704
51730
28698
52773
266044
47739
267385
26123
4796
61686
263671
198496
262624
7963
41043
59878
7235
37112
265746
31634
62948
131411
135001
6058
36147
38471
60424
9674
63281
37471
262861
46902
20360
28654
55944
46834
10823
58292
56801
208707
49944
17192
45703
204982
36182
266740
22843
54518
396463
30851
26167
15679
20653
265937
60355
46419
22999
31195
29828
56535
52404
29810
203453
21221
55311
6366
28261
7902
28687
55166
50301
52490
60645
25692
52177
133372
1410
61365
135202
328259
7148
266372
21846
25542
265650
34011,35329
48252
137632
61205
207198
204786
196629
8286
32956
49457
23092
60614
17045
58237
39655
262204
20773
203630
202030
14576
17084
42362
27896
135854
264902
47862
21354
57687
19915
135304
10946
27979
262803
196758
266957
206168
393856
209484
131128
42327
134265
134829
49373
55775
13536
11773
32235
45620
61665
368
264141
394330
266502
266927
204444
44880
395460
2031
45451
45467
11470
133689
44139
52906
43070
59514
48315
63548
8094
50019
131703
28609
1509
263444
133383
25068
63008
22153
132537
17987
1463
2519
18818
264321
30167
13888
199622
135528
132241
48314
37174
62135
18112
263143
199297
394535
263533
386
208307
51780
59235
264485
55649
25229
18224
51701
54193
62414
24925
40391
268535
11751
17442
16592
136545
264230
7830
397138
48943
63678
27717
52475
202074
136861
263380
204341
133153
26909
32385
28188
9002,14576,50673
48692
135419
11807
49298
46442
10318
43818
133937
63760
39590
47089
267245
34448
36053
31718
266627
263964
262323
2606
196810
41738
266793
50662
12550
40107
268945
60084
37517
56837
18259
34281
263565
20745
16956
19104
396257
21630
131747
10844
24607
49980
269479
36918
394017
204893
15763
57889
206668
58420
44408
133764
54645
24439
3361
37199
132035
133272
32779
267535
16570
18250
36962
16967
394459
21500
45345
134055
29700
6473
205870
33391
12564
26713
262396
266186
50478
61081
268374
202966
22092
269074
62327
131900
205923
268441
25429
136333
60397
48165
263462
13004
395140
265482
132334
40082
74
19871
17436
32756
135136
269221
268649
11624
14755
48029
6364
16210
14032
268505
199761
36325
6421
29186
28521
52049
23328
62556
31863
14037
37347
37476
135316
26386
29207
53093
58461
4771
33980
56635
32363
28876
11268
201470
26487
26912
134541
262196
396192
17995
198403
32917
134260
29951
51244
37190
208200
36902
61350
30746
269072
133929
199366
19103
206868
58319
27555
16032
53051
25265
205928
17767
10998
206534
198275
50274
58213
25309
57821
208717
62275
23126
199265
263684
200812
139480
63530
45344
268049
264499
8599
17830
29475
21348
61856
11270
204527
207083
30320
11537
209024
11842
51517
29467
267589
62292
39205
21654
40020
57171
