133674
394963
12997
133788
268140
53089
42930
139474
46729
132313
209261
61581
200159
38154
29052
12112
45148
205532
44368
133297
59409
327887
41264
135299
266136
41684
41686
52609
136680
61396
203306
6666
20488
210274
28153
266218
22719
59995
57853
37314
42229
37246
48579
17980
14197
27026
62174
263993
200001
42997
201286
51724
263598
40469
24814
34786
393516
12374
26047
199881
34219
268383
26463
201044
133742
28466
12979
37516
22108
46039
45186
63172
200640
13230
266525
265427
26404
31851
201079
132561
198215
139538
393463
36025
27064
44300
265410
53237
44045
62407
39217
29848
200735
57246
26792
137679
1280
16252
9948
46169
263320
61733
327712
61512
54344
48293
7250
30673
268618
38457
262731
37004
1551
8052
264378
264495
393813
61947
267409
44698
594
262881
393275
111490
5387
201540
268932
206970
264347
53585
202662
49056
134384
58762
23682
139037
58114
262300
52753
33781
17203
52140
138547
52593
395688
21243
24130
15725
266898
268686
56110
134909
262681
17373
61304
263777
53516
44302
9411
265448
25180
43797
31576
49060
29999
51274
267328
61911
49122
34058
55511
41517
207120
198355
49205
57395
202337
17604
135057
268708
22697
138735
17910
48302
201029
393405
55310
33640
51346
8580
56086
263674
263486
206642
25579
57694
393438
266628
264518
47747
40521
23310
50729
198244
21627
266283
204054
57895
33333
263454
54343
395494
133589
52534
262497
61421
60072
60185
40698
50187
135300
59424
44183
264790
63335
198720
265056
26611
61955
38753
17716
53099
34432
5
39919
137673
22566
14892
138212
62386
16796
57096
66001
57214
13778
51705
131432
40548
43737
10023
42772
132519
138590
268472
37026
264149
15815
2728
52809
395216
12292
11962
268150
49847
34753
265561
8240
36977
33178
63026
15437
328058
264211
61344
393823
39866
1640
40311
23860
58382
38415
263936
268832
27827
28286
269282
48010
139709
137394
763
40241
136147
263973
198367
60075
39638
41387
28259
267537
40825
395662
132963
41414
26456
18663
37550
133209
31831
36197
23473
49953
13886
18222
62196
23738
267524
32853
59144
132655
50997
5650
55157
200930
138632
136969
8499
3185
55013
47526
206606
24852
210035
15088
136168
327074
208621
56883
37085
133443
133608
263866
1251
197261
205637
41228
137323
41852
5662
62230
60871
12810
28238
34254
30985
27443
10607
4694
199370
35512
12782
266514
57558
61826
4675
12120
26086
54576
45701
269195
201439
39942
204468
18450
267292
8131
6348
9029
198829
14847
5627
26537
37544
56737
265396
31272
394178
22722
33624
1299,2914,45474,132301
59988
13189
32221
16455
61295
59453
38534
30065
14623
50655
38403
197171
37529
40474
40619
29606
24492
27735
53956
24120
268812
197711
395335
46176
14895
138756
61338
56468
13361
262478
9572
29091
264914
62083
53161
57042
48558
38185
34788
15279
61118
263872
263805
138172
32794
398122
131195
199542
263804
24361
62680
264990
4773
205702
19070
17727
29465
11123
52458
265966
6332
199637
266570
43092
264690
1506
268335
34609
59366
132
51670
328519
52643
59183
32086
48299
50630
30489
28806
61297
11521
196883
53978
58228
37473
57891
21143
134293
136210
45930
40732
21859
13945
39976
24303
28167
19108
397297
26793
262361
60895
41144
2035
17747
133398
40628
35287
28159
206436
11594
28553
34296
27199
25771
393432
27270
47326
9298
200682
47895
59352
208460
199456
53211
28683
263062
18808
4436
62052
198330
200738
13590
198908
50803
263270
33568
199711
17368
13911
209565
26705
204003
26607
39939
53038
207186
46900
264359
266185
265306
206279
29734
14490
264663
10180
264126
202112
200032
61683
264930
51995
6951
205159
59600
34791
7340
48048
199970
47151
201409
60448
9406
36431
17450
208678
23406
204541
51484
28450
52650
134346
396087
24875
13266
43118
51315
52859
200350
135069
35410
50261
10674
19585
42025
19904
19160
135484
35954
264034
33811
263165
58912
32889
3169
31854
34968
59440
53126
264134
264872
264535
132735
61825
40518
52988
201108
264497
17721
20381
11203
41121
201163
4642
395652
15406
7991
6568
137946
23100
268925
15189
48902
51773
264041
203294
18684
62120
16555
41950
197685
394786
199388
42636
395535
52516
134058
47542
21650
29521
48544
198127
55011
200707
396536
40033
28721
36144
32777
33748
6071
63470
197202
28201
29393
40385
41798
62357
12091
16819
205041
26101
52690
63471
2685
18409
53294
64238
22539
50638
27951
7175
46457
394322
265161
202215
1790
41444
139675
34169
46785
33279
14475
267972
201361
205406
204870
18404
23448
198566
54002
200313
28401
22989
44941
42590
17906
60693
55461
133187
40844
264324
52981
20417
264113
264694
139201
267191
397894
134870
48727
30251
9836
264288
57161
39995
45688
263525
208942
268774
41879
209937
262282
7683
268798
268358
36454
47519
45254
43415
134880
21395
9146
200605
30315
266378
34139
137084
135457
135428
59131
41203
62502
28304
197682
138153
57244
1246
43179
14780
59635
23154
265381
23329
203730
35688
266451
492
205739
43845
59696
8738
14296
201052
55342
58056
55612
63434
63570
26405
27875
1506,1541
25415
56251
204059
50114
201652
41697
134229
208870
27152
25953
228
17668
45152
25628
7794
52789
267567
328003
2529
40913
264137
262772
51382
39668
197377
55927
60848
17658
21506
16292
136987
25975
24877
209710
264466
395555
135190
13135
394172
201628
266402
11358
39898
32109
262745
43773
11699
42176
55455
393938
31009
513
36508
9714
34695
41614
267783
209097
48214
57573
205431
27319
17552
198316
263232
13371
47412
395658
4473
266293
32470
53223
133585
6086
200111
137962
49895
45161
63727
56915
28979
262421
30660
28007
58656
395972
16236
20454
10524
198541
132014
59521
265288
58117
31999
57754
133208
51959
61789
27800
1115
41504
50621
37346
23954
203547
37658
263958
52705
135312
26958
19148
205113
36121
266108
18682
50623
49507
10120
61701
132234
5708
24007
137430
54277
61813
268556
262557
198097
64419
38689
60771
17199
138320
63400
28162
26642
46281
55526
22761
24585
62755
45087
48311
132331
49406
32664
57440
8398
265487
137331
53036
198667
135416
60966
23674
47118
61283
42755
397592
38755
31960
46687
35957
61939
265373
40996
43886
25788
262558
42139
199008
263346
24196
51208
3491,6939,8928,37084,37185,39151,44356
40266
47073
25339
32720
206190
5691
203219
42734
267530
31087
53305
136975
41890
264336
62994
135679
32331
63218
39526
52778
52112
51525
266485
203037
59468
43387
39226
47923
9935
49614
53577
59101
202969
395322
42907
28172
23117
331
135193
262810
36445
37472
48296
263434
22747
38444
394712
48058
7944
131289
12930
57916
55571
42315
50118
9129
268899
51006
262157
25671
396302
52015
269279
60376
394091
61980
206761
42134
14690
205893
15133
30299
54057
49646
8495
48803
203902
3381
11344
53116
85
265053
136024
135929
549
204276
264048
138079
267468
10068
24522
62650
206248
46936
396130
61858
139464
3681
45061
61778
49486
41243
135264
265160
132479
202424
26300
204004
25963
265905
7642
396358
20205
197194
12690
36621
266380
47869
30679
30700
37179
61788
49844
59382
20448
49331
56477
265736
61417
136187
135837
34204
43588
14781
58539
43348
196790
24549
265079
20576
40707
13902
48647
11618
39398
134388
396403
6624
11722
52925
132100
264554
134553
31914
43004
268282
20657
58479
56681
17144
52392
203254
39835
36926
28038
205241
134040
210027
49219
61696
40717
4884
28824
267638
42441
34704
49024
42048
267583
56136
135471
206975
201135
47454
43296
137578
49554
206483
14059
22646
134241
394441
132506
50073
262586
15412
268656
201270
26040
40112
32330
200073
33635
37368
59371
44251
5479
28163
46199
205685
393294
21259
49780
56648
46930
26666
30343
40140
32400
17426
64224
268116
134117
61784
54128
22356
56047
32912
397270
61016
44361
54670
32204
30614
204819
49823
51440
206289
395240
13971
50070
203000
44402
14495
63749
31108
135447
24155
38528
43260
61735
37210
30220
135821
134152
19117
203631
328375
13122
2840
63724
60318
62962
10420
50816
44145
11269
34354
50667
135092
48597
394075
36040
61712
263406
44517
197944
266608
3573
59936
266123
136531
198374
60054
46
39356
266324
21011
58811
397751
38417
16375
132415
262955
136171
15261
43417
64475
268344
27172
263763
264926
45454
58271
201926
22110
26913
200043
263688
29132
205663
32458
34123
24033
2501
268520
263332
24069
54127
46773
268420
201642
18200
30728
64049
20236
396322
134863
262961
35203
201884
24444
19695
27153
10229
48499
9955
268833
47426
28957
265220
28233
264597
135149
24312
262165
21763
266191
42947
36518
49764
9340
35293
32373
269067
53657
48026
12576
10405
36464
52825
394022
200741
31628
11927
48135
327876
38307
29275
134349
61398
265004
41573
37715
50507
63869
203375
50832
200583
25449
206539
264440
14317
267011
42376
134281
206170
30060
393967
46661
54466
138322
35166
3300
265060
132856
60687
64411
26437
40876
200648
42793
38036
197933
263854
133179
262257
198853
41717
39223
136633
62788
9105
57428
2711
36461
6659
62146
49950
35225
263301
37156
3709
13555
198919
63419
22582
209396
48403
136301
265204
201906
21113
207073
267093
13132
35285
33772
268205
136519
265896
266224
16626
39247
40583
56826
267797
6126
51116
16253
267056
9304
39338
268262
18202
20446
24422
265483
137314
266580
28138
394513
21413
55918
199546
37013
42763
138371
62684
48555
18103
3555
265437
20166
47758
26045
61584
21870
31323
60776
22119
46316
53435
29856
263443
2072
28275
54173
133656
394146
50720
264677
269244
207249
30550
47144
61463
13641
11234
53150
23687
41096
263787
57100
134612
137169
19298
58448
203501
18351
50563
25335
132843
45221
2819
21219
8699
27808
208341
11738
1197
44890
138382
262601
266337
203884
32909
264653
38611
38927
17127
650116
4750
397460
52319
199508
37641
135888
29160
51886
268513
264280
44081
59428
22908
265530
132751
7212
206707
267508
137458
136284
267806
42507
396870
138462
198442
350
16801
53169
32013
266838
51869
34421
6663
25349
9731
54752
9452
24124
33029
11789
62053
263169
204201
135241
263933
32634
53015
15701
25004
56447
52384
53108
266757
136001
62861
62313
7955
27562
36097
267908
32671
26744
53756
15118
136829
13806
44705
132857
135847
10429
7280
25486
395457
204810
43091
43465
132329
133661
18135
203918
26549
55353
35609
36959
19083
49108
200734
21567
201258
52168
9124
50010
38758
46484
26842
40572
44109
55498
56918
16045
1610
19607
61852
26341
37978
14062
206360
264460
134522
24722
56611
265508
396014
269611
264360
45638
138971
15904
62153
51900
133583
262468
266700
201166
263595
9814
60493
342
198946
206449
263326
64417
26263
33821
56818
56655
132440
196624
45044
48274
29267
131436
203618
43958
54845
205797
138114
31486
265303
265142
62191
24998
62375
57787
199986
33197
268614
137160
264935
34645
45427
30831
30570
266574
267074
264890
31321
62223
20900
8932
205362
55473
46540
268376
200510
58262
263170
268861
56558
262952
20184
45747
4474
31708
268709
37217
18291
50442
265409
199729
393300
137010
63452
35569
58449
24406
37269
57675
5581
43517
56824
263951
202808
327965
264909
20906
37393
203002
18927
135735
134540
23241
11843
40745
40807
47839
263177
393548
268268
36298
46868
50657
267362
34820
11019
11978
55799
36626
210176
131249
17386
395282
267516
64233
328428
267175
22259
41066
52693
210171
23293
201953
50993
266598
200433
54454
54692
11714
21765
54425
396071
19071
53250
48464
13071
14243
200285
15434
2571
7262
42613
8343
1852
24933
25504
44245
29520
42469
43173
10320
133640
267549
61441
57294
17666
50269
198688
198394
263730
12422
56121
204041
394972
19474
60168
268666
199040
47870
264020
17793
43150
53077
52785
17813
29089
35117
62325
135186
133707
17765
40310
57879
52714
33736
49846
43085
51040
56472
31466
19685
200826
327840
56853
39701
35859
47791
8
47406
201156
50130
264878
6941
37044
132851
21922
17440
36979
199325
33894
132647
30428
39735
266991
40770
9886
52971
19859
20330
11734
135062
32623
36810
44787
14511
328545
61169
39799
205672
269417
31207
58690
53488
5108
34748
265274
27621
396100
50864
265440
27564
262367
268596
17210
12849
54787
48412
29563
64086
134232
15540
7604
53401
21835
203110
196813
268634
34624
28932
39657
206374
204990
16899
47069
203057
202120
13917
50600
21182
44116
269077
32383
58459
41550
9289
11176
15936
11116
198143
208737
44341
203764
30094
27795
21538
58086
269010
266119
206857
35641
268532
48246
1531
133092
2865
268593
9145
268667
209244
56538
13996
4058
135187
61514
4804
26730
46417
269335
59198
26949
22390
266028
51452
47950
41313
15469
58629
60549
135610
49596
269322
61072
8669
59513
28870
266912
132763
18029
41744
12903
41017
267728
268230
264628
14931
28229
131349
47087
47707
53813
6648
49576
30194
400
376
33986
30840
41480
4940
45504
17071
39684
52947
200174
394579
60744
263902
18921
60533
134859
30295
56204
44668
27381
45118
132075
264322
53071
20772
55179
15589
12152
22549
40410
43768
396844
63405
135101
265338
26760
63171
51950
262377
57898
31761
265261
62592
268042
131769
200469
132609
263994
135451
18590
61765
267155
33257
12539
34397
3211
20980
14043
60901
18182
264016
42191
268623
393613
138881
25509
17106
34187
138232
139292
206198
136343
61731
34858
204635
24398
48039
322
58708
327879
15612
136593
40872
47644
40252
40163
26255
17397
12502
18037
