8339
22739
39352
13959
16860
206892
20662
37643
47404
268943
62711
55247
134774
205544
15244
44599
263613
26415
132088
18209
44417
30921
31225
327697
199362
269411
61433
29548
134891
397104
208393
32051
45361
39139
204571
37394
27624
53040
11460
262632
50897
34584
204747
4052
53198
2939
137132
62245
50017
37341
269481
133050
31841
203659
56634
264641
134073
61484
262285
11414
53692
5531
264864
589
3754
46513
57935
134831
44456
36408
5794
13891
206780
263932
268536
135112
4200010000
12118
7700
53336
55318
27336
50809
265983
29982
53689
265968
15364
53735
40785
59139
202108
262743
137361
204713
269410
51488
132206
58735
20062
56888
328535
34909
12345
205808
22356,28124,28663
262612
133968
35041
42600
327903
6057
201656
58343
6620
64262
61116
45557
133298
135180
48337
38330
264656
64015
265317
136356
265470
46186
62448
24733
263876
45825
133802
209658
51493
24536
50016
133835
200282
34797
8051
8921
44850
42517
263770
264445
268004
265785
18340
47105
202838
16703
21302
266573
199267
3224
209642
19905
63015
263303
58834
138408
46525
33676
17803
4851
396855
43226
12515
36556
199274
34186
26609
6894
397573
18114
52830
51001
54709
137580
10967
202870
53065
22958
204232
29216
263424
38201
268299
63486
265474
263726
36328
34209
266956
25764
208373
20931
21222
34741
57022
41983
138259
35738
42452
6485
204469
266015
395167
138077
39028
41592
8532
38678
4202
41602
268359
203335
205474
56237
264622
6693
56228
41508
197033
268406
24730
8053
265166
2854
265879
395831
42811
29385
206729
50476
25747
136064
50055
265145
209951
9329
55591
56690
16390
46666
16852
35082
7064
41463
27902
54458
47894
52760
49334
267782
46588
197364
267571
28125
40676
61305
29039
134108
203626
37970
328182
27015
13345
17126
31403
267098
266097
198885
27724
203272
3491
57521
267978
9396
45847
44622
205188
57335
50467
28073
46807
266173
264196
61755
7806
394400
12654
54936
11596
62941
53097
47554
50873
199613
202093
32489
14575
41601
53139
134740
265795
52673
136299
21513
14561
197670
52610
39189
15198
8300
30954
11819
51584
25813
15549
204515
208894
50206
42393
39953
51764
9328
9443
202516
38158
19971
8998
263045
59897
42906
2695
8423
265378
33409
262851
267139
63510
61493
58173
267475
262920
1888
202879
48648
29057
132783
56365
262334
394351
18420
8905
395573,395918
133941
139248
393818
267197
40053
34040
3785
266071
206833
359098
37596
22013
35238
51087
264452
264667
61160
9127
46511
57011
264923
38022
36104
35038
205494
55135
33668
27680
135673
131732
38622
60810
264410
9776
267079
23799
10399
48944
21189
43201
48887
53415
40099
53271
52900
49342
60017
203863
32009
57844
40908
56410
56430
206594
58437
6400
60819
1504
52869
51311
263886
23356
1646
13377
19995
205332
24489
396253
328187
204609
206741
25893
60528
267101
206637
394391
132606
55636
17232
58397
56252
33131
30354
41649
46610
61084
203559
197874
7849
13016
56200
63677
199180
62984
27487
19570
21946
9653
40651
10105
58969
8466
55780
45674
205271
43043
1825
24364
44240
61488
263026
23752
196741
10080
28091
28110
21863
27978
28266
136946
266067
23950
327953
15454
61508
264746
43716
44854
12730
136217
198621
63151
269354
30256
263212
52023
32002
53147
18344
23268
10269
29307
48218
4725
55051
9503
49170
266658
208858
36218
267321
24867
327713
50987
46136
197075
202366
198389
27477
42679
139206
137697
43973
207907
47135
28382
19254
59288
5022
133075
206309
264994
39102
138289
60336
41677
1140
41324
34304
31525
6869
267452
6192
203303
20681
26543
58551
21483
15830
28893
197817
37690
209865
198814
47881
8354
23173
1482
200719
40007
5692
27067
23859
57629
3794
327952
198277
263818
19536
39410
28367
54664
55746
269105
21034
10980
395270
11154
394094
229
27740
48131
21005
3377
20949
6220
398124
202663
43071
33675
19067
11081
10307
395439
49545
34134
137015
201603
132514
28722
58247
24538
15532
16898
62269
39819
20522
262824
24473
27773
39802
49218
203613
14574
19855
25511
43472
266139
40752
1559
263931
203101
264844
135398
28544
22766
199738
197652
269137
1767
197867
203756
43332
59627
196783
36938
47415
22862
25936
2495
45472
37514
47165
23974
133041
11348
60602
265956
203428
27901
17762
58244
17595
265706
58540
138887
57998
30181
5391
263803
56248
263059
203855
55435
203614
267044
15225
394021
44499
264603
8538
58070
19893
12165
203762
50714
136207
12963
49643
266398
37110
61496
9315
59732
203973
134226
43287
394653
201700
35265
207248
54376
13750
264093
46242
264490
59773
47101
136113
32923
267838
17996
14130
263387
197262
60519
395180
137672
11588
63180
26019
394756
394771
24432
17719
24700
201766
29478
394245
264368
30532
34462
42265
61694
52241
264583
42584
265955
48198
205671
43275
48658
60233
22104
37184
17430
17322
30070
46067
28579
36998
135276
57454
49006
88
268466
20983
133771
139035
56255
20764
12813
10006
264681
34587
135849
62013
47764
136067
206264
39254
31595
197448
24212
56543
56378
26107
198616
14381
52227
32382
136033
9197
1415
205921
51861
19306
21280
198651
196852
263017
34555
57808
394917
22703
13676
53221
264207
18214
62615
54933
61943
262494
17766
33872
39074
53183
26845
262996
138109
136045
51852
24532
200883
44346
63072
14951
134067
59137
203466
266359
26876
394276
55199
203098
134014
63707
267528
28227
18716
24105
14525
269131
26014
327896
53400
201142
24725
202023
51662
49439
9253
37628
13259
12943
198967
197348
334
264871
35501
57677
19935
209386
394028
328443
394376
6759
22775
201058
48331
15756
200557
328113
44542
58158
23181
23489
61802
12993
14241
47127
32328
268308
37993
56616
30600
135218
53056
53371
136383
39222
14349
39678
37130
38732
511
40172
55370
13077
264345
38948
263858
54540
265075
56044
151
31216
32220
29030
134813
4729
42083
203938
46421
6702
197749
29244
33885
265345
202117
7530
137243
45803
62542
197186
263074
268542
136585
202789
269162
29581
56908
265385
54456
64271
53334
37045
27847
3067
56171
63827
26605
265467
37216
29597
56756
264092
53342
54905
265778
393268
60211
49207
20622
40633
13009
50806
208092
26013
26440
136663
138054
6367
21725
57119
27136
9660
50787
135009
60809
60443
56643
136447
28096
26226
47562
11360
51200
23318
37201
25009
209759
268387
40810
12601
202995
4193
133322
60530
206169
11845
50989
51587
60142
204486
13257
38410
33932
44304
30898
202021
268459
27505
17188
35593
57198
62268
53902
265227
36963
42414
266959
40816
210020
266154
38413
263615
264302
22454
134334
1736
196854
265252
32041
12638
11998
23265
9083
205438
50961
39716
266794
204018
44063
37223
138100
26492
209696
21880
41910
263399
63345
43616
22225
262942
132005
137151
263834
198747
13800
132842
197167
7722
48390
327701
199153
27401
33835
37035
62761
47833
23412
204617
132238
44577
48945
394268
35824
62337
132902
27813
394818
265300
36610
21556
17114
197227
19044
394966
262556
393837
47424
394687
395198
41328
45705
58844
394581
33915
50868
58210
204535
20514
9413
206641
19130
269763
60751
17848
265309
134337
53897
37153
9439
10564
56167
135946
17648
395384
63174
33139
394158
61693
201745
267478
55033
262445
132069
10294
132022
20373
24211
6498
198312
34758
24705
268831
31158
268370
36524
268118
52958
268415
205297
201717
11206
6805
268554
56005
1457
327731
263025
51755
16921
37336
63922
24545
203427
137880
12242
18771
56132
43277
3369
199573
208734
64073
51234
37563
266476
53189
23523
267859
12655
56321
16064
38811
58562
23128
267964
20390
136117
49805
11765
29584
136009
3663
265777
51107
132711
132422
35640
137001
27871
203913
137476
201036
263856
26615
204310
13037
27882
48257
49074
11794
51761
5665
49209
46083
327806
35144
206679
64509
31273
201502
17146
133060
204762
14166
49669
131204
199113
14207
808
263287
15069
43399
395949
136027
28504
209757
16628
29599
33632
396139
44002
327775
45758
204460
27820
268056
33047
44805
265283
266913
262545
58488
59807
201598
6584
262691
14297
17886
132675
265695
132785
19136
55264
197131
45665
264673
4746
49663
16947
42548
44087
41292
36077
209669
24895
53206
44459
265661
16405
58589
41559
206508
22478
52638
24220
46786
17298
15309
63009
33633
198560
267522
41838
5740
268036
133262
265476
200876
61938
61758
396182
198150
137653
200447
197059
265981
32869
268402
267373
201145
58142
262379
56902
61888
395828
13426
197578
54404
11311
25501
41920
13933
14522
26556
51495
42063
44222
63177
3777
60626
262316
395022
47568
201218
203318
8135
20714
133591
33474
268821
50292
395566
12079
14873
52982
268507
37460
205389
36429
18770
205717
34150
262836
197769
56957
30646
196879
58121
49969
6939,45474,132301,133623,135607
1734
8146
59537
266085
64432
264995
20733
14006
39712
9614
52737
17937
29256
49155
262811
45251
11179
137300
53076
19250
267146
198371
61460
266441
64093
13253
268386
21198
23880
136360
269288
29135
135253
15466
1414
64109
8160
59241
23056
264040
27590
32212
52754
134112
56028
137872
19580
265757
197325
201520
55863
393682
63152
206631
54770
53805
30524
9131
55911
22282
8666
197961
264712
264770
138104
265797
59711
30475
201035
266211
688
62749
61571
394763
264630
205162
49713
43897
14848
57707
134871
14184
134652
55548
31294
138806
3527
59873
48731
38814
49451
394465
28341
16192
31203
64056
45246
262515
134676
56494
263822
9595
41195
45413
54696
13378
138343
19114
32678
62634
9790
17191
39246
15401
205119
60806
394141
11657
265033
137154
132202
48436
60170
12790
56406
264238
327860
42153
269125
208311
44371
37
10412
14397
7034
27458
50525
25911
41402
199938
263129
132920
46392
47349
39612
5518
52268
53358
199987
196753
138444
36421
34529
45035
269566
47044
135529
23733
34868
58377
16749
60838
25620
14551
360
200730
206928
265468
28617
201694
206556
40934
42879
55102
268404
264615
19820
34554
7610
262615
26801
23431
12483
136525
12016
203554
198324
38004
9733
19384
138311
21210
58285
15868
133107
266555
196730
132993
10968
264468
61587
44130
21432
50495
10627
47797
204981
49480
263448
136279
61495
60783
200182
60055
265592
204068
6221
31055
27407
33431
34983
26878
16528
48232
30686
264601
135050
25689
43
22749
37665
60590
395838
40059
38217
22994
12696
263449
17406
53620
202617
59378
262688
16667
63984
12179,13789
328138
204348
55915
134884
202872
9823
196978
203734
39179
39257
13070
62032
35928
21952
23282
42161
202580
58581
44900
14800
58604
1013
54334
27409
6372
58222
59339
137504
267156
9868
28822
40773
39616
54530
132362
11329
53559
57880
4466
268742
138043
9516
15961
264556
134845
56819
28902
46489
22730
137912
47103
44333
268430
16112
203924
15914
267270
60555
205745
28370
134022
15440
197479
133387
64208
15667
35096
30232
36228
133063
264067
393220
263047
62110
197849
25885
48821
136629
56894
49036
32398
1916
59613
48587
39306
55298
36167
208122
11281
265692
205110
30000
34570
22252
3198
268625
32427
52328
136843
137364
269619
60798
268448
136560
264540
8661
134839
61845
33190
17924
9193
268916
201034
48959
43418
37290
263343
58077
9861
53451
268486
52788
18283
27369
56877
7063
1906
59472
265444
670
135776
27349
43547
206608
39120
197943
11139
15059
133660
25801
25293
35126
199782
27803
197945
197172
52297
37261
59606
16653
8803
202759
56769
266530
45793
328067
29189
64074
19521
132658
134650
57415
265391
63279
268048
25015
17853
26899
205726
264343
20574
52077
32701
397427
135721
23576
32501
61655
139230
64096
135103
49238
56674
51149
36019
29622
45429
207243
57771
37371
45851,59194
48094
45591
36671
267081
134666
51429
61332
9755
133482
201251
13626
14738
201922
131591
11961
36941
43239
50115
132215
131694
61869
49184
51566
15218
10225
135036
58043
198252
393794
263607
209089
137969
56429
31641
27373
136004
267021
264163
136945
64454
46887
16561
18254
16639
138460
48777
42976
1438
5647
28274
39206
262411
39364
262757
62610
266246
138051
42055
34205
34047
21700
13351
53685
59661
268901
13614
10794
134840
136062
42759
40511
132831
59050
133829
132104
38475
44148
41664
268011
17962
199178
26695
56202
200962
268930
36522
26838
19925
15751
55313
263383
201664
132948
197695
45684
198190
30833
3933
33118
395413
27970
60239
264719
198801
137363
30689
37100
208041
265872
266203
21745
4565
43711
264416
44127
136605
200024
136591
196834
42175
28134
202216
52750
11620
28332
199276
265108
265308
3378
50413
22686
137272
38018
202261
41077
57329
9140
56089
1853
49413
55239
13473
133003
18068
137681
12686
396316
59577
202561
27848
34230
34043
134512
267594
22964
22795
56287
134952
205267
327765
60923
56149
31293
201233
58725
269258
59142
41696
62838
132975
132853
35371
28048
24470
50728
27027
264477
14368
35711
25300
5864
14669
18714
32492
267318
58291
56859
26828
30753
26861
19712
52332
268633
393595
35270
35770
49743
13251
25880
265101
49485
35432
38500
198287
264281
395702
197402
132229
137184
197623
266621
28724
2707
11237
137596
16795
30307
20386
198122
60209
17259
262750
60887
57382
61048
19229
61729
10022
47393
29119
24830
3904
60518
262158
3342
133119
52124
14478
62682
263087
262401
268005
36972
132228
200406
42782
61253
40584
394882
11029
139087
33797
39299
55064
263435
35017
138565
38432
62445
393573
135444
265291
263498
52732
264654
58670
266683
23381
19048
20046
53715
