45209 2 4.174531742022354
41535 10 3.669687132704982
201723 3 3.9787176166064624
132881 5 5.0719847113449745
48649 1 4.750713366198165
7472 8 5.705442055104415
7859 13 3.575398051809375
20578 4 4.413813840819217
39163 4 4.025335329116971
52036 1 4.938683136558753
267473 1 7.453414310557168
7011 535 4.469450203489267
60738 5 4.643655036738525
29445 1 4.835395418764288
264315 4 4.914081437742152
45432 36 4.653380825870309
264032 4 6.571092735944952
197086 1 4.360145130081165
197566 1 4.1816589359758245
20431 2 4.308980785296575
328128 1 5.250383434907245
21396 22 3.344526225487899
202553 11 5.166036808263714
263909 2 4.784880386516373
1505 21 8.464677720925263
268751 5 5.453167166936228
17120 3 5.476403332110265
132637 9 4.057287231065763
198856 1 4.275734814910784
265993 1 4.35516405931841
5603 95 3.6066718591529408
39968 2 3.818580183861986
41280 2 3.906074703749548
266548 1 4.233455108316065
198722 8 3.9437019221022913
32638 9 3.94902882120178
200937 1 4.7998109098498425
204098 1 3.816058456534647
28415 4 5.058841114793497
58665 6 4.330668190226647
266277 16 4.785390061083409
40468 6 4.062755743548336
48379 1 5.067450340664626
33322 7 3.8016435548931433
262376 11 3.3962409271625242
61310 11 4.082193292600671
265129 4 4.275642023092763
203604 5 4.05200285291356
53133 16 4.364506446470041
59823 1 5.851200954028334
135871 6 4.053390166390118
135043 5 5.038838802802282
16121 2 3.9011606005548045
267211 3 4.590698711039199
62346 1 3.768423160742007
54503 11 4.9253826821838125
24570 6 4.539890414355059
31399 34 3.6545876465040643
17709 71 3.757907622675524
24589 41 3.7075214012077486
63992 1 4.761045440526146
46433 47 4.605268755545334
209506 5 4.216300268369515
6343 2 5.057767446777099
14048 4 3.8663367181215618
53403 1 4.144438101580959
397929 2 3.6030307688546506
35187 1 4.6018062880966095
266853 5 4.277476879319712
41875 1 5.543245520693676
135427 3 4.929087267966679
17135 4 5.192321482038377
12466 5 3.7634641739053154
268669 1 6.571588283355326
2828 162 3.152753012747333
50300 51 2.845183738614522
51339 3 4.0214128280296775
49198 7 4.458306252889187
58739 2 5.614292035392778
13869 1 4.1549338566342895
6510 2 3.976767596800459
29575 6 3.853758246202111
55406 23 4.387861218050503
27237 2 3.819655566904265
54438 1 4.532045833203468
136088 23 4.5166796358191625
48901 3 4.137500983007596
201711 1 4.718489016001332
23184 26 3.447664831460908
262975 1 5.7659450338021765
136684 5 3.663503753052542
15011 43 3.093470769226184
22965 4 4.428374355931585
266346 8 4.689392470802582
262729 79 4.022193289494495
49632 20 4.404637287954033
132341 2 4.535235022281912
7782 30 2.958468830832836
133651 4 4.571933621933622
41809 11 3.597057802534486
57598 2 4.125150997321343
53782 3 4.795456670102153
30651 1 4.469769879848538
7124 5 4.272254205815015
265707 5 5.916404574190563
161 16 3.761612971743369
17584 51 3.936256875256823
26133 11 4.579486251053631
263934 10 4.364479027042459
43153 6 3.9009508944724702
40288 2 4.704408455984811
33643 1 4.766596825831226
394541 8 3.991340930491783
42167 1 3.91045745351164
50834 1 3.5904307332878758
33144 7 4.640773243890893
328267 2 3.383365145323774
63450 5 3.2975993802107033
206304 1 3.687778132418938
56592 21 3.6050086546345406
327811 2 4.861429807851845
58058 1 4.001607744885056
201312 1 4.276210497033902
135980 2 4.6315885914188035
32399 2 3.832117976204064
42555 25 3.703567496308856
24512 2 4.816091217752348
27976 30 5.734144804527587
51533 1 4.389101478099836
262329 6 5.061446376888249
57354 9 4.1427301106454095
268323 30 5.2388334571699176
53012 2 3.687189418679885
19972 4 4.772179151354028
263729 4 5.84298638920982
202024 14 4.008863970452684
31368 12 3.8147705797841147
49484 2 4.110006777092877
55669 17 4.669143623414263
34233 2 3.9722099758222114
42912 13 4.80253215931195
13325 10 4.602822964915769
34854 5 3.841644742873411
16360 2 3.8849824273143603
198949 94 4.045640755203517
22796 1 3.8347503059489934
267674 10 6.101638929139617
11164 8 3.234446145133068
42116 65 4.317059572015104
59694 1 4.762531912531913
327716 9 3.8983991026731735
266190 3 5.2571755512951555
268347 4 5.640015638439284
25543 71 4.286582786785272
24608 62 3.541503373694715
103 23 3.8971475871088987
201294 3 4.651650117123665
131155 7 3.8714169772612004
204199 2 4.677633916575407
58765 30 4.126086058261605
5420 6 4.454121525174471
263910 9 5.475537468629361
269316 7 5.036494951396157
203895 4 9.436947450060341
58426 1 3.853925443740714
29823 3 3.7530890035059112
268456 2 4.5997665104307925
16842 6 3.037201773122561
37084 53 4.321530945197211
9099 1 3.6195183142662137
15880 12 3.6217316887261086
21115 1 4.356854722399118
59885 3 4.443449137552296
49925 6 3.8779068206646574
41660 1 4.654974804198408
50553 3 4.532990890006134
264168 5 5.254016959938331
40102 4 4.297887369346534
16793 9 4.152863496057201
20590 20 4.67735865981835
202089 20 4.040395822648931
30171 4 4.620575486542243
202267 1 4.816818764986058
264885 4 4.483607600222821
51074 6 7.874426158014392
33947 34 4.60384415247112
61946 3 4.730698892157226
268300 4 5.287450484110417
132266 1 3.8441988466335695
52706 24 5.360051613277418
204641 8 3.7520393041015145
57705 8 3.9303171417188474
40479 12 4.173642515362557
55352 173 4.821518898872777
17928 1 4.837588982258725
136005 1 5.575059800208611
61794 13 5.660232083969714
196777 9 3.7463219594390047
23668 23 3.935963898701231
2500 9 3.9227027533647263
13720 17 4.181770564253187
34612 5 3.9226210682663654
56739 1 4.568278654690805
9767 42 3.9513150869999145
6736 13 3.788749023424071
35435 20 3.8009988762856532
61520 0 4.333333333333333
19045 24 3.712022160531314
268644 3 4.924792706649415
16230 4 3.669342400322076
41652 3 3.7372172102269863
265000 7 4.828088460258577
38915 19 3.3982594610835095
204064 5 4.436696662276029
203443 10 3.5840810726318426
46078 11 6.070982411371891
263452 23 4.297089416461006
46362 1 4.122184822241454
38275 2 4.27105461155478
42995 1 6.194651779387763
36297 6 3.87449806020465
266601 1 5.635962946923538
8302 13 2.9594874972537135
57993 7 3.857632234559123
62122 1 3.9894836966265537
54509 4 3.6558780723633255
266063 3 5.755119104788311
49272 4 4.377916412063596
262521 3 5.096019154235137
262391 29 5.430752721753382
7286 2 4.205844287987145
204767 2 3.9411384250281296
395568 4 4.264176766648706
19600 5 4.271919869001483
52978 6 5.841905879093472
61575 2 4.324484098353146
198416 1 3.811507376505069
266777 3 7.315239272347117
54293 3 4.176549527028572
42184 24 3.0264123063801867
138491 2 4.022024211597377
44084 1 4.736902501188216
16072 5 4.526113366367163
8890 8 4.556368923473171
35379 1 3.875788156202902
199803 3 3.2875654310501288
34887 22 3.8441544647511203
47480 9 3.0990860312500104
197890 12 4.620462380068399
31997 17 4.100511819007923
31566 18 3.5567176113136054
204499 2 9.377897994862279
266522 4 6.589646514216014
206246 9 4.043364489916213
59984 2 3.9487121047247475
49645 19 3.906706687822197
200168 5 3.8348296141084783
42915 1 6.932463775961314
21911 21 5.467162597225159
4775 229 3.0814028474567587
21755 10 4.339884606003751
49891 1 3.800087822198887
396075 2 3.0430520574764146
14398 12 3.8554661916290835
18312 1 4.347089425808638
267077 6 5.177004850215679
62998 3 3.801955373594901
265285 2 5.968871587677749
41465 2 3.7024419595848173
34641 2 3.227278209467944
262191 145 4.190969083200252
34508 6 4.88821658632562
42696 1 4.51225134847987
28801 2 3.4629169135992663
397026 4 3.7262502336358123
41001 4 4.473142369807064
61835 1 4.300235107895207
61317 1413 3.6446954236324096
29084 135 3.636829539483739
13476 24 4.230893912365141
58322 33 5.909061676651737
133880 8 4.199279093882118
23778 9 3.798125111683703
51167 364 3.365979686294947
268718 7 4.949848652243704
14583 3 4.447162365811829
28250 89 4.442271222993923
37200 25 3.9111564220923163
267096 6 3.6147808014777603
52936 14 5.236630149653923
59632 2 3.595192543156287
40545 47 2.9682398150460374
201936 1 4.541986089307518
4847 751 4.06251725984613
50025 22 6.037428596346442
19032 9 4.4294478929208
5624 62 3.6964487361733243
131388 20 3.8917890968307423
18887 0 4.0
54811 6 4.338504604801025
133700 5 4.588114105563027
201479 1 3.9904850306272848
31753 14 5.493438246470975
43189 1 3.703762903762904
32953 13 3.159975356715869
197637 34 3.6364812290005024
264133 4 5.148023703181359
263234 1 4.560096517239375
203893 5 4.245020467890295
268111 3 4.681689851594411
9667 32 3.9112142795468907
41390 4 4.724715460862539
22893 1 4.170380344329924
54794 1 4.80326321097257
22620 1 3.8014561291654885
396244 1 5.580665270647988
52991 33 4.084025701944263
61890 34 4.147149991141455
266972 8 4.625459707697418
198297 4 3.904422561565418
268735 7 5.3409960126955625
60243 12 3.971485452832996
205593 8 3.9383339550415637
38291 3 4.076270898732041
268580 3 4.027040107766709
44621 8 4.134725045568825
43163 1 3.7582156759291934
7088 1 4.499298155548156
43751 8 3.9699352194270725
266589 1 4.53844140716062
393657 18 5.0407514866799685
266843 4 5.074417879562443
268668 12 4.181566591227772
26337 48 3.892348544945003
24173 486 3.906197477948895
10242 30 3.0342269507910977
46372 3 4.307426649068823
37433 2 4.742955213915804
328173 2 4.115282585810588
136965 2 4.133154962010415
21837 8 4.538263956203814
54489 18 4.010619931780265
396978 1 3.7558658482550107
60136 3 5.0567561579366
18715 5 5.148310248381303
47733 2 4.1021943486646935
56742 1 5.716712159569303
268602 6 5.696521989311906
263558 4 3.8750096117709623
268750 4 5.077636293908646
41168 1 3.6279682385774827
15313 4 4.260747772248867
264074 7 5.608878383895076
39998 5 4.203966931045807
134249 5 3.611062063849525
139021 32 4.737814726517603
262241 23 4.647105507754927
394032 1 3.789863741285775
18977 1 4.199924258372533
36194 1 4.7414285914778524
41314 2 4.009331012902442
56498 9 5.348123585098375
28025 38 4.744097838877603
28537 12 4.642376735672757
31164 1 4.084287830562793
139297 10 4.773000762532313
135260 2 5.010925181024633
18267 3 4.369197423275142
44223 1 4.452277476647225
61291 1 4.101677819534962
47156 9 4.313519448791264
57313 1 3.7463706927992644
15101 5 5.006938179610063
138692 4 5.8852403132163715
28850 3 4.7359077896893025
13332 21 4.630871666761526
197788 8 4.078159641502315
48181 2 3.8547884531191263
204009 1 3.936001652668319
27367 3 3.9439307566246113
138324 1 4.975112667035298
45727 179 3.968181569968474
16437 6 3.9282282362936485
52945 3 5.484822924226511
35906 17 4.892304019810939
8789 3 3.4686243982603058
327715 11 4.75434354204215
38942 1 4.149422176079853
263977 6 5.419302359327915
202254 4 5.584822158340006
61577 7 5.117913714530985
32867 10 3.0213641056310983
200551 2 4.699360751973788
38001 111 3.4519714481181545
50889 13 3.6653581620023865
52863 11 3.569167222196167
199401 1 4.3373260861604575
8057 48 3.0272632703029836
11392 4 4.852265708566314
44911 2 4.986602475502104
135690 2 5.758920345527488
36932 3 4.844118055195317
266850 4 4.992991868103832
266084 2 5.485295511419669
50048 3 3.666865595746937
60599 1 4.116225969797398
43747 2 4.132916429097885
393919 1 3.9272340813720117
52290 3 4.000894702196128
7303 1642 4.681499656496344
1103 102 2.9699063107090176
202247 1 5.0780180137323
133965 4 3.58730389915614
35834 5 3.921525962078103
202852 1 4.200296528867958
29854 46 4.5212170141887515
266540 9 4.512764555608479
33460 4 5.046875899152296
32824 8 4.143422528180685
26017 3 4.589428926219439
8854 1 5.232172943117643
50946 1 3.979420730431543
53276 2 3.781608241943228
38309 1 5.3564342186427565
59441 8 7.049829714269054
29016 15 3.9001856766793956
203939 1 3.8100103007738477
135853 1 6.018932627307012
45471 1 4.845621472383801
34471 20 4.119409757466981
41172 1 5.263233284892271
51708 3 3.7480430852304285
204809 3 3.6034826795213437
24157 125 3.7167864795850045
262372 20 4.284979436937073
38858 19 4.254395358937071
51412 5 3.968598156403826
199731 9 4.180833028481485
396020 1 5.237357970219535
269104 5 4.183506674732079
47524 409 4.471594611181398
267850 4 6.308305848863434
395965 180 4.424287386203524
59452 1 4.256896571925419
29788 3 4.085326938557546
29979 3 3.017898196691069
267023 4 5.872352075377113
28376 66 4.149965653333242
57914 2 4.401798486843452
263322 8 5.502940710475796
39377 14 4.879742910961998
55905 3 5.305389087627388
203760 1 3.0405680772172827
48471 1 4.987526950457986
12000 3 3.8205686652792576
35425 21 4.0725079011336245
265265 5 5.31051886567881
60732 3 4.145442971444483
26679 3 3.024165469361947
51262 3 2.8609340862386903
49322 2 3.715397092328317
266021 8 4.4374149419604585
19645 3 4.069454043561186
198833 1 4.153628428838513
51782 9 2.918458792243833
53117 1 4.837516892278797
35542 5 4.744160409639484
49376 1 4.60798976156119
57374 24 4.050830438232302
27207 2 3.8139960601947482
205951 7 4.412855888395204
202113 5 3.8149535613039314
32818 2 4.62187019888715
44881 2 4.591558378867349
54799 5 5.17027755389405
31283 22 4.890677158708044
197651 8 3.8296871918046285
136573 4 5.841021464702668
49288 2 3.7876712923221456
197216 29 3.3132782485385506
21378 8 4.0518207893710025
40952 1 4.875367112362186
206387 8 4.0083537424124085
8075 206 2.2138591774629393
207162 3 3.508492440677346
48223 2 4.227699517625408
23279 3 3.8122629001676853
49888 2 3.73147348868498
72 106 3.3639242111483827
264959 8 3.9512013145952305
262215 38 3.7903670725215397
54519 7 3.947926311656124
17733 3 4.271364797757195
267078 2 5.50580231255656
10189 6 3.936144388103704
31370 4 3.4210318337792827
263405 7 4.003283463745059
328513 1 4.719203412214496
24490 0 3.5
62127 1 3.779441325869898
54900 12 4.070656420305673
2471 17 4.390665631363641
17317 2 4.037529262704997
19312 2 4.481116445657534
42988 1 3.776989771610432
132862 1 4.398324942709179
21087 4 4.66384769520681
263325 2 5.075424560941682
53162 9 3.214248727903645
8915 3 3.9916022679820946
133174 2 5.64106086879619
265362 6 4.323537996751513
262815 19 3.9822083438300733
13173 14 4.551990743627184
58854 5 5.083007548293639
133189 3 4.074241526815805
27187 1 4.001358083923592
52657 32 4.818830358604417
268439 6 5.40050792715857
266887 1 4.6848145195435835
268671 1 6.4341554206907245
13789 49 3.5707690209262313
37207 1 4.722751904180475
43755 1 4.042759926321354
306 345 8.463253305634051
44616 2 4.055513471203928
18816 5 4.259687038741227
49302 4 4.8691661200906236
53428 2 3.787192973165933
137464 3 5.855767957964913
328230 8 4.473289587128553
11352 12 3.5857124165980294
55018 1 4.875676326957115
41690 16 3.200571558522539
262309 8 5.322018532872265
203698 5 3.3728616401487894
14923 6 3.8967585603767714
64112 8 4.245238189291597
266042 4 4.4425568591401605
48399 10 3.82712994250862
8628 1 3.8587654281202672
14420 16 5.743711811802823
41160 10 3.634208657734945
263300 72 5.447600002201397
268910 4 5.693836209495335
39281 4 4.881831151196234
209976 1 4.28377553963564
267477 7 4.756620048265942
51043 15 3.1164754928014458
24363 15 5.838004011812061
53580 8 3.8192633112965346
37126 27 4.096389437620037
49261 2 3.8133434414947023
39122 29 2.775867487266239
53219 11 5.083985932867844
131635 3 4.865314124014715
267696 1 5.287995635317063
46832 3 4.20123932235631
133066 1 5.171040841874175
265429 8 4.943514948012715
56600 20 3.806130794196804
58868 14 4.340183249320944
49469 20 4.005345570418281
33765 79 4.012362902919668
2830 118 4.148375633656798
33751 2 4.201539655050256
265164 3 4.925374392979382
50619 3 3.7517986021439063
29508 1 4.639275784545272
269028 3 5.720757515462522
328305 1 4.256735416259225
54989 12 4.058877316670395
328190 1 4.562693722078683
138352 4 5.105333546228882
327935 16 3.7225986648672063
40329 1 4.658702877351906
200796 2 7.9075045321866275
267914 2 5.968658516956153
13454 2 3.833012881730948
207013 5 3.7540298476886163
206602 5 4.624965665825554
7562 136 4.101174273725792
34770 1 3.8783154676011824
133552 1 4.753113022377185
135346 7 4.683144785666781
7581 1 5.0411380616737755
39685 1 3.7040000488493683
203476 13 4.333087038405052
205235 2 3.8563449390451074
39145 1 4.176068246444301
33875 6 3.8525357003467606
132212 1 4.494418691142829
51863 4 3.7425734480597703
7049 92 3.7277886662013335
58019 1 4.560282828992849
269346 5 4.164884179902167
62482 13 4.429242927131418
39916 3 4.76340939527433
395033 3 4.544419064945098
262326 3 5.90967002531586
262935 3 6.3963269734578265
37510 1 4.309307506996584
263348 6 4.79308512073474
55205 1 4.8770677926342945
63035 4 4.229488782839985
265015 5 4.897879636486619
21996 4 4.5667699596522295
47058 1 4.8770677926342945
28665 20 3.393167176914864
199270 18 3.711590629630414
25576 29 5.5797978548013525
327985 3 4.721081237682223
52894 3 5.0944620397865
137824 1 5.924925524924329
4179 18 4.507339082463595
267699 3 5.472084865508511
265240 2 5.043699814371333
267766 3 5.424164340216568
37309 18 3.7782842379046224
262916 12 5.228376766455584
50037 1 3.6157017974365266
12859 56 2.88570662435917
209101 3 4.196429594218557
14821 32 3.802864460779393
60829 3 5.044117654803214
64063 5 3.9725572545247454
265229 9 4.610507735133312
133951 4 4.294356668359689
58130 5 4.611464809433167
264066 2 3.862368141070405
39141 2 4.57751014004453
23747 4 3.905850030062112
2462 1 4.298584334503405
25167 1 5.785130043463377
265814 1 5.150429784023989
60146 4 4.961488677836573
65540 1 5.096004512916277
38525 42 4.0262790743966645
35361 3 3.522746541593911
263540 1 4.658866281555357
136878 1 3.6486496446461882
47499 6 4.517004577618607
263455 3 4.365615865391241
30553 1 5.242635250267738
11690 5 4.289646636150746
133005 4 4.664611606609698
6701 2 3.964984504823072
196846 2 4.468099010727376
49746 1 4.026541820374933
267335 6 4.7240972622024
31023 1 4.633373479381883
133557 2 5.098157102174959
30666 24 4.11277551062111
18408 1 5.803510697208176
48522 5 3.451215087327947
265380 3 3.7019467856746155
31877 54 3.530551739996298
395868 3 4.629722483856035
32906 12 4.441403694465874
264155 2 5.232343698648845
262366 5 4.801035861867502
23039 4 5.33106315323064
23854 6 4.832090794517573
203060 3 4.45915802931569
55502 1 4.348486680260079
262319 15 4.33780945145425
29170 18 4.349499125514584
54743 2 3.781317327992205
48745 1 4.216853351037768
300 33 6.466669739720577
24681 2 3.7358673662938653
263331 11 5.847629776979664
393274 2 3.8204978036012527
395948 17 3.0935973342553535
37008 7 4.785030051579583
134098 7 3.779948397604139
26651 26 4.638195898500232
24679 21 3.082273399861608
46634 2 5.431538915473958
48911 1 4.946574813096906
15407 4 3.90152386232025
10109 7 4.697229129199573
19510 2 3.8563677695753427
61776 9 5.07061819136511
138767 1 6.013238416694903
32410 2 4.457503513431455
48479 27 4.035001452846772
29107 13 3.5974259715461248
40885 8 4.325535391022073
3583 30 4.7244412120436685
18609 4 3.6991795348117193
776 1 4.300521574916813
24445 163 5.0904384175050055
49808 33 3.389601605508519
263490 1 4.340206181788331
37315 44 4.061256077941477
39987 9 5.093734500826882
394251 2 3.8078012514576125
136834 1 4.380792584472443
205566 1 4.42094181758725
34987 4 5.374947958749273
51194 2 4.00465829250549
22802 1 3.880677111724314
38809 113 3.850807812299295
264836 13 4.857079981496008
53368 2 4.203862571937457
132160 3 4.803371056554555
28310 5 4.239477389236713
52918 1 5.1725012672057
200166 1 4.152943060506085
327885 28 4.801187495025472
23204 6 4.648464449663107
199502 3 4.613882904750484
31886 4 4.014639105182733
38396 70 3.834383478965602
26303 4 4.680809056950141
201206 15 3.597382830117021
38590 2 5.133608168403383
48503 224 4.5881029667700055
198292 6 4.188620524738975
198167 8 4.381463308732963
12306 17 2.8129780415850667
138198 4 5.020219573714128
41810 16 5.00681129069092
133111 27 5.400977420171533
209787 1 4.692064813493384
266258 7 6.084406413162741
22480 8 5.27732791297353
269287 4 5.024389160747534
33780 4 4.787690371757308
135391 121 3.49517078405324
59073 6 5.180639709830558
51051 1 4.12557634164777
199969 2 4.473263254589591
44103 2 4.033731805111916
45218 2 4.24532143124078
25190 5 4.314656567947672
6075 197 4.219238855144469
328297 1 4.705127188100723
45376 16 3.9170719925577813
28630 2 5.046628274615722
328192 1 6.0
264304 1 3.924945557088414
205068 2 4.0110461612453125
137096 2 7.419713186214925
18239 11 5.073211017475202
22211 6 4.550644421616979
51539 4 4.719161821997029
37425 5 5.37399586899194
19691 3 4.629358005212106
199000 2 4.114019267610447
201768 2 3.8186381010395314
200161 9 3.3877769898653334
200070 6 3.228643903959705
63767 4 6.287595411759541
31812 4 4.199615043777605
200744 2 3.9055110564923234
32607 3 4.003519594684707
5774 24 5.765994396250362
201605 1 4.178377469320794
205603 1 6.021032385472323
136098 1 3.6522843879053903
29266 2 4.145346552556404
47976 1 4.021229711775931
52862 87 3.8143476333161987
13894 2 4.426541447970019
263106 1 5.919310082364269
266457 4 4.738104607129446
21804 22 3.602415017099846
6582 4 3.616347103926942
3209 503 3.7881607364564482
266568 5 5.128618617175371
263651 21 4.18071558212385
33309 4 3.249558895298608
7656 23 5.370767761495129
22830 2 3.8048166168987256
12212 33 3.72166002367237
132680 11 4.680547684053867
202623 14 3.5394257935379043
53974 11 4.32217825164774
25647 1 3.787984657196481
3229 1 4.805210680580139
267416 4 6.576538402716267
197077 17 4.016710698921491
15825 1 4.27997917608755
60494 21 3.8233699766929385
328518 1 4.561265413627164
10843 7 4.052831017142199
26627 1 3.7778974993260697
27013 2 4.128829592299846
19793 1 4.010680132024866
265181 29 4.734507540864423
3838 1 4.035715031593752
13999 1502 4.110346842745367
267781 2 5.060279392449159
1938 1 4.300521574916813
14058 3 4.14359810920454
17956 1 4.443740650883508
15045 5 4.897406184401258
20290 1 4.390326507598025
269098 2 4.859288570115717
262628 10 5.19498345184194
51903 3 3.876984113585542
48940 25 3.387371271219022
54786 2 4.473695748695749
135123 4 4.583444101103039
40430 5 3.9466528520433735
136897 42 4.203780288997967
60628 1 4.007106564459505
51473 1 3.9901173678484603
56223 4 5.129889740710912
201408 3 3.6263088500386806
136800 168 4.0424566826943655
206854 4 9.375722136948102
263388 16 4.430990044106285
262420 42 4.287214776202802
264943 4 5.0705565214781805
38478 95 3.8118383898779418
136932 2 3.6395768755668247
4621 390 3.9322694393972135
23969 1855 3.6967224654156237
205716 3 3.7752540027750108
51007 10 3.5977215274095067
14844 1 4.0039378482236785
19265 13 4.732783879198774
203713 5 3.6691861726323944
55403 24 3.7583256324304335
328530 1 5.827676556247984
62530 3 5.296071364664417
10865 3 5.419426662397461
23176 1 3.9555082776948445
268514 9 4.727972935128075
21472 7 3.1312608893076943
132597 2 3.0163895215941965
27971 11 5.745013067875145
35160 3 6.7535817401673315
42250 1 3.940734027488029
38188 2 4.277769642708109
49371 2 3.8511938041349807
13003 5 4.698133268544703
57686 1 4.700716443433531
24302 1 6.070148151035552
35179 8 3.523409331847329
27790 19 5.352430429901749
14041 10 3.571166183431745
44585 14 4.850439001779297
197267 8 3.851187090181491
15637 3 6.806835323383968
58317 10 3.7674655316168235
32277 14 3.674518682521492
41472 5 4.9103649846772415
56483 1 4.107350968196948
25642 2 4.753285074713646
1818 9 4.902305711555393
40197 16 3.058641801208271
265336 5 4.655317483872869
2445 2 4.295938831857903
138605 1 5.577297878488356
38247 35 4.0842355310628635
268499 4 5.899324590616696
209349 2 4.442263549463153
393945 3 4.650866330330773
18899 1 4.221587976579767
262753 52 4.722323547327149
21374 1 3.870711563568706
138419 3 4.197261740359758
269424 3 4.7846456928147445
202296 20 4.777101526228596
200473 1 3.6019045529826883
61806 4 4.525390225010129
54885 9 4.384296945663938
5539 20 3.0518622039570187
262336 27 4.315557716913773
8265 28 3.5064081023876876
1659 38 4.641009639632744
55745 10 5.755998449101566
37055 34 3.810217394817339
267178 4 5.732311409226748
137042 2 3.848360137069981
268212 7 4.8087984830909996
11303 47 5.142064719804704
31710 3 4.561259535954047
38936 1 4.614332529509048
35438 1 3.817377536712511
37263 1 4.6798953446199665
37189 9 4.0406511293825575
49187 4 4.256100378598187
57814 8 4.676003176264123
267277 2 5.005791845253696
2576 46 6.110606840861986
262759 13 4.796480216526895
396250 1 4.1035747260706215
56067 8 3.6592728756260366
49487 3 4.605371262563381
135517 9 5.446286842423916
55873 2 4.769077854707659
268101 2 5.7450910689236405
28234 5 4.495605317955274
33984 17 3.779583666255768
15805 68 5.056275144393775
131715 2 3.7856505875350015
134886 6 5.6471833267368385
29744 33 4.704448446304119
45692 3 4.675781360661331
31673 14 3.0693002355655317
137630 4 4.594452064690161
51376 3 4.6023254921678225
201365 5 3.4347338780349177
48032 1 4.068570897939178
198436 16 4.452110585218412
56550 22 2.7876853144438227
28175 3 4.625468168170831
55146 1 4.407141995023769
34383 4 4.062444368294582
26130 7 4.437874286232953
13169 8 3.8337974958846694
56496 2 4.087241876573674
20665 3 3.7605119762804655
23191 4 3.8693069564990745
6643 16 3.8427333796922016
47285 37 8.029634543342894
51849 7 3.7738232249852
7332 22 3.3896538848640922
202422 37 4.267410156324858
34805 1 4.644089594555433
34461 2 4.81436407475875
49880 12 4.1722408621667615
20229 3 4.052655276514635
46864 8 3.8928228762228194
11435 5 4.229580762345562
201990 3 3.783209555660318
33412 4 3.2402393809593737
16312 1 3.9575903803219865
263319 1 5.017164881278182
131781 1 4.318922613032835
137172 7 5.31666309127276
131586 196 3.9007583854371553
32738 5 3.9839836741860792
199256 18 3.78361187534804
18053 2 3.9561159096629486
32913 1 3.029169989334424
47003 2 3.808557093574565
55765 6 4.561255411255411
1624 1 4.701774851000182
136302 10 5.560014744385165
43655 3 4.808352197963941
205996 2 3.2390440404678356
135154 3 4.346811658504542
18888 30 3.5985606252779254
51102 3 3.6369469554982667
267430 12 5.328934091528798
58401 1 3.7039282174842847
137139 10 4.091073711821444
264162 8 5.163249703744943
20458 4 5.193991139660229
33438 369 3.6739496390010222
36603 1 4.710770106254507
52446 1 4.890456052681127
29583 5 3.7170972671356695
268317 4 4.41975565749857
136349 4 3.678775079914093
13807 12 2.9941303742008576
28668 29 4.208226307832797
55230 9 4.218981775441594
52226 10 5.389996310821418
52246 5 5.073913149954603
267065 8 4.286236683716472
264189 6 3.5877984363474718
328149 1 5.427557563429413
199511 3 3.388292082320306
18638 15 3.283492258945508
34277 11 4.137556675110394
51602 2 3.868286739715311
52491 5 4.516736917429049
265230 4 4.201662702659582
64315 16 4.099775206668089
198086 2 4.557115333149168
22744 6 4.067284887029004
137622 4 6.009005612462098
47507 11 4.672635688735626
32806 12 3.515407919086956
393777 2 4.781065982992776
198730 2 3.9510122239085215
23028 11 3.930544741730411
21935 1 3.8084040772218124
6922 14 3.5232758876704944
42180 1 4.158814704332912
25739 5 4.138592595769309
394510 2 4.514276880016807
16688 2 4.4080802445744975
40065 637 3.330137685886223
267368 5 4.448967596157703
53791 2 3.0037464196452612
55178 19 4.805625521281309
54301 21 4.008921956689058
7014 26 4.139901790178977
55 7 3.668995198904621
17049 73 3.700014456796956
57561 1 6.210940789099391
396303 3 3.340486430497163
268490 2 4.148612062240723
18458 1 5.271235427325528
14717 62 3.5470882114614337
62723 4 3.853996517406211
48505 3 3.5638655704979296
22354 3 4.087239996119205
60781 424 3.3212637375725973
49720 19 4.133475413830506
55569 12 3.716779798382247
268325 3 6.281265816148822
136782 34 5.138172168157395
263713 13 5.325854712276784
40293 1 4.199615043777605
263581 33 5.522974362579696
203997 4 4.241848183967763
32360 6 4.317122939865689
32100 9 3.4261449472658887
37001 2 4.34077520942412
40879 1 3.8021912670434843
16953 3 3.8204978036012527
41281 7 4.13261463399652
46840 1 5.584744575958028
49492 2 3.428034084359156
18438 17 4.4056501231463
200479 2 3.979395765535756
48086 1 6.061083712221385
203712 8 4.079900192849169
24474 1 6.5794762116190695
210083 7 3.6382002823732518
208859 4 5.441490196706515
26002 8 4.666650550929346
61750 9 4.976514308857797
17974 767 3.6558547042985787
266743 1 5.267267488942364
22472 2 4.052690283435419
262321 5 4.176544562390575
198327 1 4.739698621712168
39761 11 4.863439101569298
16385 2 3.686921691284861
395362 2 3.7022269462849486
22379 105 4.2089544024576755
393226 12 4.248714673933852
60815 5 6.4731656666834985
58199 1 3.958092881736467
268642 6 5.039061598211872
16076 6 4.250337069877262
50606 22 3.3104994125644813
55204 2 4.464961839961501
134716 1 4.2409974517363676
58185 3 5.263724748694752
50250 1 7.0
19007 1 3.9602195633695576
50236 1 4.2618416053462935
30754 2 4.53618263326815
136673 3 4.882516169745234
4232 18 4.715947587911305
49875 1 4.633468956695558
199315 1 3.972773203257502
132315 2 5.08919782903297
33436 1 3.752698273264776
266112 7 4.3885440888664125
266504 8 5.1252571400408895
51113 1 5.198027742190304
134235 1 5.005522009424924
265488 1 5.528734780089461
41594 2 3.8856311059284603
203724 16 3.3329213696353315
47395 3 3.7848018187922015
14423 1 3.818671147012691
263235 5 5.431267099842673
59215 4 3.5790312156210553
11114 12 3.538368690975756
57962 1 4.674452612322718
134659 1 3.615699881320038
32826 1 4.549141538692429
268706 2 4.237336446318383
29108 28 4.2965042455885
264519 3 5.347883559580289
40123 1 3.7861627058439664
42244 18 3.890065509419231
36574 2 4.322108892145265
40350 2 4.522435123440394
47205 9 4.465448778569682
204164 1 3.8469718624096507
48173 44 2.8832227945299502
27256 1 4.0096723949131485
55039 20 3.0337677944042496
10765 10 4.803872683420961
262871 5 4.22910762665069
46527 1 4.1819877504360266
328183 1 5.578112380230607
51944 7 3.6078290482193074
17107 5 4.198802759062795
265098 21 4.351071943619688
4812 620 4.08715767782697
22596 3 4.244796791032117
26197 6 4.137473606715554
57481 1 4.0186473027753395
53778 1 4.437477568984799
41554 6 3.641160538210214
268961 2 4.081376135216719
5182 9 6.4615793720793
51375 130 3.834031207690547
59126 6 4.067848159866836
49890 1 3.8802498164633348
58982 2 3.8342731433511568
57887 1 3.757251135523659
267288 3 3.8332293062356633
138287 1 6.005849775414636
53001 20 3.9688827693362794
267621 4 5.347880352070017
135769 3 5.725858481821759
57526 5 3.7913791779337993
53913 8 4.012033328440579
12096 1 3.937073950269763
61878 22 5.274940517012774
198023 6 4.197580269341389
199926 5 3.773633199834171
26439 9 3.9818279501985367
395157 2 4.017503268341222
57874 3 4.640522793385124
393635 5 5.651325994891754
44654 35 3.2939799263043015
57057 2 3.833944314183733
42227 6 3.3115654934729766
197895 2 4.221385073199272
30444 13 3.8033340899393213
57002 21 3.9715752255394627
22709 18 3.847566945937359
21591 36 3.8085237861503507
206849 8 4.984680888583264
55464 9 4.0509695185103265
12171 13 4.684061893144974
264144 20 3.7836243403768335
17308 1 4.420204001435529
51474 27 3.8428049020716677
26519 2 3.885104334897401
20722 5 3.622131643804348
12883 9 2.8714266387285465
268897 7 4.554803636335258
27699 184 5.415935962008408
263216 1 4.511962582277483
16435 5 4.021750575621728
38150 24 4.264896369325337
43814 3 3.7416115531120306
56506 1 4.29824688729541
17885 142 4.702157731939154
203670 3 4.159017396083852
132563 8 5.7916194469581574
267301 7 5.567609185075604
7321 24 5.386275386887088
197138 4 4.044457539607231
131590 6 4.1753814250022785
29711 2 4.3311027808514275
26765 1 4.010272553585882
262315 3 5.184836140588558
60822 6 3.1004700217155894
134934 2 5.738703298132787
28502 26 3.807273751474736
9925 34 4.002814906729886
37408 1 4.727207510820956
263677 7 5.745792905450352
136498 1 4.988095238095238
50286 3 4.768630827786068
51133 1 3.732444275301418
267342 3 4.634821965956421
37136 12 4.454491526681556
50326 6 3.622004033891478
46145 2 4.052979355329335
61416 1 3.813121450123652
263899 2 4.599248210956309
53706 5 3.980312575658507
209046 4 4.629136208440762
27188 1 4.462364796001905
57937 1 3.7594377771471366
16523 2 3.7316442502147686
196719 1 4.644274184032587
132279 11 4.28996209937385
6712 146 3.639992711865984
6753 0 7.0
17911 67 4.935394077341922
52206 1 4.760304493310337
19087 2 4.018327507641233
266978 8 4.720729762568058
23170 9 4.1809124990074436
62440 9 3.9909195328349916
262663 2 6.495206876456876
19854 2 3.053493902721615
269019 5 5.965717287543145
139647 2 5.634503611624009
138712 4 4.380046106076974
60643 2 4.076428567126242
266911 3 6.040212314937796
135215 4 3.5843864358745314
30968 5 3.643472370528126
42545 1 4.008769078030962
267670 3 6.031370678519546
56403 6 3.873449923046346
57538 1 4.251035442856858
12722 92 3.611503190721488
33777 1 4.543133278302613
14391 2 4.195833722810848
43994 49 4.488297931401981
138078 1 4.427561997389584
62685 24 4.275256030662351
135543 6 3.8510701142423236
55451 6 4.686873878584904
47146 4 5.317940665932182
57911 1 4.031302692016978
36955 47 5.100738158116599
20082 4 4.868416455989691
26229 26 3.8827061650640737
202641 1 3.9816114008232226
18667 4 5.502734899256889
48330 13 5.866504145248037
51581 3 3.7257413350407043
32050 2 3.7656787583881175
46361 3 4.51298564129027
44893 1 4.528030303030302
37912 2 3.9481064861436144
394497 22 3.570747576438045
18018 42 4.1493085706865465
32817 2 4.741793488394474
43235 4 3.561161131556248
42006 4 4.944393190506652
39335 5 4.009076313747721
58620 2 3.734239075503645
265800 1 5.708762237579972
200896 6 4.798496476453036
265083 1 6.732871322711224
136239 4 6.169743289697498
265117 6 3.9881020491940085
56282 20 5.107370215244886
267382 1 5.383693676632921
29611 14 3.1576048126724845
9410 1 4.244835359859989
34201 3 3.8429810529837902
201788 1 4.760350760350759
14414 10 4.174070163464703
19013 1 3.818671147012691
136094 4 3.6844359980144827
51592 36 4.131496133370896
7847 1 5.761913223396206
22629 12 4.512027995038819
262352 26 4.027092644606931
53240 95 4.386154555076731
7908 140 3.9628734616157186
202712 1 4.964973633600481
45787 6 4.949129553389333
14061 596 3.108777759417593
199597 4 3.681916007288019
393462 3 3.8727000174372304
24390 8 3.9501341070893594
268244 7 5.970329341599489
394566 2 4.838627521082994
10480 11 3.915202709874947
58279 2 3.888163674253899
32415 34 3.7612700818979783
394108 1 3.802923867776085
64482 1 9.944578974532893
41731 3 4.104547027259257
50480 2 4.64128563891991
14594 3 4.633901323620125
11378 1 4.4966730906018615
37477 1 5.090982496811725
59863 1 4.916504956683528
36240 2 4.618393225301553
64406 1 3.6564745990806693
39047 29 6.210940610002295
25447 31 3.6396627210159354
197552 1 5.55073837026602
35224 33 3.4372857675458315
8522 4 4.69195692247891
52062 1 3.905300206718274
267109 3 4.360826644843691
206352 6 3.540490629434893
42556 5 4.571869298064625
264976 3 4.507341038950598
31685 2 5.016087172144916
19112 6 3.9007237514075093
135423 10 3.8636966789845157
138611 11 3.530488275801603
41819 2 3.8390891204966833
37374 0 7.0
58898 51 3.9882576477109315
22768 36 3.872863455976728
268487 7 4.423331452183803
205080 29 4.363371020748083
268765 3 5.534644961162868
138055 1 6.098747262897438
269579 7 5.556300595455207
35805 21 3.2775085215198354
198272 4 4.6779930704518815
50572 11 3.6412368974356664
50762 1 3.9563138807808325
262846 1 4.898791155934013
13639 4 4.4876739271781965
15167 2 3.8025575674097847
60273 18 3.6896205083339417
266132 2 6.407735889716015
58258 2 3.8739437810866377
266543 4 5.16756971176187
5716 36 3.802140330419799
327796 2 5.117586528732524
47134 9 4.810708620004723
62173 2 6.746889376815484
25355 33 3.5717256280684984
41485 1 4.323156866329408
206516 8 3.75032639457934
48093 3 3.8367212198730725
61399 5 5.039627492636002
205900 1 4.805883226121322
41989 2 3.9183170566254
202399 1 4.156717497973655
393330 5 3.8116918490916745
263425 1 4.792529216814931
263691 4 5.313791158812347
41885 7 4.391449461789828
393413 1 4.770043280170538
134639 3 3.8661386061202334
55095 33 4.4505913723784065
57234 1 4.004711537981271
19584 2 3.050031206270599
62932 1 4.0188895997783805
23905 8 4.586889334694313
36413 6 4.151682107572231
39273 54 4.445448070030733
139826 2 5.406671192080635
40038 5 4.718267464058743
13249 8 3.3050876836403895
206865 2 4.684321455325189
266614 8 5.073343679165941
28187 9 4.242052958777482
13517 4 3.8723667824210715
22790 1 4.753285074713646
28226 34 4.678408414481492
393304 2 3.816646191342307
264887 2 6.621743308715532
49803 3 5.098570892864527
29375 1 3.654599435373124
7091 4 2.9585243443547595
24495 3 4.8805165003115105
263156 2 4.816538144294129
56469 2 3.9203633180905073
25133 92 2.7957678011282154
47456 3 4.40627792202473
59648 1 4.087537512854119
198864 9 4.1982294508033915
37350 12 4.015826081199451
61406 14 4.459927360946857
196844 4 2.6234447749294967
262488 26 4.384094771499477
35087 3 3.681112191687253
328460 1 4.238714328000041
3685 15 3.808621683411749
7253 1 3.9947192667549287
263417 2 4.9473439875034595
11302 10 4.432777050309565
58230 1 3.7014052085480658
57381 3 3.26819685243556
45202 1 4.611694115749416
10952 2 4.705595787666727
8067 5 5.894867816699004
134801 3 6.949681716360429
40189 1 4.708573377908354
48952 1 4.383782187545629
394152 1 3.818671147012691
17030 4 4.67493291635573
33977 22 4.268070550031103
200064 59 3.930071659747588
201274 1 4.372241770271327
14298 6 6.154022724265626
267305 6 4.9819806067422565
199909 9 4.152754544508973
16214 1 5.033811162382591
43950 9 3.9236301946560532
8431 8 4.178677897153352
15219 1 4.56742379933856
30546 2 4.775200580052494
13794 2 3.005532267004549
266533 5 5.011886963919933
46202 6 4.203288276542487
206488 1 5.222863859366322
57653 15 3.2539218355045474
395341 12 4.191113045855024
45211 1 4.054151614668855
55037 9 4.770909080068963
21429 1 4.364051162463217
265304 6 4.500760097761931
263915 7 4.5376632750143715
210026 2 3.355135745311147
60592 21 4.27365963187781
267617 3 5.329107147659677
263491 6 4.901189341018471
35007 14 3.7415897105505116
39945 2 4.461861235879738
9952 38 4.931761154450628
2538 1 3.615057858807859
196992 1 3.8832607868322153
36939 10 4.168115292678188
37592 1 4.990024179433046
265063 5 5.849387695966037
138031 4 4.984584408476033
265226 10 5.047731190208815
48548 1 3.8333847758217505
206065 38 8.173767867213282
262831 5 4.534259781390006
16863 157 3.8639764557226526
39747 1 4.762151025367554
16586 21 4.163230264123702
15806 4 3.5060387163596634
137959 5 4.478975569867622
200376 1 9.00775542315269
44525 17 3.816082306995889
203651 3 5.636112119162229
26106 4 4.258102315000433
132717 36 4.176461752032516
29403 7 3.777204203082065
52795 15 4.7340788908873375
263791 5 4.995844031006598
26995 2 5.484848000027479
393256 1 3.965111656161403
138183 2 4.569774470285764
63876 1 4.616750027129545
267933 2 4.647811896816173
262988 40 3.842785351945348
18320 12 3.9365069538010395
263321 9 4.365961351774982
19518 4 2.9982086104331036
202594 1 4.101483784508895
44555 2 3.933550846839882
19982 5 3.814059272113026
45714 2 5.432935865636958
25993 52 4.194100336685119
28830 1 4.681714795261594
268110 2 5.22739556913331
265159 3 5.329878745496931
16481 21 4.729236289990307
37677 5 3.6327383585984463
13085 1 4.834880502942901
135691 1 5.627791681363111
32098 932 3.007630079842993
14665 1 3.6560332037056185
267327 7 5.600031623916591
24958 26 3.746800827322036
393399 1 4.955862700517874
264045 5 4.495501872294362
54119 94 4.099261419218352
266248 5 4.383395792795621
61568 142 3.4024872850018704
27651 326 5.830801866681597
32022 7 3.957820236147433
199797 9 3.782879742158563
58820 19 4.515089409886511
202037 5 4.683121470808326
204691 1 4.986280357117796
393742 1 5.227218382353718
394785 1 3.818877290075977
52213 2 5.341685202329413
201590 6 3.635424739366365
205381 1 3.6854807727971233
21218 1 4.694032709941142
205569 4 4.204584037992671
52833 10 5.62292043655538
57342 2 4.9511028115943825
10770 4 4.4491116423223716
37963 381 5.023291959917366
328258 4 4.787182585754331
268373 5 4.651402555923325
23495 2 4.425296140545039
38661 128 4.2929773134569436
38937 1 4.994917901180968
45772 4 4.763418626861208
6471 753 5.009387007712023
58428 1 5.0081718773837
63631 40 3.773009271857024
38551 1 3.8898688175535456
40886 4 4.189811771117189
47774 3 3.8231943981943988
264476 1 4.927678360683286
41665 8 3.7084776245262727
266150 1 4.908710501321339
45629 80 2.815859853066595
48243 5 3.638921150411102
131271 2 5.240199607292991
44523 1 4.377275726698101
4476 9 4.116326158982283
206567 13 3.866293543485893
265418 1 4.978287743149495
16493 9 3.9089580326853723
9486 1 3.7363225226927335
40194 1 4.829903614865108
136379 2 4.570645868734866
22555 4 4.903713100779917
35028 4 3.3936692208877806
49493 5 4.2231060031269685
209365 5 3.9310835293107815
60157 9 3.7862748259125736
205247 1 4.925296609872019
35913 922 3.951450235205304
267627 6 4.131536939336204
197049 1 3.8165802733108194
57710 3 4.333277906320317
393446 1 3.8016759093852692
264832 5 4.8756095435477596
20848 11 3.8060260265173516
268171 6 4.783548243893819
210095 3 6.1598206165004585
29849 2 4.563398531831711
1729 26 4.741914886831316
263792 7 5.0898078187288025
8680 69 3.201276130475891
393521 2 4.055694787487714
3900 162 3.6883220184272343
37424 6 4.116104920809834
204949 4 4.236150388580603
22562 20 3.814896956635938
266052 1 4.752834403823302
23089 289 3.4173669520682584
51048 12 3.535800994826001
265917 3 4.911242078317452
29944 18 3.595379482441282
133668 5 6.018257271398126
264511 1 4.852910894078328
31252 36 3.121559132534535
267709 2 4.843480342058577
55563 1 4.860349829881851
39979 1 4.003416275121114
1567 2 9.496410595849252
42822 1 4.045029437195336
201529 2 4.546162280701754
31003 2 3.9676185819614638
264397 6 3.823551076348069
38532 20 3.966552376564258
38556 8 5.55910198974586
393282 7 4.658809948928582
16086 83 3.3084512582335037
6448 12 4.629313238389024
136707 2 4.979851001302387
57476 3 4.728917902307259
54455 13 3.26821836114757
37612 8 4.441153860385067
50949 1 5.116775420346849
200523 1 3.703672782244211
139726 3 5.799063819084826
63932 7 4.461077345274522
20258 32 4.226712488316678
49103 10 6.895852045992807
2033 11 3.680537793633089
13097 13 3.3650616400188214
60032 36 3.3947080071167286
328296 3 4.194908762445165
34258 3 3.888639606154695
265132 3 4.124230166444377
37358 21 3.608913552928867
200818 6 3.8950071280530016
14164 33 4.533364015098433
26916 1 5.178957447405724
347 8 9.467228205314361
264006 8 4.05557752377964
137271 5 5.6199451607850435
51651 1 4.877941106512535
1742 17 3.8593753845527385
21212 4 3.804804783400179
49349 34 3.6834999632539738
267353 2 5.033943380139832
37264 4 4.903859674992778
54981 6 5.19925817596728
396878 21 5.12639085871856
266703 5 4.8746104403694055
16060 2 4.728099186841192
13182 2 3.638993098583746
9166 11 4.766864599288256
27221 11 5.084076852615383
61757 7 5.813578261491538
21362 3 4.847851274881526
396867 1 3.7213092574804008
31480 11 3.752782190022113
25198 2 4.045072218909429
14351 2 4.807464452325125
135531 1 4.030285642108302
265656 1 5.153684164767908
41773 1 3.707256968772955
205936 1 4.015628494186537
23579 22 3.9373001499396967
40320 1 4.875367112362186
132605 1 4.695485152648552
59263 3 3.8114623326582775
138071 2 5.376776009048961
39194 3 4.832151073491486
204818 10 3.6170929979076667
262844 2 4.942358629411835
267479 5 4.502138053571121
136879 4 4.00050602505645
11856 8 3.702731771555472
15358 3 4.029617995794653
45232 40 6.000428323284282
44410 1 7.712180535886241
265299 7 5.642976318960035
269194 3 3.9812377742965888
137256 3 3.0166435651361696
18031 21 3.7966319299693145
262308 11 6.116753958028367
56656 2 4.21809597371017
38733 28 5.037092099098286
41046 10 4.280352722901293
203778 2 3.897072339095716
3745 1 3.7926356712071003
358 1 9.473440065681444
209606 2 3.905739093573194
267592 2 5.050005627804609
14514 1 4.8214365473971394
39269 1 3.7026171875925566
200696 3 3.8211138170411436
34217 2 5.226268201211761
32991 4 3.8204978036012527
135479 4 6.114008055704089
15048 30 3.820218023764429
24739 35 3.333150407230851
136651 3 4.756245882977916
37267 1 4.327031698460271
139358 3 3.9924316164655003
262346 11 4.030859701996862
24774 4 4.137959674766629
266926 8 3.7733310942315437
394722 2 3.639443117314266
39713 1 3.8823796008991858
58047 1 5.097945773291395
38863 3 4.419025111165696
266503 3 4.407633450778694
57583 4 4.022308728165586
61349 15 3.7661262593177662
132016 2 3.8013306640648548
57124 3 3.8063234518884195
32903 3 3.8528014598080356
58023 2 3.8095273229543074
56109 6 3.933316266771069
29388 2 3.4147042991091068
45356 59 3.5373067734884645
200497 11 4.408395282089422
9716 5 4.97718188757293
393831 1 3.803156809437598
139422 1 4.92307104146082
61764 4 4.702930999963091
43160 85 3.9059354690259807
203421 2 3.7121578884156694
21717 2 4.331831747435197
61403 1 3.7518962945230228
24392 1 6.016082332038819
28249 3 4.106179273307991
60310 3 4.442577455238542
9744 7 3.5510216772885066
19350 9 4.201901014524616
38339 14 4.993303794314849
34527 1 3.9314422238062963
209408 2 3.3754703192549314
21966 3 4.1243830257500225
202510 3 3.9219791429063298
20852 23 7.214384944143201
395025 1 5.335644427335725
9903 46 4.683496819125575
138141 3 6.032289282404287
51172 4 4.259253172039656
42358 6 3.7079249307438595
210312 4 3.938692707679967
48037 19 5.091452299064204
2818 6 2.8924702496960255
206197 3 6.1103662815701
54868 16 3.8194431976872116
25143 12 3.652812418291679
48790 1 4.02687949228461
28453 1 3.8055266891473796
30838 14 3.7817846513271016
5769 303 3.2749914823057273
87 19 4.749063183128096
53338 23 4.206125387673306
39392 19 3.2709314367972007
265003 1 5.312569195081511
396269 8 4.306614377271973
137609 4 6.013326307148242
4598 2 4.772941419508614
29182 127 3.6056120069461444
32213 2 4.135758495709575
268236 7 3.941386128262421
46363 1 4.473032604023387
63691 43 5.063711107029863
198761 4 3.6445933990297013
16492 4 4.008812488572988
264392 6 4.741640674664116
31387 1 5.844702938155319
21739 3 3.659421560899393
53531 1 4.472960232311628
28762 6 5.214932571572204
8535 4 3.598713760096377
11796 28 2.91186497749701
17990 16 5.124301182620753
23325 1 5.285558957250255
134837 3 5.5574954280950974
32118 1 4.068771427893547
263290 14 4.722281017368643
202577 3 3.757699133092294
24399 12 3.925185044348334
205115 6 3.7657391839301924
17480 9 4.5772271165422085
262164 1 4.68810618891264
268170 4 4.623335199511606
11904 36 3.6992866948516623
43234 1 4.000123911258365
45932 82 3.8199264683594656
21489 6 4.034199877593479
12807 7 3.966470422416243
2269 6 4.36201527170854
29300 7 4.3271950618390465
30091 19 4.679594114424818
203223 7 3.719824819255103
30290 1 5.191507812566925
50227 1 3.790676513919602
198247 26 3.766194921625109
396000 4 4.153949981953873
16774 7 3.870370460952891
39192 2 3.8986300257009687
9652 139 3.8158295591958398
19941 1 4.855967048824191
196726 2 4.774685040143463
41433 1 4.6802132186368635
265642 15 4.744696863775296
7723 4 4.185044712104353
198096 3 4.410834169795642
269339 4 5.143987163025735
198046 2 4.336644936312279
262685 23 5.559138545168883
26805 3 3.7429070863812552
