10982 14 4.417238281563551
327907 35 3.7242842969227765
61095 2 5.432493524242955
28050 9 5.80128112934877
28998 1 4.1231530006177906
43922 2 3.673081688581481
137030 3 5.573752037774786
393398 68 4.1362651842674545
59158 4 3.890489535052144
21193 22 5.616415036268045
24553 1 5.201335718195323
268802 5 4.0542561298399935
54971 2 4.801348238784127
394114 2 3.5209110326793702
269514 7 5.983035149189017
208881 2 4.71845678840396
42014 1 4.286666666666667
43903 3 3.6013468013468017
62976 2 4.191217538825355
263539 15 4.825883681856999
198865 1 4.307031857031857
268662 4 3.9843390844024666
136639 13 4.238238085232787
46520 4 4.35026240282935
27246 1 3.9984725026843257
58980 4 3.8359654586762364
30188 1 3.0123938009452242
46185 4 3.7573204374012312
29842 8 4.198565724195227
209868 1 4.808529242149931
22740 3 3.800215338392679
23492 18 3.8818987274527834
61452 13 4.504734441852669
18746 2 4.18064611147534
37169 4 5.115621356152
203178 129 3.7985723296179676
51131 1 4.303549753034896
135424 1 3.710531203880958
11921 15 3.760524445830799
52741 6 4.812732166156619
62991 1 4.028845812095309
35325 5 3.880901993770454
57264 4 3.7826308458826667
266348 6 4.68318433235088
62184 1 3.073681300032486
197439 2 3.5149973794204046
27205 26 3.8776300886990898
135131 3 4.915418296709147
51011 4 3.7631514778835653
27668 129 4.415347705336588
137628 4 7.014929361271969
58749 1 5.628330541848207
44470 3 4.577475816999627
47346 1 4.1563732189204945
4954 6 4.8798323100721515
42961 192 4.120163576041007
131324 18 5.2729387863919515
52799 13 4.748413658164408
263327 60 4.0449896797627956
51506 1 4.325429841421313
395770 1 5.377698132008478
59067 6 5.080949718898664
262865 17 3.544110325120551
15428 7 3.6641421403590746
209371 20 5.407360037485332
10560 9 4.505621063598992
204386 5 4.20816099053121
42409 2 4.905445811194364
137208 2 5.389378045732535
15318 12 4.256558597041288
46725 3 5.3607137143097745
44416 5 3.5030721472939783
46024 6 4.037362730280113
33489 6 3.879063984738498
14163 5 4.141485019831994
35168 7 3.8538956278561622
6122 22 4.272901671155037
31457 1 3.883534444330832
26450 12 5.096598729783177
203338 3 5.110991685990452
53352 27 4.228683150444743
17537 17 4.427087174744092
11783 1 4.527226592318758
263521 7 5.011423962208328
51494 1 4.312642479260296
38631 62 3.7015134000794214
56526 4 4.044054240610994
41493 1 3.722920714785392
13461 3 3.1999499681930854
262247 2 4.212553505123628
57176 1 3.90152386232025
134238 69 4.043118724719138
35665 17 3.646002376922948
209073 7 3.7460980512995934
8396 1 4.020869292344118
265126 7 4.8845063842379455
262777 76 4.004989545998333
34136 1 4.187151097750176
59729 14 4.725265251541946
14143 8 5.361641358094561
38616 100 5.085769755123086
397945 2 3.229898991409336
15455 2 4.189068153774036
53911 4 4.642421562199888
2589 14 3.7938473400180728
42131 1 4.8663749552724695
34829 3 4.013898328394126
203203 7 3.9828813605858024
15390 8 6.0
199469 5 5.1316525144057925
198089 28 3.685135681454276
15391 14 3.868064650446208
206237 3 4.065298922816749
268251 7 4.447289411255643
23729 5 4.922532526082273
12208 157 4.169036311095882
262276 1 5.046076445904033
60885 4 3.655188385551687
52537 18 5.090346505067855
134764 149 4.061185580587519
1101 15 3.486444711787174
8711 5 4.051154544108837
200698 21 4.602936380748177
25365 2 3.971184732259582
268622 4 5.395778609572096
62284 9 6.750100085275763
44692 17 4.321292030375727
50027 2 3.9022438010533245
12785 1 4.074622744299132
18572 1 4.85
59135 1 4.871649638603083
39758 18 3.854361592782838
200901 1 4.195443269252793
44708 3 3.810603997850796
200162 1 4.401569817702823
269341 1 5.942431466436975
57585 3 6.803202441591742
265250 4 5.024194119067268
41496 42 3.3647122138105794
131362 3 4.831905367356269
28809 5 4.126154721348415
46618 205 3.029706201637339
45934 1 5.269021182424609
24321 10 5.267906207872427
60398 6 4.7455145511102055
36146 21 4.250257528621031
393570 1 4.179473950303179
131652 4 5.586524781259176
200919 2 4.808289780140779
62274 1 4.584327102685068
2722 9 4.481559170612183
41124 46 4.638107216398642
51935 4 3.982985558195564
266238 8 4.518692615851676
395088 12 3.8028597220336824
58140 1 4.509431705860278
31590 18 4.0443603674562425
29056 11 3.4944707883968116
1254 4 5.8297887562460975
135278 1 3.8540022613552027
50400 1 4.07044593462504
197499 1 3.581306492020777
264513 7 5.348998037175788
50846 1 4.161646410701033
36302 1 4.75301140202618
557 19 3.1523679873777684
33974 1 4.560236316748922
266982 1 4.528454252918878
45539 59 5.163131866777588
262585 23 4.497940079936946
25436 2 4.12557634164777
269274 10 6.378193453473743
26722 7 4.917076756298613
11133 79 4.048680113520694
23439 1 4.010759082808043
28335 16 4.277993795603876
54713 3 4.695393957298913
57571 13 4.473662766316297
134166 26 3.7980988388398047
63740 1 5.283495175459461
265936 14 3.451732806712778
33541 8 3.010006394637109
37680 20 3.3741540614004246
22065 14 4.480748304977406
127 30 4.3232855135834685
200562 4 3.4420925785294076
262493 34 4.0621842926565215
20743 4 3.702301267562708
198021 1 4.739972028518826
52712 18 4.562554621754465
10475 1 4.8235728209412425
132898 7 5.858438542714121
26867 7 4.20716588066212
21784 2 4.328638083700504
24578 1 4.735298669314014
44907 2 4.9593769103225185
43746 1 5.037613822003223
10554 3 4.171297606277695
46031 3 3.9485589127696463
13107 1 5.743981547552975
266320 10 5.435172041262374
34399 1 4.009311680492211
59290 4 5.160855639366675
268725 8 3.768586866642946
7496 21 3.9006888263433526
42183 5 5.094415182100938
138427 2 4.772130134948518
136586 3 4.081257576935503
724 10 5.46889835401597
56233 22 4.655395339993452
205917 4 3.349612485230908
58138 3 3.099045761255548
263942 6 5.609245015766038
6879 24 4.2795604658144315
135309 5 3.4143554958578375
45581 4 4.343047384338842
206657 21 4.293082872555348
131735 9 4.100816208049887
29314 139 3.0043788225781323
25478 7 3.473025909211152
31578 1 4.268164788786909
18853 14 5.0856193703681996
396312 2 4.918640980482751
48827 1 4.29439526567333
62362 1 6.928654252151791
50629 43 2.797403374505047
136759 7 4.665881218844677
22933 30 4.490653892531408
46555 14 3.692444272459835
20011 0 4.666666666666667
15164 73 3.1243631464414667
53059 113 3.8686783409279557
61936 11 5.996607354864547
4917 30 4.232099290772074
36928 13 4.705931268136998
134707 4 3.9631643573182513
53429 4 3.608005307844673
62616 2 3.7197747014333125
36245 2 4.040757915116481
45382 80 4.18158349066678
36994 113 3.0524711015256827
29423 11 3.754842025246578
39414 2 4.25807709996498
207057 2 6.030503567541745
264362 4 5.302183617715654
37455 7 4.919262545966428
197580 7 3.7199991753889456
39872 1 4.451845833845089
269488 7 3.7448996322918795
263396 6 4.33752705099712
50546 2 3.266633141550935
20609 6 4.517091449406532
45486 1 3.850097244718419
197091 5 3.468572914477252
51160 1 4.548080755223613
33052 8 3.8080099234766194
39822 6 3.6565899895717218
40160 46 3.5855672290326974
262179 4 5.155958261781062
32230 1 4.322231505039387
262381 5 4.603169543519757
39748 1 4.593104067459508
394140 4 3.202936942823326
27930 20 3.808630301436359
136822 1 3.7495469616149344
31555 1 3.8028467339386873
31531 4 3.959771416113134
5056 297 3.0095342124737594
21734 23 4.071075744852495
53883 1 4.7682108973857735
35568 10 4.811469791159316
56936 1 3.684986375071663
43233 3 4.364468546422794
28133 12 4.754280459258356
44537 1 4.018046239474811
134633 7 4.766218882221324
55532 11 3.2440223985963956
53862 1 4.796465145197864
44242 1 4.549826792829235
268515 1 6.448037931781774
131375 6 4.836355587883371
26675 4 3.817557519429763
38296 11 4.419863220596636
201877 15 3.1846569918423056
138822 3 4.0
133907 2 4.690079747243147
393733 1 4.028976179616804
204053 8 3.5705901721689393
17361 13 4.104777523039598
6296 50 3.051053538734646
61986 2 3.849985529012328
62870 2 5.062782597358539
58376 15 3.908328122872034
3719 16 4.328143640253363
393263 3 3.763927945601071
38933 1 3.9885390850201774
264229 5 5.204927981246139
60279 1 4.429636366080298
4792 20 5.707719384707644
209155 1 4.377505090827826
8489 5 4.783130455749502
209117 1 4.69436267655277
31633 5 3.6741719224832443
14396 1 4.6105522758003685
35745 16 3.4634075607237573
14249 19 4.910035087290173
14210 85 3.65143141553378
28900 1 4.386066667019048
55430 525 4.101264607130544
42560 31 3.61253048628548
264575 17 3.743176132823779
56463 6 3.8161665041281885
265904 2 4.986606673669742
135474 3 4.714991930164343
134608 5 4.770724779591774
264181 7 4.953349809050648
267181 6 5.34865137679157
57160 1 5.357669573769805
135682 3 4.591747697956701
138747 1 4.627027464378655
12072 1 3.9712680951964683
55501 26 4.47372273380501
203750 2 4.588917079393269
263998 16 4.83042769287355
204876 1 3.98541506208218
31065 17 4.9654677133063645
45949 3 4.121171329012926
57152 10 4.564827577418148
51152 4 3.8155577698217513
396503 7 3.934101322661507
20712 45 3.0388544269104734
19886 19 3.9426118091789926
60002 1 4.669897068817001
13204 4 5.045125318194661
46503 1 4.812212119207193
5264 1 6.473595848595848
135866 4 6.102769742364417
49924 3 4.197108684582805
41730 4 4.077627618566415
205040 2 3.6683692383690962
6813 18 5.013836707700275
52344 5 5.740241335174959
64203 1 3.8707434774676157
607 1 5.4705944521016825
328020 1 5.068187885392186
11312 3 4.060591001439103
206335 1 4.6354527051895476
208950 3 3.791914805477321
131112 1 4.710716596096726
267611 4 4.2375562174176835
14190 4 4.7564262826638695
266291 2 5.014471998286203
3496 2 4.97179239553832
22192 115 4.586227780685866
23946 1 4.982498542813882
6880 4 4.233878233255454
265139 6 4.947582900751335
203125 7 3.63337546891892
40028 35 3.552510014213912
137210 5 6.749645062751377
134914 1 6.016764651262805
39224 1 3.854029069582065
206119 27 4.921941996968131
268183 7 4.727570482105828
197118 2 4.400025882219493
40196 24 4.167207405100124
394153 1 4.426354689827597
32110 9 4.097856141294614
56917 1 3.860077300025456
327897 11 4.096765015714094
28037 1 4.449884903456332
60265 6 3.6418164894477965
263005 3 5.137571170333504
54884 1 4.123689297877516
7311 50 3.0605927434025553
199062 1 4.422142365229923
52248 3 5.644601384000895
138117 3 4.00454001098651
444 3 6.496413725931997
1921 20 3.8421634438470926
21070 13 4.309829788845611
269053 4 4.437551810479504
54322 2 4.789481566714068
19866 1 4.008416106957354
264158 9 4.035022921260072
60946 1 4.633468956695558
53135 17 4.60334684879742
27005 3 3.9933778851318573
43526 1 4.417004781710664
269504 5 4.06955907677685
18509 7 4.181023528023658
35181 12 4.734608372288818
23953 47 3.953847719438948
264268 7 4.377292030315736
397647 1 4.001200961964508
198777 7 3.687216190075504
137416 7 5.898216224993725
39558 1 4.451010233153091
57670 7 3.6940141700030464
204194 1 5.031972194472195
59000 1 3.0770768001771707
134968 9 4.2686476076054545
202127 1 3.648926237161531
63850 20 4.501265602674214
394529 1 4.152203873788438
36492 260 3.304523555445582
55644 170 3.904055764078579
9645 1 4.7713754854328485
60696 1 3.9151403549925705
8030 244 4.203813662885815
15791 1 3.6441866184310525
5009 20 3.3286744301095545
61640 3 4.972109812906773
133163 6 4.790352396654658
56926 2 4.311700779768007
266051 2 3.782797361063191
26761 2 4.462364796001905
29430 8 3.2724501378205497
327698 2 3.8505025417073093
49939 1 4.870982008988405
267491 5 4.691188509170082
198408 2 4.240860009243092
26120 12 3.8188976405092694
61221 4 3.8013095219585615
59465 1 3.8291442383526606
22431 3 4.532749913603201
265182 4 5.079107753966151
133456 3 5.088743889312278
132964 4 5.611624065026888
37685 1 3.72125065611844
15932 12 3.5715864747132935
59149 11 3.8556643201737857
131995 4 4.545743438237831
18276 1 4.360490039061467
54816 13 3.025240233379975
46147 2 4.494586323182382
62003 4 4.1857314895370665
267995 4 4.707026004098738
24226 12 3.975826274238092
199385 6 5.471968787801179
42241 1 4.301512960278653
53861 9 4.766096755091845
59574 1 3.916599273742131
50416 1 4.265975955456076
393492 3 4.649043628911604
264968 5 4.545023886205736
48408 4 3.567132696996075
41822 43 3.883447383909014
30593 3 4.424683243859654
134310 1 3.591277461515557
56094 14 4.403372750964688
41568 1 4.507614821054844
36152 3 4.990371968380898
50948 3 4.037431978777618
39284 1 3.9511076225361936
6501 22 4.200911818223714
63711 87 6.310714282381982
199942 1 3.9324603775640643
15154 4 3.9614433869632446
199657 3 3.886629044495632
46927 1 3.802452728807409
64249 96 3.8107681053735614
22059 1 3.80240851011787
265689 9 5.132980583973107
132744 8 4.495553976461559
17163 4 3.8858853387586407
54680 3 5.203310016702874
13887 4 5.016763712423946
397030 1 5.2376299941468245
263823 5 5.8586856163186605
268151 6 5.061934198795084
54744 7 3.6477419477350486
328027 1 4.859422862403854
50576 31 4.734745898879381
29032 8 3.7267891900749133
46964 6 3.8596611509000107
33703 3 3.982639094491099
139338 2 5.462118888863076
10056 7 3.9401212556057095
45058 0 6.666666666666667
395003 6 4.446882343716336
51399 5 3.534415021168699
53281 5 4.03383316168315
47730 2 4.654278602948428
203937 5 4.1754876111535335
132586 0 2.0
135746 5 5.015225955147281
5501 42 3.95946788428711
8587 12 3.1204552646323664
11437 6 3.9825094714929787
49023 8 3.7881169591344945
38608 5 5.030833142858746
203205 1 3.9785526575770715
267544 4 4.089400075620116
137143 1 4.192262939881987
53647 4 4.375935548679445
5006 93 5.0786245150254565
22879 4 3.957703815755574
55269 1 4.4180355999770615
134338 2 5.575261567363841
59325 10 3.7990886125237906
18116 18 3.7959353482232854
395512 5 3.5676732124065236
32669 5 4.466085087308422
262184 11 4.612006786326332
137108 1 4.238564015349731
63490 5 4.731017642814457
43519 50 3.711826297886213
136361 5 7.016355782235936
196936 3 3.8503581213069484
19465 16 3.5931515482191334
21956 3 5.025487699352555
39288 7 3.856730787358737
51604 93 4.3341434198839055
24462 15 4.187089511164929
61465 1 7.202784175321121
59847 7 4.694552956008403
29651 6 4.519503695489381
205994 5 3.6157735788152188
10131 25 5.36685642948887
394177 2 4.886641999947351
136851 4 5.153583306730953
134383 7 5.620494825344364
39279 5 3.1218375320711185
50276 3 4.006609492669152
23432 3 3.045906004878428
205073 4 3.4155049041128
265780 6 4.381092893941204
31552 2 4.482704507780259
131435 5 5.699480517768724
37297 2 4.192796218826496
265696 10 4.910022583010248
46528 4 4.48719456414798
202095 1 3.695440802583659
27403 5 4.928952682438843
264194 6 6.002630970488359
266595 7 6.573690380053519
4837 1183 3.49046280401929
393738 2 4.966276360627756
28662 14 4.23950377304753
199161 1 4.342461732167615
1605 5 3.8216981163533306
197901 3 3.7037734790516375
59510 1 4.293529918732759
58031 1 4.721984321984322
264866 1 4.866062882565345
25459 28 3.38098380044054
35189 7 3.973996105251925
56315 5 5.01207865733884
18231 7 5.121568466381949
24020 16 3.8169633270436973
44309 12 5.180599609908221
49089 1 4.425956272646459
36459 29 3.2840775006544227
64414 2 7.357738532280086
24586 19 3.2006472801436505
16827 2 4.059079375686402
28132 13 5.071382010280209
64439 11 3.7886136809312156
36674 2 4.008450867931048
48588 1 3.80176740519105
56761 1 4.891080884254848
264156 5 4.983666518790885
266553 8 4.89555328257123
28322 37 5.114302596887051
50604 2 4.535664103406559
17423 1 6.005360960156732
28972 14 3.7855611004451335
197106 2 3.7303320749337
21869 8 3.6862967243090017
29505 3 3.5351733543104067
203674 8 4.201357371686146
262716 2 5.192157270959114
33469 1 3.8067835636965364
54287 1 4.645726235085841
262907 160 4.800364225285632
22717 16 4.316882614386573
201211 8 4.116833818097549
268646 5 6.2607799225179175
14640 7 4.688127143877098
394041 2 4.130405414691129
57471 1 3.6054194830510626
20695 20 4.039043531967097
262723 1 4.609598541357373
204287 34 4.264529490649236
8285 8 3.964097413896969
135433 8 4.5647716341119375
58520 2 4.603401982527598
55709 1 4.926549362081998
52572 5 4.796491546526557
34509 1 4.037247749690146
268267 19 4.745449164216512
197917 2 5.736275288342957
267341 6 5.160254558425459
131439 5 3.8261158196551217
36721 1 4.485840208565988
265091 7 5.953032636998555
10733 53 4.294155557390458
44030 3 3.1966305518285894
31890 13 4.0721734634819935
51765 27 3.067299320823458
263717 16 5.508353649828237
10145 9 6.152154037327162
205759 2 3.8037591145948952
29503 1 3.6454348508915486
132924 4 4.615330277086231
267936 8 4.669008212309944
131937 20 4.0155579700364274
56392 2 3.9624170920918895
61830 8 5.894954340541141
35707 5 4.3601818687519325
56389 1 5.712456181270837
202281 11 4.016028728880251
48626 1 3.817891956610013
133987 4 5.06834588454712
27346 1 3.818877290075977
32762 1 4.739941636542623
133992 1 4.073479025678989
133296 261 3.9055758073808224
61699 1 5.182674528073632
8076 14 6.177449402010531
40437 3 4.523474837629532
197535 7 3.551894329624988
28182 25 5.099146597217165
26381 29 3.900023885073475
393689 5 4.6534407797038515
134143 5 4.400103129585354
206454 1 4.457553108039561
268838 3 5.184518592083097
132281 1 4.693130837148514
397757 1 4.19639538440031
202511 5 5.808564053101184
8449 71 4.0576995249839385
198809 1 4.739432383890512
36862 1 4.361374231193606
197451 12 4.092070340697338
39762 8 3.8698329910872493
43523 1 4.803127267920617
204644 5 3.805362696581356
44685 3 4.9303379451366345
5653 15 4.468817676006272
1968 33 3.9244960613369724
25644 3 4.380910367303021
32018 2 4.553122107976752
265898 5 5.2088340697625615
44382 1 3.8703056203056203
203833 7 4.791237711171251
263356 15 4.0541123247553195
61223 2 4.462056220409759
197893 12 6.518193633601124
40612 7 3.8774237819123294
134852 5 4.68632002297871
39938 20 4.481373881052343
57622 1 4.109170135207002
262378 18 4.397741368409241
44144 1 4.5835011017687535
262967 8 4.168953283468835
264406 11 4.5517747344223105
394890 1 4.554181738713758
20429 2 4.899004611668816
205220 24 4.024010957095348
59994 2 3.798244457258271
268703 5 4.359312088133909
52743 2 5.155919708375048
328331 3 3.9804034417159797
45474 107 3.467276463358887
268483 3 4.893622883685974
136127 5 4.322859551806651
63930 29 3.988807186564587
47665 1 3.5581677115290558
17269 3 4.845300963735598
1638 5 4.653719040819972
46093 11 4.206082386037093
31729 1 4.306104213247071
40034 34 4.044865268776109
132168 18 3.996384767878974
14935 14 3.1022688444991124
10032 55 4.149652571448423
49948 1 3.599559567416711
268988 6 4.7564806045313
268738 8 5.531145154084933
11604 6 5.200038407088068
48954 6 3.589042575438118
32875 29 4.418195022801184
46381 1 5.346163009282878
39811 56 3.8536014393312934
7469 2 4.201605002317922
5098 5 3.8075369203539955
28093 4 6.0351953510834955
26414 4 3.9534682028757566
134614 1 3.7574319337856203
8376 944 4.996377135758476
38404 5 3.8251541802539153
1706 23 4.718084127683957
202344 6 4.561793244220979
23976 2 3.8357579092301792
263979 2 4.208806360346697
29876 5 4.549133906247409
8071 2 3.9554966300527625
262369 22 4.284931251771422
20243 6 4.468828208828209
268697 7 4.3063850867298035
205490 3 5.913160139180546
58006 1 3.6940382004421415
19102 2 3.819601081275959
139683 2 4.733007305664528
3168 7 3.783242244210713
56093 6 4.5478134329973
133767 5 4.013394755605016
55938 5 4.780085742014007
328011 1 4.651657143258129
133975 2 4.202877610755384
20940 3713 3.8911133342160737
44020 4 2.9187646835138508
269383 5 5.069800972507481
199558 3 3.9269849074525447
135333 8 4.058741151633067
20012 42 4.294250658103879
265637 4 5.8362519745409225
36951 2 3.822972125751234
39174 3 4.116822013414948
35564 7 5.980908100566871
61228 12 4.027017860588704
9224 12 3.7244175754657998
135715 2 4.594452064690161
46400 1 4.7357381676555335
264420 3 5.257966909950882
131745 13 4.985225636237221
57746 2 3.6842741923624285
10439 62 3.608031392671503
42831 121 3.2090762264528534
136950 34 4.759980813477667
262977 16 3.9704460620910034
32101 18 4.022129842482519
9769 10 4.319888769199588
58369 40 3.9729580307358723
395772 4 4.7729208200606035
27225 3 3.9859895148645057
204576 4 3.832214442454392
264657 2 4.765221026843303
133417 2 3.8323804938360078
9924 534 3.883828749004929
4613 73 5.559386622366639
267159 3 5.146409641455032
39280 39 5.85689958536225
47558 1 4.8679559780814925
395048 1 4.48628444079183
393768 1 4.15489399945065
28532 5 4.680286045186297
16613 4 3.9768209022738303
57122 1 4.010723030470929
15594 9 3.692755340982586
30336 57 4.16774600227434
37505 2 4.622385351334118
14589 9 3.3431836495576555
203117 1 4.598888238171963
206954 4 3.8261613351817645
39232 30 4.702231184452073
59961 1 6.747735857758899
46346 1 4.338267259408474
22990 7 3.9194574182525836
3308 33 3.7676007529804734
22047 406 3.96380165867236
136862 1 5.007923188834519
198572 1 4.537688179970609
267046 5 6.187803397518631
269503 1 4.954265651498534
31554 19 3.4795936881340075
58392 7 3.8527309751805126
16116 65 3.913464264887464
206654 3 5.963378078883306
49569 5 3.940251058108664
201570 6 4.090974048388154
196687 2 6.357330742988996
55667 11 3.93846112870225
40276 6 4.04770697946105
199021 2 4.3784134458665935
57453 1 3.7233380302743093
42530 2 3.7943549532084626
39020 61 3.2161117485224002
37430 3 4.808298076075269
23706 1 5.0068846674122005
266222 1 4.400372422991471
41404 1 3.638575751110189
136369 1 5.8686058964648655
137327 2 3.473479685863152
27471 68 3.8736654101976464
16871 6 3.6859137568992315
264520 4 4.1917817405557525
264244 8 5.247482996880885
209375 2 6.802401314932102
57458 2 4.951108705361325
55816 4 4.068791010492972
264971 1 5.046522874475461
28318 10 4.741698772542398
43142 50 2.976616212545577
33430 3 3.8308019843465604
16568 4 4.279929356370307
136255 172 4.456323919391141
1421 63 3.8092494162201556
134832 4 3.822401919109877
43487 4 6.928646916596139
60465 3 4.573075349827372
15846 8 4.067021580220652
199775 3 3.550569685258824
8447 92 2.819812399205916
52808 4 5.405855573350172
394893 4 4.200636434355646
199086 2 3.6555362204677797
262231 24 5.397584196607918
10690 9 4.151314175793213
201971 23 3.658380793954806
262813 57 4.104044206576243
39885 1 3.88141298477433
13658 29 3.995304621828429
394643 1 3.7548748815497586
57833 1 3.8014870278417083
62713 12 3.5824563788921147
16206 9 3.8939702409540873
16989 9 4.2634330963572955
202626 1 3.786614825935698
202152 3 3.8442383750293576
57391 2 8.612566872208017
134518 3 3.5797008048787857
1524 3 6.470067498245423
46248 3 4.03336850002894
47912 1 4.046765850460432
56798 3 3.98326934643667
16693 2 4.471934382013041
203261 2 3.934548938656824
267265 7 5.945803900198473
206385 3 3.94959509294796
62257 2 3.777112504981357
42410 1 3.855475801017522
206026 103 5.2726937860076415
51788 7 7.748702683131217
42066 1 4.757604481737075
265277 4 3.997658533825658
134450 1 5.922075220892954
56609 1 3.9440878544565177
328214 5 3.6735711194979324
266461 1 5.047210232752105
39710 5 3.648868150946593
27755 13 4.7730466559491465
8216 9 3.7684353783744173
203043 5 3.904181397552311
9311 114 4.668133279841146
136266 4 5.548394883302604
327751 7 3.7439574701592915
11298 2 5.02781340018261
5570 1 4.102560468631897
13342 23 4.199156150267134
267324 12 5.884362330968835
134787 3 5.212662667845789
393525 1 4.602431446495485
12289 1 5.820223755274309
33302 14 3.0077542988003563
267509 1 5.093804802203818
21214 19 4.770941320272739
263420 8 4.211612860336776
38064 12 4.571729465876079
52242 3 4.749963577729527
30421 1 4.002636083110047
134687 38 4.306400241867839
267289 7 3.7995544668667764
16189 3 3.8620390725900715
31966 4 4.72384928402994
20223 4 3.7041396339850263
137358 1 3.0078586712705895
263065 3 4.762945424377114
15470 2 3.875612262517025
134131 1 5.16379349711758
266194 5 5.455971746813601
61178 6 4.478414458476553
267047 1 4.755226928716452
52175 6 3.8519778628326087
199389 2 3.709109502386814
48291 45 4.353139716383794
14160 6 4.342674733355309
393424 4 3.4478738209036366
210126 1 4.028814043099758
204716 1 4.651280328337377
40953 2 5.336526261550893
11096 32 3.023197746382305
18281 4 4.6500589958147085
327693 8 3.6899242834121444
45680 6 4.159122370103638
63555 2 5.041289183415581
56794 1 4.03043096803601
132497 32 4.042169214568538
30992 61 4.477031810823295
394703 1 3.9835479865525505
28145 14 4.376438304703568
18577 19 4.025216015668759
30937 4 4.852184592285462
204860 27 4.196363895501801
8323 7 3.7261217199402097
31900 1 4.462364796001905
268279 3 4.5324296002867435
134795 10 4.405507135216037
62356 1 4.580029890744177
24202 4 4.600573339788183
14519 6 4.589212589940223
201192 1 3.030807681448307
22388 2 3.9961242006337243
201687 1 4.540871499986525
34996 1 5.3942846282829855
7050 4 4.736877460031448
44984 2 4.57118098931201
268887 2 5.926357399633386
267206 4 5.42220418758605
1699 54 4.225890183605406
264768 1 5.46124167578909
52802 8 4.2963479092755374
51173 13 3.8838892445946747
10310 87 2.836955753781399
53158 36 4.022670452101709
3319 17 4.7099239411515725
27353 25 4.44141989297331
1622 1 3.977459676794652
29747 1 4.184741227269963
15290 229 3.8110587911218854
200102 2 3.9141361649765014
24367 8 5.269877819993004
28753 41 3.377278701384199
2882 35 4.988255038235214
61897 4 5.531113186211708
201638 1 3.947807128884423
31734 1 3.766390409037468
204085 30 3.814982556990812
31655 27 3.403710904498032
135125 14 6.378696343008386
134096 23 4.340341200513701
1475 4 6.468874097145374
28196 3 4.314921070164809
25636 12 4.731185825151671
395040 11 4.195754033493311
53751 1 5.302577091442637
62106 13 3.793378839690327
137376 4 4.665814597843818
199674 1 4.284290438169749
205630 13 4.331426996405411
59203 2 5.507785180923152
61782 4 5.0266136206150716
40788 38 3.0780757055101575
50911 9 3.6580265747433662
393868 1 5.243033410237711
131397 1 4.272995221480405
29076 58 3.0201725341243595
264900 3 4.507887784835598
133973 35 4.089897370687375
26794 17 3.0546184427403538
39103 3 4.6017049469029585
266276 1 4.988162211770785
20661 8 4.075919410435322
268158 6 6.0483239357450245
265026 3 5.307724515093393
265337 3 5.0341867927394235
266431 2 4.1071287132719245
268504 4 4.9250575709080735
328032 17 3.998992123020847
12086 107 4.47760635620255
43015 1 4.034102405530977
18361 7 4.715948418325526
50914 1 4.312794495840474
45599 6 4.5014318133630775
30009 7 3.756915317861812
36441 3 3.8687808884237453
263582 14 5.342307848500363
61439 1 5.315612421285676
55428 4 3.6000824315910185
44676 42 4.451462081278448
19701 17 4.426091265290609
5714 89 3.8158809188840643
263390 19 4.679296378434752
50225 1 4.4969041393128935
138570 16 3.0258651375080543
3177 7 7.747661205751088
20650 14 3.703900774814819
199371 1 4.010844446558733
1553 2 6.487012200154647
203822 6 4.342682065743685
5563 18 3.1669789094177565
63138 4 3.7505810106241135
262672 6 4.11649003702275
138006 1 3.004986107847156
12582 42 4.746146510100667
393389 2 4.160600013809006
32667 15 5.169024609837879
139236 3 5.316593870783569
264487 1 4.744580182634369
394562 5 3.870475524148244
44939 4 4.664872636881601
37622 7 3.933178061388568
200624 1 3.628867378216796
138903 2 4.6249566885698306
135008 44 4.559885193466893
269078 5 4.059882913486469
1840 3 4.272692783407069
3695 18 4.360628596606333
267437 7 4.329229124040914
134771 70 4.050202895440777
58206 1 4.635118681719668
53090 14 4.626189606805383
33120 3 4.337836604511459
29197 11 3.786536772027419
268652 1 5.971526959777206
52574 6 5.287857820780538
200442 1 4.679169142404437
266454 6 4.1203070267868735
52551 6 4.0796993903517755
45980 17 3.86669769950199
264801 3 4.85501532705941
15669 2 5.040752926769143
137521 2 4.085376827087147
5744 2 5.517891112865211
262641 6 5.6038091166135855
42863 10 3.7041627387939577
18864 3 4.88520947336834
61668 4 4.966375332928391
266575 5 6.116084848380252
49256 3 4.039598852068955
137480 4 5.520125396856855
37247 1 3.7234278226597732
134180 39 4.901212174516603
46330 1 4.0037154724948145
53209 13 5.299495338410694
42804 6 3.7810410983733247
61819 8 4.445362706109078
265319 9 5.11992616366828
37445 2 4.277984859200181
23277 4 4.152755114542886
18563 11 4.1484191049691646
209429 1 4.860746514854448
44670 3 4.482533205575293
209114 3 3.610550509496094
16431 2 5.075110151425158
53356 54 3.4141761344113206
39766 2 3.7443154107521135
28191 60 4.152253688711569
14991 10 3.968533314687324
13415 58 3.5959890093947475
56263 2 4.273388917733433
24684 1 3.851075885096957
397474 7 4.57664278948234
136400 3 5.792939057885083
48993 1 4.143119026567302
28469 185 4.422169919714136
16728 4 3.9343395151137837
11231 33 4.742348705098827
19310 10 3.0185884879785974
21415 10 4.447237385008645
44679 30 3.0421203822625635
20845 112 3.7813108386976326
266550 6 4.6500631985773975
33110 1 5.860139860139859
396149 1 4.636971696429826
11919 6 5.47265253716106
14385 2 3.8156709725839457
30674 23 4.615386772596272
395776 77 4.04313278718563
13365 2 4.254301546542802
60905 4 3.791562333924451
29304 11 4.200165464479149
21857 6 4.767497937261304
56652 1 3.705389859741383
133228 3 3.969184235933869
11553 2 5.032648085882528
26919 24 3.8758342093334064
133945 3 4.56376883575953
13480 30 4.817262985521164
51179 1 4.834704570500959
52547 24 5.024113997489177
199552 14 4.089428563427376
206789 1 3.9668047560904705
208432 1 4.062540964016484
264313 2 4.070289552495346
22909 85 4.07417044844895
29947 3 3.9405134520651766
59801 2 4.779748996471079
19526 3 4.044655098581496
38315 8 5.431722412512332
47868 3 3.4498024049533775
266717 1 6.705829915698336
61657 6 3.765278411620421
264880 21 5.16523722039742
3801 160 4.513016593273163
26457 4 3.299121763830871
29646 5 3.8955914896968125
200107 21 4.006816014343871
27391 12 4.347949169451276
393629 5 5.518758922380805
47884 1 3.811047829097165
197102 1 4.325007057346959
59439 6 4.168271743172984
198494 2 3.8990392197028507
27782 8 4.980367281993391
198995 2 4.703374637998755
201547 3 4.661285424297133
15073 3 3.8134865502618296
21659 3 3.987378591632558
267587 6 4.527563604219546
8904 5 4.445288555129147
138908 1 5.404067535979978
47340 3 3.4767997912871365
19153 4 5.045604060745349
31967 3 3.9462231289686787
46974 9 3.7267820033336636
13712 1 4.857810366796541
25139 19 4.407712427217511
30509 5 4.452503934411029
133012 13 3.2034792318216163
33417 2 4.572071622046991
37496 2 4.702489021840899
30029 7 3.668088341662472
52569 1 4.259795016149696
6487 8 5.672845505835714
45046 2 3.817567105826317
53013 12 3.4263264280078523
14580 1 4.492844105394393
264245 5 5.0628157244563505
12211 5 4.675458848837472
268921 4 3.9764110636132335
201618 3 4.819558398932421
20214 164 4.09066450425967
29278 61 3.626201321629731
133076 7 5.00410454313671
202156 1 3.885560276018698
262256 17 4.727832749212489
6099 20 4.632335065314154
62562 1 4.833370645045522
265827 1 3.7741780068134756
37714 18 4.378081730679574
263556 1 3.8305736115259927
266873 3 4.744972195854301
138752 2 6.517677127044945
30745 21 3.964534746074273
17313 2 4.0184661840991875
264201 2 6.398703943972296
36538 5 4.88581520107993
269782 2 4.262807105474044
133275 111 4.028261037363556
43386 1 4.5229655068141215
3484 75 4.471034251260224
133311 30 3.872791594904187
27614 1 3.818877290075977
25291 26 2.768912446575596
20149 4 3.730703998249153
34984 2168 3.923211331186567
32424 2 5.580740254545674
263355 7 3.688092278426641
202164 4 4.101620141817748
134873 2 8.013153774367014
20467 7 4.4346608764342745
54507 1 4.0066802122134115
28387 7 4.34147865410085
52238 8 5.896758170417792
38133 41 4.280441752759709
137298 4 5.0063293853624895
12229 7 3.835672238060562
54045 19 3.838539644646616
205244 1 4.768640334051723
38566 26 3.876678695232555
8953 25 2.9939301379895253
9890 12 5.937907547043009
205737 2 3.7691097969646385
8444 7 4.5303528239786
8577 1 4.843209303923589
17550 2 4.127000350470957
33567 19 3.749668850301482
55884 30 3.8401455809728455
18943 29 4.178826622092506
268791 7 6.007619915740188
199356 1 3.656732187824625
135743 4 6.375343280061254
55394 7 4.195033976013586
24147 20 5.068527463603107
328568 5 3.638165537974937
53052 14 4.29917324157881
263617 10 3.687624446017798
14413 53 3.434919869606959
49804 5 4.072123662926219
132572 1 4.870611407840472
63969 76 4.3861260699272
31515 32 4.079065836036366
51881 1 3.8545728166695916
263629 22 4.607350413875763
24766 3 3.9250423311444274
210240 3 4.333635856878914
16281 5 3.8739217687580316
46263 13 4.32799790585846
137329 4 4.568849646180312
264815 4 4.846372730645167
43253 2 3.9914782287795676
32645 31 4.6288746673773105
268412 7 4.786283679773661
55427 22 3.926135046032733
23732 6 4.352588868353161
63835 73 4.019546797060325
57271 22 4.3170794918918665
47582 104 3.2779437478951756
268340 2 5.0406575991922535
15127 8 4.376359926831396
58098 9 4.8935400923585854
267715 2 5.5100358652155235
57791 4 4.668720411741759
265114 8 4.678739852068701
8270 2 3.645652584794494
5578 39 3.3803272694670845
134335 4 5.584112791063072
24951 27 3.2114319709052577
54318 6 4.22749256021787
262684 16 4.69827279808689
61922 5 4.154659486269501
327889 2 3.4941948594368766
38372 7 5.010695343549192
31939 45 3.7658120715094
44238 2 3.704164023806881
17479 16 4.725350280767419
202859 4 4.392828526462413
56260 1 4.7670445211765555
264944 8 3.849531113427788
48596 2 3.0136072192478953
49054 8 3.8202063422068555
135978 1 4.932248344546731
18999 1 4.269424675569068
40903 1 4.281346840857407
137460 4 4.025512091499395
203267 5 3.918521384928557
132534 3 4.853112248731191
39861 4 3.762808295910788
21 11 4.804786873067745
137004 3 6.162430665095139
51854 2 3.6283559649571253
52493 2 5.135685108880758
42564 2 4.93329370575509
264139 6 5.288803965466876
197709 4 3.662701344215166
60119 10 4.515851469978362
45561 7 3.9002608268307304
266434 6 4.439835406164647
2914 297 2.926245700039258
199586 2 4.395434551912958
267647 5 5.1732910316588665
133313 1 5.568513420001516
38263 6 3.854263478993487
136724 4 3.6311293699645426
11716 8 3.8928479618206793
138836 1 5.41283386837574
327833 1 4.619113930504689
59216 15 3.691443299020427
328376 3 4.745292791929295
58890 34 4.7162130864852125
262722 10 5.7278594416042266
206 27 4.352679009362136
61405 2 4.650034689784801
266950 16 4.980013932816118
199907 6 5.314821876635985
42686 2 4.408543551682667
136474 6 4.802621602791088
59357 1 6.472920478536242
396336 8 4.389358870445528
49708 1 5.010146731575303
23720 9 4.928160927860117
30462 5 3.8123894163335903
33490 14 3.943565897058244
136334 57 5.332249861245738
45064 0 5.5
209622 10 4.214202874580557
47319 1 3.7888374852660567
44365 5 3.734718132352614
395471 6 4.839312323747719
9386 4 3.956105588128856
22080 69 5.052640679289321
61960 3 4.050532614019339
58338 1 8.138453585276245
201776 48 3.988190474362427
58929 10 4.833313274386536
49348 2 3.8157481037524574
11826 4 4.874997000740301
51832 3 3.8540067161034908
8301 32 3.802770387894889
201353 1 4.734980153259723
267005 5 4.869111251973457
62244 2 3.2358944284110165
55936 3 4.356880898752799
204788 1 4.014078976480974
206028 1 3.9574551664413415
394858 3 4.330111544951139
7276 7 4.459876327992384
22787 69 4.293648246703911
34685 1 5.044468956968957
51497 5 3.640637423672323
262492 19 5.045135881426915
57154 8 3.868278704875389
29513 9 3.849100508417599
134543 193 4.717536622398768
265237 4 5.631629482881665
17387 1 4.230501622989307
198397 2 3.805437985727428
4546 44 4.031254333912964
262293 74 4.015314987718108
135838 4 5.778581735724593
262581 2 5.967573088009513
18694 6 4.949302139351833
63513 4 3.618777418661006
196858 3 4.205533776004131
16778 3 4.824235922958244
137334 3 4.578243185832318
203150 1 4.962004992020387
22386 2 4.035267478953134
268571 2 6.60557702833565
204243 2 3.7835385728006643
18757 12 3.854191262356577
262973 28 3.6610977713429214
269170 7 4.570551581930344
54037 3 3.0311493256698974
265924 4 4.960816336296214
57089 1 4.477148262117089
138608 6 3.8442705752134505
269009 5 6.107292265706021
269163 16 5.827840938493137
269177 6 5.0474723747441805
205254 6 3.98699267849744
12754 59 3.92264261717514
204082 2 4.13749630426187
136274 1 3.787138489817061
53973 3 4.224409007388952
132641 16 4.0818378009156575
267708 4 4.748317513677698
62128 1 3.921958394857554
39116 12 3.7499057816801282
50465 4 5.527449900651972
393954 13 4.631587634497169
33217 6 4.197110952015722
59960 1 4.800982158096214
18635 12 4.921874155620317
48730 22 4.446141976055217
13501 8 5.333054295489825
62231 1 4.507614821054844
17274 3 3.462672430783167
40260 8 3.852343882991634
43901 4 3.627902417981783
20884 6 4.363286597554656
33922 84 3.0270575079132658
16226 1 4.443477683806621
328404 2 3.7833635280063853
264275 10 6.034111898053522
29742 4 4.152980614507669
265971 11 4.031219579035575
58182 4 3.5437846526762784
61129 4 6.838853466752852
263702 48 4.490234150913934
8752 5 2.9854050758682336
21032 13 3.787688361181238
132645 6 4.233121458644052
27830 1 4.762898462906673
55396 3 4.615842566557371
11528 12 4.315445412551162
50928 32 3.761866490169533
55666 93 3.8373028553883146
61808 7 4.929425860817479
394707 1 4.934761597355582
20207 165 4.517736141453357
53925 3 3.8065085668072123
37286 10 3.7574973442489914
393909 1 3.011180474027672
40615 6 4.3037172587985735
8966 44 3.296320174363058
53060 16 4.907856571283593
18218 14 3.8279360340429944
327773 3 4.906510222064807
63104 2 4.027612552791124
14251 2 4.562286150907239
29410 3 4.270504697578826
41985 7 3.9808157342473462
266226 3 5.716966202148988
54185 2 4.0259164486110794
43659 36 3.8298704415453195
57071 1 3.854652102463162
12257 151 3.9165656405448623
200768 2 3.792112276754276
49064 3 3.813121450123652
30983 6 4.922496461544253
59800 3 3.9506380373511667
46940 4 4.118640545540035
11158 8 3.9162266001253907
5613 3 4.492526168120477
268289 8 4.187703230900664
27865 10 4.642920418710959
57278 2 5.561354736188386
41689 0 4.0
30406 3 5.718321651643127
132642 4 3.7147768581964287
199853 10 3.8599883902811873
8518 39 3.6098081003145226
40335 2 4.16726438781957
209869 1 3.127897681933751
18796 1 4.472037123187211
52435 14 5.289767994608492
264984 13 4.160312532701452
50698 12 3.4198642286293093
21803 67 4.103167623104948
199204 1 3.313556034065065
24138 225 6.310969510694308
327880 5 4.006110785090602
6796 1 4.596122618487151
48991 1 4.012637408600141
44066 93 3.2207815239054134
37287 42 4.868591011474793
37104 2 4.43940947029617
57103 3 3.6679659936883438
134980 5 4.291226843682728
269202 6 3.9601765100755193
137225 4 4.062199978501449
266668 3 5.765859044984942
23959 2 4.00032802183832
56730 9 3.618361318639402
44773 5 4.499435381936202
45588 50 4.610041862687284
135582 6 4.527596851502353
266784 3 5.047676884050476
17736 1 3.9137866395446355
45014 30 3.0142839665385317
54111 3 4.134840450097819
31805 1 4.440400938841005
6812 4 3.5655810683910607
10391 1 5.736516086540716
31672 11 3.8860781379276097
36815 12 5.245721170958942
29075 25 2.6871320382169515
47223 6 3.709796876354766
14116 13 3.4918176887510954
56639 1 3.9324552783225806
42925 25 3.9109864555659817
263911 5 4.305490428507385
133344 1 4.893320058412336
20921 8 4.739763747984098
38914 2 3.620703275676821
9070 228 3.4551722422053683
45968 2 4.32995436559707
264972 8 4.820401185618132
18452 3 4.7711466855410105
393780 14 3.762803571113032
131265 8 4.853835249035312
31816 2 4.457347359344151
47123 25 4.231669692823283
134220 14 4.799996004721174
27597 2 3.782068617209823
393312 3 3.8143160716492126
266702 6 5.94769293538882
60573 3 3.7668845794844015
25163 21 4.293944190138125
266819 1 6.373588580731438
28242 13 4.894440541853343
55814 12 4.483044449124605
207098 2 3.7281321185338365
55329 22 3.5711254848910094
42303 28 3.4327504848304655
32696 7 4.083731540962447
396293 1 5.241138764537779
18400 10 4.122108586975687
30140 8 3.919923766544205
25665 5 4.121926891135462
50265 3 3.786828115170695
264026 8 4.1631762668447525
202691 2 3.8085292421499326
15796 3 3.1937004608423805
62009 5 3.450164077473125
1591 3 7.459708805790288
52625 6 4.602401148468595
9412 2 4.426080626904663
33555 2 4.682497045628993
267231 7 5.144768808555944
15315 3 6.045305550665958
268803 4 5.559369974214685
267325 6 4.107906998098106
206893 6 6.50197874726043
269196 7 4.959115318312374
11031 9 4.823441013677353
133480 46 4.181885879562749
9462 25 4.452672236700773
39957 4 3.729247412256073
45313 8 4.875140280755442
18911 3 4.213918959469042
24122 47 4.636345623556848
16657 21 4.196415394051393
264743 5 5.0351181700720335
21610 4 4.18155979614224
39337 5 4.1669380477547335
262779 12 4.577550949919365
35043 5 6.854455374557996
31759 1 4.198481256929532
263829 4 3.021320113287465
33230 5 3.0324749279149836
58986 5 3.609794976302998
39401 28 4.2064723478217285
262394 44 5.259174897809477
262819 14 3.5544506268137517
49542 14 3.6426481785050178
59803 1 3.5112473092551335
267052 6 5.143416537058904
14959 6 4.412348250778292
396900 1 4.16153259712373
265133 7 5.8496832336086655
63344 10 3.9371972063922893
3382 6 4.727562141811326
17195 18 5.075563638791436
136917 4 5.449148379833919
268429 5 4.199608247315809
62002 2 5.751388676218481
328053 1 4.428131066160622
206988 4 3.6969195750149115
26754 4 4.738136867845554
45603 5 4.044784399827753
13898 1 4.593259919548918
62812 1 3.81280886754197
16539 4 4.4260609341619785
208776 1 3.8940425976140256
39587 1 4.821075813668178
198384 1 4.5499657749657745
209785 1 4.625603753428914
10625 9 4.0944912618718305
137598 2 3.6956401402829977
35778 1 4.65116052022734
262571 9 5.058546070263865
262481 65 4.529883044351429
21547 108 4.094862934094157
138901 1 4.757180609939231
197251 3 6.633942908063295
45007 13 3.8469174575950458
268539 4 4.9054941851367495
262686 27 5.3714283793219435
207096 5 3.5649727696366824
396191 5 4.553751037610897
131111 216 3.8412032376930463
393433 5 4.521257980320794
201727 2 4.35274093255156
138864 1 3.8924915370541453
134722 1 4.704497746110404
196898 2 4.0069721284007
55384 2 4.843071744044745
57567 5 4.609243983443992
263985 17 4.081304295451386
35685 1 3.825181465360036
26950 2 4.07207774750667
9580 3 4.518236876109329
39551 65 5.01452110044904
262818 10 4.64222642678484
47070 1 4.003443103010623
208446 1 3.011601688945496
48724 2 3.6875160803103975
32952 3 3.8134057301341735
60302 4 6.038980968476564
32730 1 5.3767039699370525
267963 3 4.607608146173156
204254 5 3.100725485561342
136864 1 4.0
267293 6 5.295565208295488
40326 33 4.482837694118778
264027 7 4.198014852363669
55953 4 4.197885447885448
266087 6 4.2131422455578456
131578 1 5.138716260021679
43274 17 3.8123352208803256
206161 4 4.103951344726669
55359 28 4.041971217150012
53758 2 3.0099856693698017
26643 1 3.8087734423941324
16356 5 4.031147720111814
27908 2 3.913626756254277
47350 4 5.512962060508112
45853 2 4.528411322373127
41401 2 4.285160316143454
395444 1 4.502179409032857
395926 1 3.81380963196638
8336 5 4.40135029018085
4150 13 3.0291191135758218
138643 1 4.932421756313382
135155 10 5.957188895497194
36499 12 4.700528865213491
264956 4 4.770196422733061
46650 79 4.389680361063385
24111 2 5.1135365896469755
264970 4 5.324077306863238
30109 19 3.767811604979063
29831 19 4.867978642417592
137495 3 3.919482810075144
44868 1 4.806195657422991
132218 1 4.610807317036792
204121 1 3.434161557034855
61138 20 4.370705402998494
44065 3 3.123234795089207
25086 28 3.885464583408111
265310 5 4.187710993526279
16426 3 5.225485493342636
26335 4 4.333860592759596
25629 4 4.511088256994516
4844 4 3.6260008547153926
5567 4 4.572649121858983
203877 49 3.862440847970592
265523 11 4.627450723909935
50808 1 3.7748421739435685
22895 2 4.044637696726999
60081 1 4.104450575879148
17866 1 4.881852263218723
199672 2 5.438626526808356
198802 16 5.70204128748143
44912 1 4.997933440687064
138211 2 3.024042644529323
39534 4 3.8891302636312743
200395 1 3.764194419656023
43051 1 3.7652836647746764
60411 36 5.078603760835291
46158 1 4.630323908895338
138619 12 4.855069013741944
31617 13 3.397389773290848
264938 1 4.360099068619363
262659 22 3.6983939686052443
266176 2 5.624019030519441
206819 178 4.57610906446438
137735 5 5.127466748144443
21660 14 4.108716920914288
393600 1 3.8016759093852692
33631 67 3.009160543279823
262895 7 5.7223748409877295
59221 2 3.8861787362325066
263295 5 4.450244029230662
203280 5 4.8402496061595865
32367 5 5.2546908089313895
132581 9 4.898481069932201
136430 0 2.0
267387 6 5.372993349426811
48930 1 3.6641840598137585
40561 1 4.463246630217073
37559 2 4.583256200191684
36184 13 4.033735003402623
20594 4 4.9457124370956675
8732 15 2.952437679052449
200961 8 4.222423913583198
29434 7 4.718023673539324
17347 7 4.811988554913432
14380 12 3.6693740940470114
32820 3 4.256738074048836
396055 1 5.022809477058245
37453 26 4.213573968348407
198974 1 4.1057350718064995
265389 10 3.0337960919535565
22606 270 3.661386689994618
9688 6 4.30857910386267
36236 255 3.3584180207409497
11668 6 4.203383191192756
3324 8 3.4436846855654246
266693 4 4.874294034737384
267855 2 4.7694612595284855
263382 52 4.257499873363792
57948 18 4.75696603899127
20839 1 4.644639790648194
265135 4 5.473400739995976
204240 1 3.7604984173423697
53603 2 5.179014957646097
17673 4 3.748920985283808
54004 228 4.282312851182719
52503 5 4.668016536896873
395704 2 4.339639436629973
35332 8 3.7489826285596743
8296 3 4.428098346612096
29922 2 4.433413807806255
41023 8 3.93946821196351
64435 33 4.751981334972025
53233 17 4.113274994462642
42062 5 5.612854810669195
264544 8 4.250026441957526
196708 11 3.909809030770648
60148 20 6.91759335123444
9891 85 4.77627636061319
49129 7 4.55485011575867
205836 23 3.9331580173364094
136306 4 5.132986943378553
50439 2 4.573866839522886
3140 2 5.003371048497099
11787 6 4.440827301744961
25089 2 3.832403830433387
48200 5 3.2582413648232382
42489 1 4.0227553529734426
32279 1 6.567143293122554
9712 38 4.335528027287554
262535 13 4.008852187718527
3337 2 3.8287765204076503
203974 6 4.419929815938995
63477 1 4.8928274298225025
197164 10 3.608320958387735
268192 15 4.018280369436029
60586 2 3.846098489253251
63473 50 4.132077364283183
204656 1 5.1286265284164445
26213 1 4.928732641434341
45911 1 3.650173476215143
56649 1 6.119463704285132
14610 7 4.2149672126164655
5538 8 3.9953244625330475
13235 4 9.433034184559782
197752 5 4.7143449146532355
35519 1 4.191252860895718
209054 3 4.44757239284424
265492 9 5.384083397400978
28792 12 3.1744782061776777
199566 3 4.559433025543453
62830 2 3.9768401814691106
135071 8 5.560934743510115
11446 5 5.193733685900799
135695 1 3.591893049631145
328061 5 4.804195546086073
206064 4 4.020700146696791
52935 20 5.241677742037979
198457 1 4.007116428545
34092 6 4.026846669250273
50101 2 4.758381064095013
264056 5 4.995127015444838
5672 5 4.204276077581488
16843 21 3.8076220702351344
135134 12 4.61951850489456
18422 36 4.415498281174098
60277 4 3.526420030350651
263643 9 5.2235919878330135
265023 8 5.072194807807977
199048 7 3.8797000647559297
200300 2 3.8090354806409032
46304 1 3.047548704121474
205022 3 3.439007295374921
265207 6 3.941975952781157
133643 2 4.871260662505126
199167 4 3.6918934635478657
393762 1 3.940582578644977
53185 33 4.7334514281059406
8968 47 3.3964182700058294
18607 2 4.279981820534816
269351 10 4.860056807439951
269348 9 4.890868183727442
137548 2 7.383478822279017
39718 6 4.722550490230048
14928 17 3.2814708617419974
35244 14 3.945807224395056
51637 1 3.6308843273128995
53760 5 4.210691285115371
13780 1 5.238126025892857
5517 4 3.5480665149188777
45775 42 5.0613781033965255
61490 4 5.67695944203693
35476 1 4.369696705410991
60893 14 3.443971366483728
