13892 4 3.8114275088166725
206487 27 5.432832038721584
56043 9 4.290238171219842
198935 6 3.708237421721014
26716 10 3.930217211586183
57038 1 4.282954769245092
3565 7 4.770383449825393
134123 1 6.357013709698438
132516 4 3.588947913781801
328191 11 4.32546406389599
58066 1 4.5126383689355345
13892 4 3.8114275088166725
206487 27 5.432832038721584
56043 9 4.290238171219842
198935 6 3.708237421721014
26716 10 3.930217211586183
57038 1 4.282954769245092
3565 7 4.770383449825393
134123 1 6.357013709698438
132516 4 3.588947913781801
328191 11 4.32546406389599
58066 1 4.5126383689355345
396280 1 4.515672728307137
263573 7 5.382841491078269
14270 1 4.445543477686336
203481 4 4.415521857682719
28358 5 4.794505154007983
39704 20 3.148064502946148
42431 7 4.11868801563639
18380 8 6.2318563640318985
262287 172 3.827731253106102
57977 4 3.8065773340941966
269021 4 5.459142011890043
14909 10 3.88029741556227
263253 1 4.520133725059834
60098 18 3.453707719666056
37312 3 4.273762950839005
266077 1 4.181257931996848
43204 3 3.8982362363800447
267090 4 4.290962378783133
137861 1 4.835163256994242
266755 4 4.722890697794348
136850 1 5.408424371097027
201315 1 3.8009337551702083
44276 1 3.805130999957618
37407 1 4.726921455969075
13683 2 4.606758289900979
46690 4 4.712058938968904
60658 1 4.814975441424297
43152 4 3.796413700006925
267233 5 5.022402106711792
56658 1 5.46268865742964
137038 4 5.263577682936907
60814 5 4.335694175950309
136311 5 6.000086086670272
34913 8 4.247960429110447
207125 2 6.06304748070758
135783 4 3.588598120548401
268328 4 5.142939732350335
20478 9 4.384049408703894
13862 1 4.591584990050216
23901 9 4.42005500434553
8664 7 3.7644569731259985
10402 1 3.8136631943467583
18656 6 3.779991964902585
200849 7 4.2043620279247325
137320 4 4.703492845414028
18440 8 4.118584573600186
38195 159 3.289330951300604
16735 67 3.178059709864003
267360 4 4.03413789460703
23624 12 3.728526156227814
10238 21 4.651307114197482
204957 37 4.581519224805679
33329 6 4.1972536939169975
21578 4 4.984512896445068
29887 1 4.128553494489454
268076 5 4.745584587137077
199846 5 3.8240102378894045
266386 7 5.023890540253419
33762 20 4.927352070559532
27694 3 3.9620550844671434
132494 3 4.7621407082799285
13974 1 5.3470849074297355
32494 2 3.8344652862946638
58826 41 4.609140325688071
104 22 4.500829214977507
200642 1 4.303657189371475
11290 54 3.4742450326362926
265802 4 5.72826450248043
266432 2 4.375942433287483
18196 66 5.2470714052270395
137158 2 3.6936733190129534
134252 1 3.594208933494647
263548 15 5.266179632456412
52879 11 5.062112630760113
22180 9 4.466200006214149
52375 2 4.382043328723849
44737 1 4.692512287991859
204176 2 5.231748999242477
22258 23 4.115434061643824
33724 59 3.3242680042970383
12986 3 3.875662548225759
52390 5 5.805732245614361
27510 3 4.205844287987145
33652 16 4.0194999113434955
52519 1 5.556591177220175
209661 3 3.957642290694076
328218 1 5.655917495471248
18639 2 4.642421562199888
61864 4 4.928234297222958
25987 2 5.296571115965254
23671 22 3.801403207364735
54137 1 4.242760135929266
263732 8 4.4679296079581
34086 23 3.550580702057467
53055 6 4.116164736164736
63358 4 5.263659967862091
32093 2 4.710204107208717
265383 6 4.1350759422116665
11245 15 4.442629005505926
196809 3 4.848578125278762
60112 2 3.789002731489779
60704 1 3.753144995371886
42036 37 6.89004284031697
268037 5 5.82320823514666
40447 5 3.8778664234532374
56703 2 11.380126830975078
196904 4 3.949554280514419
131098 2 3.9453750141585457
37140 18 4.0679466987620705
265330 6 4.384981278888568
264862 5 4.186318925869889
25471 6 4.764561933231884
44626 5 4.661793458237567
45813 1 5.719002329278397
132960 4 4.625755050498903
36974 261 4.601806119152931
196699 2 3.949393690847138
59615 2 4.53936037577554
50818 6 4.073616737659096
31780 1 4.511066831021874
135250 4 4.920564323147336
34759 2 4.004702666017698
203365 1 4.804997817526054
263967 14 5.619477514515882
262592 6 5.270103010922645
327960 5 5.1052383379396
18690 12 4.39275447286483
38756 3 3.640363288145546
5602 72 3.6219000820838905
264933 1 5.334757216571666
266298 6 4.510305713592186
208746 13 4.56649372339953
32474 1 3.8014561291654885
50060 5 3.5876373620111623
32776 4 5.415982819260131
35374 7 4.676797622767389
4983 132 3.995098966219986
205986 10 4.164223070114145
268219 2 5.305518414027229
200941 6 3.8457475255175844
265819 10 4.749537380321521
55668 8 5.870469775011718
397146 2 4.279126473453142
131686 10 4.9570624155254235
18128 1 4.487690616262045
264853 1 4.586708247892458
17616 12 3.913068617319265
264380 5 6.066944875806961
266313 3 4.637191344801706
267818 5 4.749956762386018
134256 4 3.5860405587911126
136697 41 5.938053867867394
22528 23 4.2014889678960445
57745 8 4.861698120355924
53216 1 4.741221504306635
26780 1 4.335659953985076
10671 4 5.178419693280501
23935 9 6.274973662233419
23198 7 4.440081382766111
55446 9 5.577726079534569
199342 2 4.179243827649044
36511 21 4.214905951489387
138242 4 6.004141444572721
51477 6 3.706872136360922
59705 3 4.595802415108001
208127 1 5.708546365914787
265165 1 4.185993835764977
200839 1 4.58366004997135
205881 2 3.2153937273556346
21461 7 3.789861508959527
52583 2 5.573414679370803
394036 1 3.9897158520805736
25928 5 4.010495299352398
266634 1 5.183050206674494
24232 12 3.7810410460063095
51272 1 5.043184994170215
266772 4 5.034302094548401
264446 8 5.507121335643065
202775 1 4.01107677207117
17983 11 4.642593886677294
202850 1 4.128380633546426
10384 7 4.3774879722509
266357 2 4.158961824130266
50483 1 5.375390524336973
265430 6 5.560703440274818
59495 2 4.64453994192162
60042 7 3.5144362328228684
136618 1 5.630717940113465
139483 1 5.921105898298016
47974 2 4.5335322388274
40203 1 4.438189984618556
38771 9 4.366324026838126
205743 1 4.668958998187242
15276 1 4.01344161419961
21569 2 4.770234538161468
26484 2196 3.563806342524184
21680 14 3.870909560858018
2907 624 3.4844791904646786
56933 1 4.991351515581208
251 1 3.9064544710600146
46019 10 3.9830263500521736
22732 4 4.429416132106495
265841 3 6.354448225573665
269547 5 5.701672102415299
22023 23 3.558367909276081
268326 2 5.259765269796181
198484 18 4.075577492014853
262364 1 5.397108252780522
266243 10 6.452293567441286
266544 6 4.764636622056262
48667 3 3.815290568616266
59505 1 3.9701382773858143
27229 61 4.4060015488049915
200761 2 4.192489719275434
395759 4 4.282685345616684
59989 16 4.042694945191685
63321 2 4.552070781627737
33639 1 3.818671147012691
18872 5 4.070191611929147
203882 4 4.014712721934752
208828 1 7.931099896035791
393369 1 4.8032789095596975
37054 169 2.8809553267578942
15293 6 4.312153197597134
265548 4 4.349238305254316
2792 11 4.027272589540581
201589 1 5.574869609743558
25888 20 4.605399870413417
29017 13 2.8324234995340003
54700 2 4.546448620709705
47474 20 2.9077941335367763
135642 1 7.175889984637298
35781 1 3.7677985354572483
133678 3 6.016522488944493
20973 1 4.0078284468678556
19215 10 4.258091148754166
51709 1 3.5137173244316093
265686 5 5.333099329338897
28615 31 4.949687551810485
61466 12 3.7990413277840327
267492 2 5.3381849690758685
11340 115 5.083800274232045
19393 4 3.8132700565621294
268719 6 4.3017682586367485
265475 8 3.8383599953211225
20248 9 3.9579301336700077
52558 8 4.651595368728281
43297 7 4.105991847166076
210142 1 3.815265019363986
268779 8 4.766056060783994
49001 2 5.097565074303242
264650 1 5.478949904025384
201691 4 7.549774253430629
29141 20 3.1309026603180476
131394 1 5.1978789696625105
267110 7 5.302941687970993
394996 72 3.451126215394752
52711 7 4.694259180027639
46341 19 4.31927927739044
22600 8 4.210451825518582
47564 9 4.306100342228342
17456 4 3.0313208078645535
196678 1 4.6151044347672405
327858 5 4.742964510543028
263626 33 4.146173558407883
57755 1 7.931099896035791
47124 3 4.514984693844747
51591 1 5.260038067411339
1777 3 4.198481256929532
133394 2 3.8442269683001977
131348 5 4.214675154446859
266090 1 5.698913796779149
263415 11 4.306939701537901
28375 2 4.336640996885853
135683 4 5.00641237419152
47445 4 5.3401971628829035
56904 1 4.0069721284007
52822 3 4.7063913408862295
138634 1 4.011461384503083
20189 4 4.957718925421905
41979 1 6.367261904761905
42838 1 3.8201212460610954
13662 5 4.653581463703474
138654 17 4.83735685332448
9136 11 3.1216132647897163
46649 2 4.603622865502621
19841 1 3.8343186853285376
198480 1 4.125225898440184
137594 3 4.941019006346388
394989 10 4.270383287275759
203944 2 3.9296187601442503
268990 5 5.63091585231757
131283 11 4.408321992848867
27478 1 4.440551250803352
59501 1 9.005118060515327
37181 2 4.518047828046285
42835 4 4.794685777641443
206896 1 4.535506351278109
393667 9 3.155539215065142
136635 2 3.5836649351530308
24748 4 3.10383631713555
263033 19 5.347266648155518
133378 27 5.036787277939561
327805 3 4.9856333837059355
268372 8 3.993782029619094
266465 2 4.094189051504737
59493 2 4.092509253201302
1464 12 8.471764567111139
137991 6 4.246161567121938
264889 4 5.595533213180287
197023 30 3.8730643770951034
42962 23 4.602274944603111
28857 3 3.7540330372855393
267018 7 5.421149956088756
47631 15 3.9645523351915832
263478 12 5.072324686318024
266106 6 4.981973846259562
48472 2 4.505903708296844
59797 1 6.747735857758899
200432 2 4.483863857194337
15583 4 3.8167076463906926
197020 1 4.0069721284007
24997 11 4.599127389831723
47556 1 4.06787603930461
269369 8 4.879657476440842
45418 6 5.574426332284977
44244 374 5.086087741287515
16228 1 3.9933744282483783
15866 8 4.046180148613372
30737 1 4.490885007849293
18105 2 6.018916782659474
264404 10 3.8607639986696136
131467 5 4.755549040916778
9186 33 4.627379204062196
2824 22 3.8719759244545227
9723 267 5.107466841619301
209077 2 3.811342294401346
263812 13 4.124604614098716
18393 9 3.754205489448453
204979 2 3.8185962859476468
63991 3 6.075176978328238
25184 162 5.6034718765630265
50174 40 4.028742727133098
25154 2 4.085080293612664
17149 5 3.946162760568289
56796 4 4.728801147905901
198424 4 3.652625259898776
6074 1 3.8658851730280297
13775 1 4.884543212494905
134887 4 6.016636884562503
269001 5 4.818240858764873
17085 2 3.4252012953902016
396940 6 4.226465169694195
17485 3 3.958822108517901
135226 8 5.2523305257238055
262801 19 4.21003617821515
34993 11 3.64983639037066
265424 14 4.677702841707249
29033 6 4.1202594101582815
3644 7 4.204528035911239
394480 1 3.7888526762418397
50893 1 4.315105247800069
394953 3 4.76495487152764
15856 3 4.866455233953008
135852 8 4.615980782827587
19409 5 4.19847684658165
264644 2 5.903662261839601
50894 3 3.710364651124886
266005 8 4.125894317911911
137081 10 4.071379716185818
57864 20 3.9379203586881055
328556 2 5.0457281742709625
56784 4 4.257532568659066
20533 65 3.8181366479092183
197519 4 3.803604013945519
41466 3 4.298362985409567
44314 3 3.1359334047615226
26054 14 3.5667614893338953
267171 7 5.276699799172901
2653 27 6.461596179368136
7616 24 3.830290788157414
41403 7 4.470935546401283
41522 2 3.797764001862969
53687 4 4.5908415134400355
52932 14 4.7744397634878775
59816 12 3.6033732303494266
55009 4 3.0198842958120014
45734 4 4.209396782022456
267941 4 7.202069051653004
16202 18 3.7624367620059305
51324 10 3.6865274045837104
397423 71 4.423208476847651
28737 1 7.753357260500118
48696 13 4.663639182811202
265012 1 5.007807963223604
51385 1 4.874312988598702
133083 1 5.860503971942718
139797 2 4.8800768990177845
49270 1 3.854652102463162
393456 4 3.9724112849866255
132615 4 4.046507819512944
264076 7 4.004253518064896
62301 2 5.581967787731335
49387 4 3.920849908753134
266776 1 7.02869402419299
44791 5 4.41495360183641
9303 38 5.023852753560128
48698 4 3.7639179648256724
11333 2 4.204200747353336
56482 1 3.8570799869186967
37503 2 3.703558475847695
57433 20 4.285520665842217
51836 1 4.398718436421086
199422 8 3.8490156644559357
200028 1 4.122564694043435
56122 2 6.199909260570743
57820 1 4.414435981051433
35436 1 3.683663955092527
41800 4 4.554750122831838
132482 8 4.684018840287995
198050 3 3.9598548938606464
30768 6 3.9316133688099084
3204 15 4.30394444377439
201244 1 4.08373417967598
26104 8 5.183870630490738
29457 38 4.276404727858055
134826 1 3.967791165611543
20865 4 4.038479517232325
267753 2 5.8813274285010735
23160 4 3.900224736238885
19373 33 4.7836529424309795
58398 3 5.41390909403143
265460 6 4.570752643189102
34287 5 4.363964054930442
23411 1 5.2376299941468245
37172 12 3.6199524462364225
8508 19 4.142678138519302
265390 5 6.278896046758586
201071 3 3.854585865090508
395898 1 3.818671147012691
36266 1 3.8066492429300305
266521 2 3.9991421521511037
266297 3 5.711919094266058
23749 18 3.8645794306752994
48137 9 3.6195864318066677
34714 22 3.611993385487786
51984 24 4.1120990561466755
2263 4 4.210340148042387
267875 4 5.193962569279554
394887 5 4.717064354813251
204311 1 3.844905927258868
198343 1 4.848837249765686
266169 1 5.204714266015337
29994 8 4.314042676862804
51277 4 3.703114281944759
5404 36 3.235988046979996
45872 7 4.446154839937883
196660 2 4.302990437149473
28294 168 3.6184263171620055
54889 2 4.218526187368552
10125 2 3.895998113139279
6492 3 4.484613351304059
14201 29 4.213946396335537
31600 1 4.095887201948283
57434 1 4.56788175395901
31692 3 4.220730759635271
4508 4 3.775624864941166
54433 1 4.672963935353097
16145 7 5.013155493150952
8684 6 4.006591959147638
28141 8 5.278712012564962
4208 11 4.273644956054071
46639 9 3.899187510882395
61183 4 4.359647081206154
265599 1 4.46861427955898
16125 23 3.079871613197134
61804 3 4.29463057655666
47273 9 4.590672988306188
18144 22 4.71973149876969
58362 4 4.886175041974102
262344 3 4.820751471145624
197119 1 4.956319506795621
204625 7 2.976947787046755
13615 1 5.164709608946063
42929 8 3.4484116600732917
41269 3 5.095521397115692
3326 173 2.8802325648909424
197882 32 4.690197051516441
22191 24 4.085796049812872
13289 2 3.7438202190038785
12007 69 4.27377459021375
35047 31 3.785958235616449
267028 6 3.533506320593078
60181 7 4.521219334019869
266307 7 4.945623837209151
46598 13 3.402507583515644
32788 1 4.007136540996699
63843 1 5.906293936629398
262532 28 3.8944570397940415
47050 12 5.2885275297045515
132932 3 6.013598902769675
34665 327 3.9756223283861867
30305 21 4.18342466754281
199014 1 3.727136554908411
6895 4 3.176397640954403
30952 3 3.5453404736314154
268073 1 5.283560692181382
10333 12 3.8211244907055892
18624 23 3.748282506323841
197366 1 3.9923554114730586
131477 28 4.372558502476979
6949 50 3.870146990728917
45650 41 3.6241574486369257
33064 18 3.9736104039843076
7727 8 3.7734147876073947
134277 4 5.002151210179526
208444 1 3.335691124237922
135053 1 3.981079901686531
19397 148 3.7281801567347452
204238 1 3.928026603014061
268869 5 5.275711112918359
15461 4 3.0376442272055306
138816 1 5.565428091640092
31447 1 4.2593949956853185
823 11 4.01567611016613
14543 14 3.6285924231529654
265355 3 4.920305639992351
16906 8 3.7721207781041644
54781 8 3.9066476800749466
55628 32 3.906893812434323
137631 4 4.592190350357572
43481 1 3.761878679592197
15719 4 3.9756751467402873
22523 6 4.470104900470099
264366 4 4.943639297210726
19730 7 3.830986216155451
14011 6 3.810535523580318
2011 2 4.124958630764032
202391 35 7.896535191738939
23659 15 3.933984083438335
265688 4 5.451141618002018
266726 1 5.769437156530752
58866 8 5.041400776512488
12187 12 4.18714026883966
55292 11 4.43023871599933
203078 6 4.949489423085934
136670 4 5.9264609291992665
62909 4 4.392516755346178
263418 4 5.075607657361703
263506 11 5.669405822542275
43707 3 3.7718059538157185
52325 2 5.536723066318859
49146 2 5.644302212683974
57227 7 3.722184387195991
263480 2 3.857091836621773
209464 1 4.867233446490358
197095 1 3.8467111198203634
208161 6 4.984217280851268
38476 9 4.042141775606075
32512 1 3.8027040875563047
21928 318 3.458934473125919
266989 41 4.811353707262089
267648 5 4.704198058329216
138694 3 5.54882473152971
136262 20 4.940234115271399
10949 2 4.53236450837739
134050 1 3.583019020221402
50904 5 4.751063228752418
42205 3 4.359269122069987
62597 66 3.5710963978095536
324 15 9.463936247508332
135277 6 4.508339057848132
48695 301 4.827335839957166
266219 6 4.539277907890837
60607 2 4.823023481718064
395650 7 4.160026424388375
62405 2 5.258295083819301
268246 7 5.958294425328477
22517 5 3.8173052297151138
53106 16 4.469325312400102
31240 2 3.455726415898112
20656 1 4.0069721284007
266788 2 4.891816853735435
18451 6 3.205938900564349
8419 7 4.08347298430184
30165 20 4.660587471221333
265751 7 5.8054572501192565
35298 5 3.7974753396325776
138788 3 4.692402451876385
47036 2 4.010193602802706
29069 8 5.194689274496824
395925 1 5.070267828322016
49126 34 4.930130011661871
32397 3 3.792353100736083
20112 5 4.81549894508975
209461 1 3.743891153975188
35656 4 4.650829492605697
265781 2 5.741318714926764
59445 3 3.764103549838841
136100 5 4.334849473181818
136983 1 4.526591993119087
266446 5 5.433257151428701
33025 6 4.066742975229679
47620 1 3.704709533280962
13776 27 4.500826376679739
138737 2 4.281829403124493
45054 4 3.9554583897724434
44780 5 4.1628104495491804
32040 18 4.4919885734331855
64111 1 4.89316512259862
266178 12 4.50111967032733
138899 1 4.362094188424237
40027 24 3.3513190262763706
56975 8 3.7918998496736447
14161 7 3.985247617304224
268601 3 4.180044745173176
37524 1 3.7424566589358923
38870 9 4.0547310497140465
25926 1 4.010956284987001
22750 101 4.530574395169368
28308 4 4.106981157449407
59589 2 3.477201403512107
266342 4 4.910832271834225
1778 9 6.799346978318392
137252 20 5.59066751524802
34674 3 4.4197119786534405
55423 78 4.130324545505853
395916 2 4.641725720069298
269267 5 5.223478897969649
11878 84 4.617718965120913
265883 4 6.4046754590038955
3949 74 3.8690045289306405
47345 1 3.853791672570474
61101 1 4.608467118844787
34282 10 3.827867973979609
6775 9 2.9758316192253766
58966 33 5.497740068866237
43908 9 5.099251778838566
328408 1 3.743216684472599
36217 8 4.382385419830352
265008 4 4.561856543646233
206519 2 4.7551983801183315
40828 3 5.082212911867957
57827 1 3.7180636883539426
58087 2 5.344803642125072
394410 1 4.064166892221079
56534 32 3.4130759229585514
10115 5 5.274260248060068
137110 5 5.067547583945322
57950 1 5.400705124104139
24169 1 5.038533337311533
48874 7 5.845050585532734
136461 1 4.962113325446774
267566 3 4.513487776300272
36733 7 4.1853028276416
18056 16 5.3216251583555465
63037 2 3.0420651857271577
17901 5 4.864708576284676
132923 16 4.930760269250734
55516 3 4.688538313538314
394161 13 3.8466656892897655
47545 1 3.944602403617182
52666 19 4.834347880998403
11359 5 3.8117225938612544
264150 15 4.680787906369165
20049 1 4.143564765087322
35359 8 4.758157733238583
21570 52 3.964525944477342
49954 2 4.315158425452545
16256 5 3.8795481177072006
133981 3 4.677386230463227
396448 1 4.155290293541524
27156 1 6.448781157418267
8082 1 4.561071864643294
22152 32 3.8182694941000683
27653 21 4.863445160335126
263896 4 6.551620292679407
1213 19 3.639358749532703
57505 1 3.9634297847424484
30569 47 5.492274762632774
46009 40 3.9000042101153802
60511 1 4.455113634164807
35526 4 4.450440886787572
24090 12 4.752467018814731
206228 5 3.807511131946722
12792 7 3.7614824932056723
39903 1 3.8889349186968243
266390 11 3.4617921317626625
22299 25 3.0658997876305896
201011 85 3.7690787405833444
21756 5 4.4858358520512995
328117 1 4.724918839313541
196743 2 4.677996342282056
396356 19 3.5933240459753857
18971 4 4.179841532390451
42493 13 4.133545085090243
196638 14 4.581651703647462
29899 2 4.26129966641299
63325 2 3.9140098967865553
37206 4 4.530247021755091
55665 28 3.8921318855566476
132663 4 4.668253180609724
263371 8 6.11206572402718
135879 10 5.162996837954119
3475 123 6.460640171714845
196825 1 4.559507486991959
266500 4 4.893910091415739
54714 2 4.772179151354028
62300 15 3.9589339024569186
6319 13 4.194673347423997
262867 17 4.142470788114788
205009 4 4.069032489860076
197595 67 3.0357248004462076
11940 3 4.4456233853771705
24580 1 5.462497819640676
37489 3 3.829748141569775
62744 6 3.317920954160335
37487 1 5.57537137586817
40781 1 3.8021912670434843
58764 2 5.05215860070933
4828 1 4.625137678413541
24358 8 5.101280868529178
14277 9 3.7566184833791034
135440 1 3.5920271973429996
48693 5 4.636983704331095
37090 16 3.8856950855916677
206529 2 3.8190231398261867
18573 5 4.182082118019555
16383 22 4.102511332466726
264824 5 6.641043524590021
42571 14 4.070328757338201
42145 8 4.230591696803454
133393 11 4.804872611909019
267560 14 5.279498535640432
52622 4 4.843619419575154
24068 21 4.843674814757638
47435 1 3.614668003953718
19406 15 3.6426921121870404
136603 5 4.091681837467195
204779 4 4.9039715210916555
138576 51 3.451139543504651
58116 2 4.034270410835403
57799 4 5.089524783647413
134521 8 3.2874449049914167
17161 38 4.192169636064916
46920 24 3.575730140388696
264071 4 4.2004577881430905
31198 9 3.8286885897787224
4130 9 4.404524004492298
133612 466 4.464695435831957
264306 10 4.1715539785833595
50417 1 4.08657454884788
139871 1 3.4551032923372444
137579 4 5.356646196666399
43426 4 3.7803762213658714
14307 2 4.613564596323217
719 168 3.9396877898500073
396141 2 3.0612117004920227
207246 4 6.0658740630557695
53713 5 4.484446709365246
53477 3 3.968391620769863
43267 14 3.611033109328054
34019 8 2.9839537107322833
24665 7 4.100200053184433
134324 2 4.584928255166352
36915 43 4.550840367589512
61705 4 5.061716955012463
19834 4 3.360665373389186
268564 7 4.95288560035748
19711 4 3.2448681573666525
28144 6 3.843465197379694
136962 3 4.495329339811475
26709 8 4.128838925794383
57664 4 4.0833998458102645
26074 4 4.1186539170236065
53904 3 4.138964334884761
39147 1 4.808134521247528
57436 5 4.0871646391790515
263508 32 3.790222108597662
52484 2 5.239925194909177
264429 15 3.7423308992904096
268948 3 5.191878464754403
206863 2 4.542772419749484
24881 11 3.905566870082587
48309 71 7.166422780760172
17148 19 4.689583224331391
262249 28 5.091196912596758
44190 1 3.8006912866156557
57763 11 3.74355444244144
32988 1 5.453513478858306
11046 8 4.9153000872065995
14977 17 4.025607064080022
13238 47 3.154295987150444
51218 6 3.9243864845358885
139049 5 4.2374612589674046
33649 1 4.509694469916146
35357 3 3.669633416780082
264869 5 5.203966862240683
266612 2 4.94558870044675
266287 8 4.1404497349397404
33937 2 3.801754514711326
33382 1 4.8770677926342945
47505 3 4.553580665625483
32612 1 3.8227825637842057
3299 21 4.331360500434381
51012 1 4.1035723599663685
3561 597 4.503575942510329
22636 3 4.2919412991145665
132166 4 7.016522488944493
201495 3 4.015039266528535
199407 2 3.9473402754763933
136034 1 4.595230452968549
28693 2 3.757587299582374
31205 44 3.8953833915643448
10846 19 4.2270459261506
204991 1 4.212539662078833
56603 2 3.9664686470637953
14558 1 3.8830068293201934
198213 8 3.9559175072686834
135773 4 5.909375501209332
16652 4 4.024839861886442
201493 3 4.744768592685446
135000 13 4.692454336345839
52111 1 3.883534444330832
11802 20 5.347952840903252
48092 5 3.374248564271555
56308 53 3.495011400306002
18734 119 3.6076984423609044
49317 2 5.636674897621502
3244 3 5.548325529695792
30910 4 4.676820951716117
41118 1 3.818649592499659
19116 11 3.301779799725339
58283 1 4.607363579760262
60909 3 4.809611427865126
57299 1 5.655799414315226
28905 2 3.828097539469721
263036 5 5.358153002246158
33478 9 3.8102251436180667
45648 68 4.96097088723838
9797 42 4.298173285711108
8523 6 3.707105920831279
47755 5 4.380490317143377
39555 2 3.8613154037378656
5461 1 5.975769360926503
20516 5 3.707987594057979
48276 5 3.465708740068976
56896 1 3.720993277143668
202269 8 3.8367129461861387
54393 20 4.692193475635636
671 1 7.4874531172622305
8359 135 2.8656137484477164
35899 2 4.643359828458351
265944 4 5.448943142418304
16549 1 4.622955529236317
327912 1 4.503159585337455
18743 2 4.8928274298225025
135401 7 4.405702291181681
53382 1 3.9618663857947585
196664 1 3.8932861792467706
203797 1 3.824317504779689
51858 1 3.7624849356316243
44990 1 4.176769157680487
262536 1 4.987753096201373
10745 4 3.3783136354777112
49758 30 3.888896275436295
36636 1 3.818877290075977
197526 1 4.3482197276503065
327920 1 4.944662162519305
266240 4 5.63840553888855
56673 1 3.7040000488493683
397075 1 4.564208753953974
44024 3 3.9483812489369927
29636 2 3.632209600338889
11516 54 5.204026464596222
50590 3 5.477039572309133
203735 11 5.108901465482791
20028 3 4.086489833058251
57778 5 4.745025965640548
21308 3 4.549275140288966
59601 3 4.594085375109278
262487 3 5.094852651281224
14732 1 3.9769443191364373
1488 7 8.47258657620065
209709 7 4.860805101361507
264582 6 4.4054953643133485
53931 1 4.904733224265245
33270 1 4.070199999322119
202196 39 3.7194448993345
50198 6 4.0718112367058445
41578 2 3.8620195814166736
37129 6 4.720104084100457
9500 38 3.0162030269683124
8122 3 4.863701645736337
10273 19 4.2299948150329
134504 1 5.5804711631066315
52520 5 4.238085222348619
48877 1 3.704806569092283
31499 28 3.3174575519807945
134847 6 4.959015820059262
205304 1 4.800511120952189
28613 23 4.106578467005998
203268 8 5.246125952125207
18676 107 4.2765069311128245
5323 11 8.453168522895739
395 16 6.469141576825642
51165 1 3.812307929099405
38880 66 3.0084938109381225
263569 14 3.5901443075943393
54184 1 4.322231505039387
131790 2 3.9610049357528347
13352 6 4.972208269108263
30257 3 3.913915864467658
133796 1 4.393824370613474
198568 15 4.3067129003777564
8999 8 3.801799511812752
16648 2 4.463400555719254
35832 7 4.1242045679252
53811 3 3.937490020470316
11067 20 3.903369987376164
134897 2 5.490681287407479
11769 18 4.650119826515733
55616 10 3.958921128215513
32770 2 3.853283160007298
47143 21 4.074205434128057
396457 2 4.506116180729094
26955 11 4.147987018193094
395183 3 4.167432627681126
29704 4 4.159878995069882
263591 6 4.387548985602806
267458 8 5.44926900955316
203313 1 4.085786221586913
52647 5 4.563160468415677
28637 27 4.131982348319191
9213 2 5.51522126173064
133950 3 4.992367584306692
133957 7 5.199985083947577
22666 1 3.03866382518294
11127 19 3.133923878394429
49285 7 3.359077513883524
133698 2 4.619736052271971
47094 3 4.585443604964335
43951 1 4.333606721399899
133983 4 4.591564983931932
35273 5 4.5770057509029085
19435 18 4.7294199684274725
15102 86 3.396284459411972
24012 23 3.890980752113867
3424 3 3.9059017987175073
28627 1 4.920461668387935
37508 4 3.7698533094345907
12716 43 3.6603327914253376
395127 14 3.3047886347514037
32493 1 3.8021912670434843
22869 28 4.232812143661574
136282 2 4.590746666821611
60404 11 3.8316206419696863
196659 5 4.805858633826273
9536 4 3.894320365919194
25938 6 3.8780378288383432
264899 5 4.697727020883638
7298 6 5.72814268219479
288 96 4.007947857684649
42146 1 3.86324253513663
31151 9 3.606339840169242
267552 10 4.323804303474408
11827 7 5.3392002023022185
32715 3 4.101777156396902
268494 7 4.57090324095537
264354 6 5.715890142472147
42579 16 3.3041267438285176
49798 5 4.273768001731874
44860 1 3.961194096908382
201909 10 5.020010894606301
13663 1 4.1819877504360266
55702 3 4.922394521755879
30749 17 4.116625194220072
268860 4 5.294243624355799
43714 2 4.026797396486153
2731 7 3.8223703697154128
30200 17 4.617081875278489
18515 1 4.521105085390801
267355 6 4.7423616632352745
33877 1 4.502018440417455
23923 89 4.927458683730108
803 96 2.950217457235202
23699 4 4.274768618551369
52652 3 4.2602225491635775
52995 7 5.175069843367392
48611 1 4.79964096749811
19799 6 4.725672973229216
136690 1 6.930365157557276
42059 1 3.7747542325972723
204961 1 4.895087600003115
137077 1 5.033228823780857
12062 2 3.962227962049192
133151 1 3.8706319246052527
20929 2 4.365278063480033
199398 3 4.342880491650163
135292 1 4.0524772087518395
139401 3 4.216431769311415
38011 8 4.576316784686457
14178 74 3.6591314197081966
51428 3 3.9318166075294583
58921 6 3.8507709110324804
22631 36 3.7926501981798104
41914 1 5.065714576428862
27368 1 3.8174976291725073
10411 8 3.983939825119298
268786 3 5.80030387065208
43310 3 4.672087208953301
59091 1 4.486580615152043
56988 1 5.207632834843987
6619 106 3.72792017549967
41527 1 3.701424194621994
48188 1 4.101949968021397
40591 1 4.740663864387953
18819 11 3.8155985829429966
48932 7 4.355451736013388
17617 5 4.204358671573937
33275 1 4.571694825931014
26479 6 3.6949324269801362
57556 1 4.787467209356609
263438 2 5.273693151385901
41913 18 2.956534155278953
52783 7 4.5049942122992785
22542 2 3.815302441152291
131347 1 4.178667165589545
24507 9 5.014206352043443
269333 1 5.386538396226409
202805 2 3.8329811991599043
4 61 4.222814533519097
199660 6 3.4873312826422187
202293 4 4.975016362887517
20210 1 4.478255301531163
45320 4 3.664991928720433
28674 8 3.565070721180889
263542 6 4.253560495423743
396104 2 3.8181009940615858
265419 11 5.627042699925299
138099 1 5.916858187861794
4540 25 3.76223844915947
12763 2 3.9151403549925705
201672 5 3.890415774906402
41244 4 4.816665702067894
26210 187 4.057063495165261
33754 1 3.8114275088166725
262891 22 4.108068672817172
138734 2 4.737875572375169
28761 19 3.9080232054973756
48781 7 4.052879710858966
26721 18 4.799558201865444
205058 3 3.734449209321581
268176 5 5.645648648797331
58498 2 3.8794438389501615
18460 3 4.1117523941114476
271 82 3.66866539871314
25955 15 3.98614047385509
36242 3 3.0403015172968226
21466 7 3.914526756446073
33477 2 3.9909034418697655
264638 1 5.964687451756417
5666 12 4.780188162029928
11847 20 4.067837397663165
10978 1 3.8129804016728635
266158 4 6.183229037950893
51552 5 3.868954889240504
4859 4 4.496422089846241
268303 7 4.0032841304153886
19689 9 3.5838333156546875
266347 1 4.5588742740528465
49091 6 5.137217526553489
49147 3 3.8789881846477465
18042 10 4.6917851237147605
28352 46 4.333822677781778
34337 39 4.439530387066313
136626 4 6.766633109687488
62605 6 4.012468256440222
39244 6 3.912493195838034
8608 13 3.186971285053993
28291 12 4.244290044035373
21997 1 4.045951037550321
28307 4 4.062475560123934
55843 11 4.408324830947171
7423 11 4.452018544395458
13758 1 4.556924278258168
35433 2 4.037674901991864
61097 8 3.727761211361707
205118 1 6.9255984579568315
263259 10 5.620066579395497
39908 1 3.9231568421935425
58812 2 4.2618309542448705
327943 4 3.7138440434824065
34458 25 5.094811821144589
42300 10 4.40163753861939
265009 6 4.714553726767266
264660 7 4.429523450847502
63987 3 5.886799865111335
50360 21 3.6535417728921273
198726 11 3.0251951955047707
45192 2 5.752962112158661
138561 5 5.08718677034392
43873 31 4.897361520383977
202796 4 4.083812332090433
135551 2 4.108689451059015
51069 3 3.369135594433984
18891 4 4.566123399953449
208877 4 3.9312639772048064
40438 2 3.5797471830609604
63391 3 4.359960094144713
27007 2 4.346429667133113
23499 1 3.8002865051387222
29639 6 3.5045909858713213
38090 17 3.683884858652621
58251 1 8.745242280525535
37664 2 4.773622138215735
209900 2 3.960914645631742
13534 2 3.58129826369029
5503 16 3.037756513580695
20705 21 3.8997613136283564
264769 1 4.501073969817812
196901 1 4.7809665114775
327901 14 3.5972887082415443
56134 21 4.935723097149439
27419 8 3.8653275033998
262656 3 5.888327331874751
10916 1 4.503614233786648
3252 3 2.933210542593002
30243 1 4.3543492222063644
133671 2 3.608464719317433
269313 7 4.374685450283922
29921 5 3.852830407168753
198844 1 3.676067251866826
20804 16 2.76454806196764
24864 5 3.334837212575093
19239 12 4.708772999210687
29124 40 3.7932941021910667
2687 151 3.5236919525478547
58127 3 4.916655267680217
22205 55 4.706455390842172
28156 24 5.216881329454608
14222 8 3.844621469117879
20464 38 4.465464095438479
51443 1 4.533259639813007
47789 2 5.077214307678389
265673 4 4.750237161767154
33544 52 3.666003530060191
41902 10 4.482814420781437
30164 25 3.3870174411231497
12658 14 4.438885181215409
38861 29 3.739835729557833
61646 1 4.587812023772615
56333 1 6.093785300518676
210055 1 6.425106110820397
11357 2 3.8345844546305377
39500 6 4.106230226515689
15008 14 3.892904361818187
134824 14 5.576409829827643
1114 1 3.964862518988834
132757 13 5.597021947922838
56276 1 4.062646534841732
39341 1 4.565464253559491
135372 2 3.057513400853737
137654 4 5.015611608548272
14430 36 3.728756186503774
55827 3 5.00905815947569
264898 2 5.744185714953131
52871 54 3.9810527880465476
6606 8 4.625721224970391
18973 7 4.334064674818475
1538 16 7.466474396656658
135832 1 5.017840945620091
12637 61 2.8989578838610974
198433 13 4.115070044255312
393385 2 4.540683078402999
327919 1 4.514684178281652
137893 5 4.0
2683 6 3.901740639982929
31264 9 4.009949528054057
37720 3 3.674500890063043
32372 5 4.008251694684787
206468 2 4.8541946839265755
58652 5 4.4898142035780655
138544 4 4.119503292696389
48097 4 4.013145568544244
23394 4 3.6504055769484998
265275 4 5.130806155093635
203447 1 4.449146410701032
269487 1 5.226260026127603
262342 9 5.1114009021808595
327822 5 4.069272962060386
265640 1 5.425785179972372
53508 92 3.9761786412431945
41727 51 4.392430473087522
264231 5 5.3248033704016375
23727 8 3.995808819987339
611 44 4.430146695272433
395667 14 4.586552804164059
264747 1 5.0121480808159795
30303 6 3.7885314021179735
198936 10 4.6117540246763316
328089 2 4.169822031947588
328245 1 5.129501861907213
134376 1 5.855609209695497
263981 14 5.2735936690611
40654 1 3.033894101201393
3856 2 2.17736580984578
263393 9 5.307612717642435
5073 6 5.202493690172262
61673 10 4.067926101848389
5329 2 6.462273220910331
21328 2 3.8415749594321023
136867 2 3.5611889882418226
25091 12 2.6206875571331687
15953 4 3.924560317087001
264500 3 5.364969394852291
32115 1 4.762142314141492
52843 12 4.568757312483417
267947 9 6.000779097673058
56374 1 4.564249903535618
39373 3 3.499906897295569
22611 78 3.815073138326704
201180 1 4.5903748601942365
60731 2 3.735090990089109
9249 34 4.918068819081293
24763 2 4.065352636781208
63233 1 3.879309800613564
8360 6 4.794120414008149
263104 9 5.988032445609552
494 57 7.463856086744548
18456 23 4.1808054966870385
13769 1 4.770123557036529
29353 2 4.42090244811599
35307 1 4.512137873149778
61841 2 4.856600714457255
31609 8 3.897488520623818
12269 4 3.681408776741776
17873 8 3.9029959160999796
203992 1 3.896595003392239
12709 165 3.6488923099203228
137498 20 4.971034959135979
29705 3 3.8183930156161887
132602 4 3.026560769338355
34589 1 4.286895258545505
49701 4 3.6288466545755433
137587 1 6.017833726208111
263022 5 5.290453696310214
13620 4 4.67139310951448
34314 1 3.920849908753134
136875 2 5.311647830139826
206325 1 8.747046032329283
267961 4 4.530218236425132
266872 7 6.227909478108196
203204 2 3.7748955736324246
60578 1 3.941446511889861
34995 4 3.8812260323647143
28599 11 5.482671523655596
262913 43 4.42168019218933
8437 78 4.519171060758682
32444 68 3.075856522138591
11336 4 4.0928750173734505
132520 2 4.65599832404658
16320 1 9.006507464761874
41256 22 3.973141826363846
32708 475 3.0389482542670785
48459 2 3.7207447814155126
262847 28 4.137029829738867
395182 2 4.764823348125666
20331 5 3.8025361147173866
266591 1 5.438273556705413
51653 8 4.440488835953518
51338 3 3.8131250036786857
35366 19 3.524461541175082
138336 2 5.47483546187507
24350 5 5.588227922454254
38077 39 4.556773229755812
201497 1 6.243043068043069
59802 1 4.018139712025161
203482 1 3.806941940562631
17185 10 3.3739416225849377
37327 1 4.777374903449752
20050 1 4.278472695886489
40092 17 3.6000997082358843
43666 1 3.4527009643369087
28959 5 3.923287123575791
44649 2 3.8548682201908013
1689 17 4.265596873495611
28348 18 5.443613213976955
28859 2 3.8243859955096817
7577 21 4.526762642061304
26956 2 4.420398921334495
49251 4 5.154581199063691
23657 43 4.110255150328656
46104 1 5.324169741617369
263640 7 4.05374422174607
44022 49 3.7954884746145274
134888 4 4.649548527083089
33901 1 3.91415096661402
267053 3 6.235118779438455
197508 8 3.806115850889578
64443 4 4.753755378675329
59789 4 4.320912170002261
10584 16 4.088956707097586
136055 9 4.2249162983321655
263868 7 3.954822868811644
133109 2 5.6974152324611405
394124 1 5.3607137143097745
1680 117 2.914390437187989
2018 329 3.1299776629045857
266478 6 4.686364195411174
3281 2 4.949844941033466
51026 1 6.880013640795136
26419 5 4.705603823021935
135327 7 5.9396123815316475
8242 15 4.039025632087534
33363 1155 4.128983618708009
209173 2 5.859228362734205
28109 3 5.588257506997701
206189 6 4.031732568980124
51857 5 4.958733900073836
35714 36 4.359656517647574
132080 7 4.695008154581641
51318 6 3.9242686183697644
24642 16 2.929126918906624
35503 1 4.938730590113077
45973 5 3.911914290532997
53264 15 3.00782540004818
44356 30 3.004402478129547
63689 2 4.822575540417915
12350 29 3.0027129582118692
16787 64 4.284313281001425
263275 2 4.166244525483979
267135 3 5.528660098569779
137908 1 4.015401743052439
264570 4 5.005911103482026
203883 1 4.794955936920222
18822 235 4.470579592848213
267124 20 3.3708051565639385
21708 2 4.811637573798935
199375 3 4.536794475821569
53205 16 5.130560794823509
37369 3 4.707795770849959
25237 3 4.391104313492435
22284 292 4.210441814764593
39354 6 5.891381215530954
56484 14 4.801535455671004
265085 6 4.644281764341863
264307 3 4.917715768759858
266308 3 5.726305362238081
8620 2 3.8940871231169405
263286 5 5.386359521364643
43016 3 4.254516276465451
10803 1 3.7380260519568305
57432 1 3.863971034261389
200030 13 4.385386771259617
208984 1 3.814303950018236
62846 1 5.2220400544538474
33729 2 4.102222723729473
36917 7 3.6137746161582127
132931 25 3.7891061943390736
52768 26 5.734388285023083
205500 3 3.7843841702023324
265638 5 6.730008780885366
132342 3 4.194242097253088
393290 7 4.315991551540687
15580 38 3.8951239470541856
27534 3 4.786975864301247
24424 19 4.583007738332383
19994 81 4.38707144483205
61572 4 4.184186730058358
39300 1 4.72186173614745
138652 2 4.606769249300713
198068 81 3.5132236395365677
264928 3 4.972421896357886
62706 3 4.304975337615152
15122 2 4.258684172969886
6838 24 4.444798975668672
43853 10 3.351048470455397
209380 4 4.698615384114153
12178 7 4.119221139768247
26358 1 5.518767185993171
267115 7 4.799352613164712
6789 21 4.799081434681066
24806 18 3.7454907360283434
34278 1 3.843514725237415
6203 10 3.8685092576862004
137883 5 5.292031403842863
15596 1 3.8865782912580946
131463 2 3.597984522984523
52151 1 3.7555414178201523
51308 1 4.540836706593008
268531 5 5.01877797208776
50694 1 5.181497447463833
265473 2 5.144756137402132
199733 2 3.8090636372845035
26388 6 3.8041530815302154
209507 1 4.612635054021608
208386 4 4.123643156459547
46558 42 3.711098388506241
136948 1 5.587625840188478
46576 9 4.74426944986332
264843 2 5.803252216494288
15937 2 5.201229347848804
57507 2 3.751459106747581
267992 1 4.8621624705368545
6342 20 4.4754576332894
53066 129 4.96403076930607
9254 1 3.949873366355986
205499 2 4.716021665123843
201048 1 3.127897681933751
135038 2 6.119660212434299
18817 13 4.342008188340053
395516 11 5.108587909666246
202562 9 3.422388745568596
15685 99 2.991133667645777
266270 2 6.027711063583588
23667 2 4.830063079832793
268632 2 4.977736133948103
31130 3 4.438722894756968
38759 2 5.004503827392505
22937 7 3.0026358160382762
13039 10 3.406192460581378
53061 32 4.228157337468103
39567 7 3.698214557837713
14754 174 3.762496974914658
50616 6 5.3513441935822925
198822 1 4.005903146297236
262928 35 3.896996818595789
9036 11 3.1756548639196547
50058 1 4.318239673491774
328515 3 5.28451192405308
50913 1 4.75961169220611
13938 14 3.965914786106823
205946 1 4.699138655542597
395188 2 4.298147979767225
202126 2 3.8231905923295724
16679 1 3.0400052068060117
327891 3 4.821866502440743
35454 9 5.793993165262052
27837 50 4.951538107848248
263124 14 4.177618177353518
133476 5 4.054480297693
263261 3 4.222563301607821
19470 3 4.550534043790198
131316 2 6.271833695333596
62874 36 3.1520103624083724
48961 2 3.95683233703925
61692 2 5.902452337899881
134177 16 3.5903431295788204
200709 3 4.491983592844332
265176 7 5.478147232222442
204685 1 4.546153013197348
51120 1 3.9406985430794954
48385 3 4.700138766953066
49388 2 5.397383847829567
28303 35 4.211350003246905
267503 2 5.5513949450284
42665 3 4.450035157852286
265116 3 5.173143930080726
18457 2 3.801939580745286
268055 7 5.889626308435189
39334 9 4.190577651515152
135459 4 4.462707856511289
26613 9 3.8194441500446055
27988 19 5.042706318715193
51361 1 6.495841500073847
60918 2 4.9376577940399216
268728 8 6.388788281809793
264510 5 5.791870376666069
16677 17 3.93766493808311
41618 3 4.487232087565476
55933 206 4.627453386113167
264364 12 5.162872152222003
40927 1 3.5863556031710804
17841 678 3.8039989301851214
56622 2 3.9907969730681865
264680 4 4.750607831054547
198518 3 3.8857146583675766
264529 5 4.8110704208596795
44754 1 4.001418531040469
262425 1 5.436551710928235
17981 8 5.450704459278397
55488 3 4.9220465589513696
134008 7 6.546856140909951
6072 14 4.178466966537752
45374 37 4.999190925082533
62240 465 3.2242663086091197
268648 4 4.669045551514867
204500 1 3.739855682692929
4266 58 4.20030732169065
23570 59 3.962187177085666
209992 12 3.9272695274148655
266894 5 6.557495783663036
268740 2 5.214775034154044
196776 6 4.065458640454973
328216 2 3.7680244304510446
206973 3 4.27789867324176
10697 13 5.891355989484329
49082 9 3.994385170522953
203389 6 3.6250619660870496
137951 38 4.570074343369572
23207 7 4.688766753128891
45121 12 3.9057476222303946
203290 6 4.286766044563773
265414 6 4.349268591589689
36068 14 4.2128155143823145
31088 1 4.7629266790557105
393648 8 4.643506740072291
268617 5 4.705742981761409
133477 3 4.8092723459044215
52040 5 3.7013476026876524
132599 7 4.530255299224233
265700 3 5.8000127972774305
205521 3 6.190276691878924
1217 6 4.326760944221581
55361 14 5.090922030119701
393558 2 4.832986170862162
201781 1 3.8199843863529526
201962 4 3.546248732011437
199042 1 4.317269586877429
16780 6 5.000535625502131
202590 1 4.385000713735787
48853 1 4.762670662670662
42122 2 4.061628431134103
30803 3 4.1963162475070135
36354 17 4.164936892706994
59134 5 3.822674402788284
198509 1 4.3576850505421945
263948 7 4.654839138343762
29909 15 3.5678374106871074
328051 6 3.650643164895584
204244 1 4.472484351021615
200925 3 3.64717513123066
264284 4 5.7904807765457385
266458 2 4.1466280067603165
10896 6 4.617860994920325
31856 33 4.01432637560952
61517 4 5.727013062169313
263308 7 5.006280140782682
18064 1 3.908338946059897
202376 9 3.5322064765628705
202764 2 4.760350760350759
267001 3 4.41691721659592
199888 1 3.812061949074185
14564 1 4.293800247371675
267286 4 4.178676569738653
264035 4 4.749539776682065
50171 4 3.9339153928027337
13672 97 4.59073391016454
25594 1 5.003117213360439
28636 6 5.314525038897246
264527 8 4.5857648822002774
48661 3 4.533435089144941
268207 8 3.696682313782843
14627 4 3.678446451068771
43341 13 3.085566349194673
49336 1 4.529994405420846
8501 9 3.6020373768249065
20718 1 3.0153848151500733
26662 8 4.146550093464737
22691 50 3.404944396580707
202052 3 3.78709816552269
266449 7 5.492887208463528
59953 4 3.491319800073655
139073 18 3.9376514298105265
42424 4 3.7584807326525307
4864 16 4.554904542433009
203922 1 4.763247863247862
55653 27 3.705631891205728
136956 9 4.598706688993293
33831 5 4.133025522209946
61680 5 4.0154665940009275
6621 508 3.945393834812341
393439 7 5.4276927695422295
17025 67 3.953233844875807
16695 9 3.6096635171110374
61294 1 5.549674733221532
26881 15 4.59294482159316
9335 59 4.653213177300062
30193 5 4.8493751097861875
263370 5 4.467566028323337
44634 2 3.6391435070442704
26582 5 3.859262317611645
25595 2 2.6195353917440385
21442 1 5.1190287226001505
134133 1 5.256081866872958
23094 6 4.23791533655363
36589 3 3.838835153890364
203459 5 7.295587061161029
203687 4 4.302342727561786
135590 7 5.540118173857779
53888 1 3.80973364842611
196963 4 3.764137369951323
27879 39 5.117167899956708
64300 10 3.973513596200724
21534 30 3.9552203914521336
53591 5 3.415054042318471
133359 1 6.762660585226508
264415 27 4.272112358007757
23007 2 5.359903419054861
7748 2 4.533071367051791
51280 3 6.051160720312543
26441 2 4.520456107904674
52777 14 4.066760478158545
11471 2 4.135762772884756
136355 4 7.007992410246347
197231 1 4.0361432218575075
10271 13 4.360287421112255
7254 5 4.2945072240874715
24060 9 4.82196668191701
198641 11 3.984472150658542
267453 3 5.6387517320301
21692 2 4.799150278011883
32654 20 3.8389665655888465
51085 1 3.682477088683985
52352 6 4.917960395660102
138402 3 5.294562234565646
264200 4 4.084321503632428
203729 11 4.064231654953177
13857 14 4.0734385028664395
55085 4 4.480236309811554
38026 47 4.045221719020518
23887 7 4.244737172413819
52915 2 3.679141433457533
197830 17 4.636908756073761
57324 24 5.013282564397419
54942 1 4.804291389143605
32106 1 4.363584149840307
205591 33 3.1505241342020702
28525 3 4.698692697614592
31558 5 3.8816325386964925
23629 14 3.520689598052123
9321 25 3.935555516578965
133966 4 5.328092631378915
8167 340 4.2816711997038555
43113 1 4.462372647194076
61843 2 4.251306633174932
204269 3 4.117748153721923
262620 11 4.133221650141168
47402 8 3.663449220051185
6539 77 4.187371372829955
53017 5 4.070885366023418
199133 4 3.6869050611140346
52236 13 5.591040650705656
393299 3 4.128091972444122
49250 15 3.779781737074821
37248 1 4.778898231114159
55470 86 5.079726420839536
267561 7 5.155194009250074
20559 30 3.167307002348354
40031 1 5.012876898343144
58985 40 4.11526929341037
268453 2 4.5158056463129395
59688 1 4.55056661927664
265257 6 5.298261751803933
13783 51 4.135209289977557
203629 0 2.0
209618 3 4.3491296216072275
54440 3 4.526209661527767
267257 5 5.828755842923579
198230 9 3.918318722653298
2386 703 4.22218729696209
27313 5 3.6872664398588135
25165 2 3.846964190255303
12741 74 3.0097176618327133
24851 5 4.598242075441924
53171 33 4.079069071845342
24362 1 5.808947335831487
773 5 4.101113459657324
20958 3 4.31464369203577
133778 7 3.9801942496651503
55876 1 4.024787273533197
30363 9 4.178782687487545
5555 27 4.364333959342208
14137 2 4.202210922561358
14455 1 5.463246630217073
57005 4 5.923704324609441
268496 1 4.632978331176458
267577 1 5.385260670728651
131693 4 3.6480866471620095
209395 2 4.028939626111491
134513 2 4.061812022458922
37495 2 4.426805942514979
267126 2 4.592081581414267
262551 6 4.643753811017435
33644 1 4.875367112362186
63298 8 3.6492861765784035
59455 14 3.334155847477633
327906 2 3.0608040088920765
26163 45 3.659605659309565
137113 4 5.012590518646794
14409 2 4.225005553650874
264530 1 5.349810817598353
46189 1 4.435983939824185
