268818 10 6.094708007011909
264084 9 4.851264855184406
264678 5 5.486871389369692
35706 13 3.396353507024659
27746 3 4.597125923018781
37333 27 3.771062912074532
207235 1 7.063855443332939
56150 22 5.712421324871209
20413 5 3.144148853072885
58963 2 5.085738368774082
5540 12 3.8470922976242483
269762 2 6.069512545450097
60860 6 3.9508294263687627
13485 12 4.324577740591613
6250 34 4.304011634325308
8100 612 3.4187706760085166
60484 5 3.7691930442972135
17096 2 4.2383490248046956
265779 4 5.111932348316814
265938 6 4.312585375271433
395843 1 4.434421618337874
50903 4 3.1090081688964943
263546 10 3.9078677547281844
22071 11 3.702565816478393
16569 2 3.0649360090290156
27996 16 5.130600255427842
37642 1 4.5958140703431924
25017 1 3.941739902094133
56258 5 3.9735801161379376
17339 1 4.227134769991913
202121 1 5.572856876759526
25530 8 4.17267198054875
48051 1 5.290488946161216
269033 7 4.714939261685815
16238 6 3.65140269532511
138318 2 5.965757769850013
16432 8 3.8339541330031466
263030 9 4.698968739559559
14390 25 4.2852240153960075
4324 16 4.308498515890521
40408 2 4.633936097898978
55555 11 4.11130021138128
543 9 4.351090778754705
263895 3 5.127506609605986
8795 1 5.507679105286737
265122 4 6.426380734310188
31830 1 5.25453514739229
197914 4 4.281361480154961
266338 5 5.948992642351595
134684 16 3.9877278076712295
263768 3 4.546622203462986
50022 2 3.5096919374286406
10349 8 4.6978856229402925
61063 4 5.000393918251061
268232 2 4.626998286638391
134979 4 4.065756396642302
352 5 9.465469601411982
61288 3 4.1121455731665115
206693 7 3.7708080412439724
203553 2 4.395382273147346
42970 3 3.4850388797753133
265242 1 4.750072017929161
15870 6 3.6034122500766834
32688 5 4.194786202532059
131219 1 3.8292510062460807
139045 1 4.0245983090585185
20176 3 4.465160914449285
61823 8 5.136873546958057
267107 5 5.66477746239651
201594 2 3.9964705325335874
54962 1 3.9427410997051866
198851 2 4.008161724712248
58486 4 4.778007299117617
268834 6 4.170675401624221
53098 2 4.60214757944527
269283 7 4.635318530527321
3288 11 3.8388460789062897
267662 6 5.033434584515435
51181 1 7.168196921928266
52812 3 4.7655539329599
20904 16 3.9255220911178643
32542 3 4.181642591132418
135238 1 4.965835570992591
262947 11 5.968017828732114
267012 3 5.719124072863469
41500 1 3.8334596640033745
54397 2 4.273568816686298
38345 43 4.368806516153394
264805 1 4.574221971355592
132591 6 3.6579170745169045
39667 1 4.6294515818349495
21690 1 4.259290811055999
132246 1 3.9919294213411867
13126 20 3.6545004722447705
10436 16 4.519054987754679
40626 1 4.895925369064202
39543 51 3.188030626054828
397492 1 4.004693054817278
199633 1 10.001894617291883
266626 6 5.033958295827557
59346 22 5.0818155043108915
58084 8 4.421648394881106
48607 1 5.477858922234303
266399 6 4.484452442471451
206853 5 4.729257950850034
263145 24 4.329258168810556
1756 75 7.78525148078725
327981 2 4.1521117254036515
8708 155 2.870723965503067
10466 4 3.490190519122343
37066 5 5.6851586091069395
38408 64 3.8337498635878458
54826 4 4.150972615023541
206217 5 6.747073663345337
60138 5 7.479860424854901
136182 2 5.079271825777468
16594 7 4.2176551672892035
46369 1 3.803010163577626
136076 4 4.89773779768923
36647 42 3.5369939802061894
27548 9 3.9875802975565797
3633 26 4.212816796979273
61855 4 4.480880407044912
42703 3 4.486731184136055
263312 1 4.208315238857111
679 2 3.993223327269326
63883 5 4.8393782064474635
11911 68 3.9155554292767323
265743 5 4.839907445654319
267463 29 4.0862072421679265
17247 1 4.421041008799629
132564 5 4.051909427382971
202961 1 5.728265585754066
205800 3 5.154472264748319
25909 7 4.56992575442385
196951 1 4.054652754652755
58299 14 2.9082589418226035
25968 11 4.688567849571195
57600 1 5.386129866378223
1341 22 4.042104544527329
200451 2 3.563315578586014
39436 4 4.007439740266743
62302 3 3.6418306960399165
29813 4 4.15927844796186
36728 7 3.806607926081789
14773 5 4.059357880745858
6456 5 3.4716677792942723
37578 2 3.528701688442492
57981 4 4.234351006696343
4785 108 4.268900749511912
56910 26 3.098825724292568
262427 36 4.318762013490483
1661 30 4.171346384038235
10717 8 4.302279828392921
207091 3 6.132523241350038
26297 3 4.8971689968979275
28061 1 5.460825212539088
327733 7 3.612557014191478
50996 3 4.58123040480622
262389 2 5.64514489991399
393779 1 4.770352494765466
57835 1 4.1207533868248145
25305 1 3.7716559435221897
35967 9 4.70641460693603
17960 1 4.485859114430542
202381 3 4.01189085278947
3597 31 4.832777051232917
51090 6 3.826103317845085
265412 8 5.262957684481073
137707 6 5.26506139212823
267032 8 4.041192406736952
132046 32 4.008193445181363
12209 2 4.102028653095977
62784 1 4.4596830865105135
37338 1 5.418464441825315
135717 4 8.005828196792988
15850 15 4.650155450790006
49391 2 3.8556801502794533
40057 1 3.7515018506397815
122 12 3.8188253904569684
51956 2 3.4393939393939394
26965 1 3.578905128806608
328262 2 3.794628307180813
26320 2 5.222960288668255
53102 23 4.2806691120150395
57731 70 3.790276629602155
201100 1 3.7599945028516455
135126 27 3.6859592448304093
397438 4 4.025095039626132
199263 1 3.6017343034294647
26034 23 3.858402793676009
57118 8 3.541496076620238
49851 17 5.465781738057611
18717 10 4.016870251256876
8473 103 2.813871820211292
26812 2 4.273782865272085
200410 1 3.7974930542236
201561 1 3.712653445216471
199429 18 3.534752514103705
12154 16 4.246979216748535
58190 1 3.819529730523867
35765 7 4.134865758639165
205354 4 4.1262769400640575
39546 1 3.944858287499783
268195 2 4.2648538279163555
42812 2 3.773119153549407
39128 1 3.790808435327851
397137 1 3.0337574285763416
25931 7 4.128623922363074
36854 3 4.564968104935264
45939 1 6.001563053348766
4007 88 4.124860172025306
41878 3 4.442333181983364
268168 6 4.579649919122913
395349 4 5.219222438017352
139024 1 5.403612191182134
262544 38 5.119288805934034
327926 1 3.8261287314582315
52083 2 4.885367186870365
18829 2 4.18064611147534
43976 6 4.288234196760901
203485 5 3.801249990551581
136036 1 4.027882381308108
16654 5 4.163601708792023
58492 5 4.4817731569226105
203361 4 4.440008867036724
10479 36 4.663884912249561
4143 1 3.936202725948196
28272 23 4.189672049370637
23572 2 3.9234141007199606
43073 6 3.9502756724771615
17209 3 4.196410593135056
135082 1 4.580184847581161
133846 6 3.6583844994265045
60349 6 3.846108455608757
27174 4 4.186510437368784
42821 22 3.757860151796765
59508 6 5.217436101315703
56716 4 3.7737986931071017
198381 33 5.017669134773881
204744 2 3.8221132705219443
35935 2 4.048190305495635
21462 12 4.656462593904398
266613 2 5.100265989997444
52938 11 5.668234509851181
2152 174 3.835353495392282
61722 4 5.427104233081286
136454 8 5.544862974512807
9555 41 4.548253206108164
15081 1 5.201743098171671
39798 23 3.8158888868102827
137365 1 6.047028302866041
200829 1 4.757795379223951
199163 16 3.0589651982183157
36731 13 4.012392731764663
22098 20 4.1604638846447175
268180 2 4.244337719375037
134883 4 7.013282134081318
267974 7 4.213595409261552
19934 2 4.36493338816597
30781 66 2.7424923248755286
269083 1 4.480049530465335
57451 2 4.764965271522648
16743 25 3.8184049419273833
198619 2 3.781286506830393
205032 1 3.5976351146519208
11410 2 4.153589613269416
200494 16 4.031045366308065
45959 2 5.232895813115805
38714 14 3.8327242567515083
10747 4 3.9068630032679335
397046 9 3.5220207978098585
11187 1 3.9814335869945383
21924 1 5.175914066776135
4821 9 4.444538747542507
37275 1 4.030179658874241
19670 3 4.543929610966537
50881 14 4.514675747799989
45806 21 4.789964967718767
18886 17 3.8803033296853435
46312 3 3.6469926019321184
25867 22 4.32476728737449
37434 2 5.018871910714454
62334 7 7.2827834521351935
267284 4 5.4789219912492015
198551 25 3.3410840029745605
262733 29 4.404358551749433
15804 30 4.080814755138652
47593 1 3.8665645078980604
31958 1 4.1521535342963904
31235 2 3.5367601569564533
264494 6 4.611458182683368
132618 15 4.81246518295935
48034 8 3.6938493912284915
15913 4 4.294651386703559
3401 4 3.6295627632102985
202539 7 4.354802081800437
136720 6 3.7589293148241993
137109 7 5.050550111733009
268590 3 4.610078931899965
28620 47 4.798391241945043
202078 1 3.861585721508453
132405 32 3.759379280194842
203615 4 4.772629906018518
196727 3 5.149047755763081
264754 3 6.272525447982741
11581 77 5.777017808347763
266046 5 5.427430639292089
60943 3 5.3442370527438765
58703 2 5.295058346989324
50625 14 3.4922374338359945
265922 3 4.074486167490063
58161 1 6.929198515258422
202843 1 3.8127943096430488
12670 67 3.4781702687487965
37122 41 3.8769869355709674
44521 11 3.8243542010539215
135397 2 4.437401225126016
267186 5 4.603085951350935
37605 16 3.7923943987909388
209758 1 4.108921521501479
52430 8 5.759233883090777
199462 6 4.089390247023003
8562 15 3.8598624340966396
265462 4 5.759514695776451
266736 2 5.757248193693207
47563 4 3.6546330180278397
8985 20 3.5524696553836397
19314 2 4.88896399885803
48894 11 4.671079674746795
203872 196 4.4609204060606045
202213 8 3.464826622183621
262145 45 4.812479583791121
135229 3 5.207224382993961
58616 3 4.050260630793345
22551 1 3.9545277724776278
52302 9 4.096546537235984
28715 3 4.548449435629193
17069 37 4.749637994733513
263943 9 5.279262335632366
135405 6 4.520979637471175
45535 2 3.6023253253373286
18434 88 3.8730634330708926
7420 10 3.795748120853606
23743 10 3.9345739028387574
395954 156 3.4568735295662405
262954 10 4.354056959992739
49681 2 4.089207271579742
132727 4 4.834280500330247
53834 11 3.672379954998347
33554 9 3.56870624710592
266395 2 5.657370903113256
264761 4 6.764731841523837
202793 2 3.5294816390402737
267309 3 4.830892931757918
12439 3 3.818903139263899
198476 6 4.852904825193981
50608 12 4.889057716168303
34037 1 4.599503054912719
54629 2 4.643304174553703
42396 21 3.8675980052021477
3379 31 4.077684318198472
209982 3 4.808529242149931
38165 2 3.62849480991774
131519 1 4.347417853082878
43249 2 4.860680292857519
269838 1 6.7485473995079905
668 210 3.9488479594924
49235 1 6.045136900393577
36752 3 3.5130974109322883
8751 40 3.603187180656362
50848 3 4.050582389596343
10451 5 4.962897568418304
14901 4 4.318120238421231
25255 23 3.6512865558733116
10127 3 3.8631724450031095
23851 4 4.34367816091954
268032 7 4.5350576901819135
264484 11 5.7656198542921455
59167 4 6.015185657915785
203843 1 3.8148221303957603
62674 2 5.167034759137867
393916 8 4.428070080898779
269434 3 7.226203565506874
25408 26 3.4648522313421277
5523 4 3.583198303454167
133122 4 4.158831706069375
29915 1 4.1949141890767505
58211 2 4.425226757369615
52844 1 4.112435957583741
30738 2 4.259093019953619
263391 39 4.262499639923895
24626 25 3.7016465978952673
47149 1 3.5824641899111977
202111 2 4.619261128884051
14932 4 4.904618639455545
265931 1 5.060502537230648
63508 8 5.060746992442573
26708 1 4.152231104053764
51326 5 3.149098325740423
16413 5 3.7538042196066406
23352 134 3.7056843509830153
51185 17 2.7599715232012287
131179 1 5.618141061109439
56620 1 4.000783420368673
20700 3 4.876773312933694
26806 10 3.177080879555509
266884 2 4.596957300217288
30434 1 4.174934458899976
22018 1 3.9600641486230885
395366 23 4.062123420698758
201466 10 5.042053178820547
205842 4 3.9248871365846574
203537 5 4.060822313637992
397442 1 3.6501160966559034
263709 1 5.15010138921469
12713 23 2.7942609288368807
264619 8 5.328274018076021
46063 7 3.8784871162274577
45689 1 4.353585188941726
205255 1 3.7846488613527973
46045 8 4.019177273957803
328118 1 5.7531427993409565
22319 9 3.8893194243369473
134287 8 5.015184103505298
63862 3 4.198411340823446
262600 12 4.859226480798525
262186 298 4.080982502636969
263961 3 4.284438548702841
55317 3 4.486361691191472
135298 4 4.987220612102346
26071 1 4.843994761851905
199284 36 3.369524196219274
15493 19 3.6123914741162597
52296 5 5.783383884383243
36204 13 4.251874216900229
55664 6 4.544658717873522
33459 14 3.7879513783862095
41897 68 3.5543240565669643
56986 3 3.8795824519319817
3304 1 5.66761396672111
25655 8 3.9085957970094594
131644 6 5.79976044075395
138616 2 3.824943539914806
4739 531 3.8180754431510437
48851 51 3.8976684295188155
13596 1 4.315729986618937
263296 12 4.886118052354055
53149 12 5.618418756927716
52917 4 5.596749277082456
852 718 3.222140473240176
3269 352 3.9566588175451747
136672 4 7.017366237296547
28642 39 3.9204989553013085
51596 3 4.076694559713069
39964 3 3.0186108518940706
328481 1 4.78825795983948
62250 5 7.747176375033884
56079 12 3.845670602835621
36093 1 3.818671147012691
266825 1 5.226307065798035
16931 13 4.410157833728671
210080 1 4.093059585916729
37411 5 5.1157404295657525
17819 155 3.8885568369135237
267693 5 5.032253025991871
198242 1 3.993915927167159
13860 7 3.9193119645780476
53952 0 3.0
20813 2 5.138394418170723
47031 3 4.472254774838175
26619 74 4.13257442652944
265496 13 3.9450833054704035
267248 8 4.753527861235374
52628 4 4.180696687032325
45328 33 3.8120992307382386
34656 2 3.9599234767081914
60006 1 3.691770626745996
265486 2 5.426961011592068
34142 1 3.7158013649103183
38959 7 3.80987564401814
266076 4 4.166145074775701
10661 1 5.2938681359855355
54495 2 4.140569436383531
23342 33 3.705796545317691
54038 11 4.585744112478358
397754 4 4.4634575673050865
48690 2 4.342218659925427
45766 49 4.691781530165282
41383 9 4.490766485409556
63047 2 4.199058457506733
207023 14 3.7399602531673715
21073 1 5.527240174628808
8430 3 4.411986721380534
269235 5 4.233423544313425
37708 5 4.615658567138715
61188 1 4.486387460377609
133805 1 4.643354700641525
781 2 4.266064009300154
29623 4 4.789792562618918
11609 14 4.182399950252671
200063 14 3.7862029795941305
52455 9 4.401105444139763
48416 7 3.830299973376581
63019 8 4.757771147408542
208694 4 4.758004970720377
204073 9 3.70004628152952
1842 7 5.474432391944778
138731 3 6.028083678843391
36633 2 4.199465861297595
11153 2 4.201214396609906
205524 2 3.8942853662017294
203583 3 5.015077052189669
63495 3 4.768168439519077
202914 13 3.9055500833357604
29310 9 4.374024342484226
199936 1 4.852775785814265
37501 13 4.416920632387766
397157 1 4.5052772481426
25426 3 3.996861706646184
46358 7 3.814380716549049
264323 9 4.53871689444604
393349 13 3.7583795324003964
134077 4 4.161386311398476
31940 1 3.777976516277009
133645 1 6.0173453257197105
262857 2 4.274931286612619
46299 1 4.905945520756687
136743 81 3.9984628117606027
24028 131 3.7461224718750334
45797 2 3.9811796013786047
52716 8 4.581522269883179
50113 157 3.784913386376826
32625 5 3.7684733855664554
265748 3 5.16836671457525
138874 2 3.8615638543057895
262868 32 4.571039363828492
209702 11 3.3400390666052777
25699 2 4.583462901812655
48707 19 3.837143915069552
63612 178 5.416422394210572
262914 16 4.186534091172445
202476 1 4.761711803301665
209292 1 4.011565947280233
14183 2 4.813157674027638
14771 5 5.179342834308865
25631 4 4.2583089409954065
7557 11 3.9667377434301625
265687 3 4.786831399898323
55731 3 4.738917437841182
33856 6 4.440143526996265
33941 16 3.0723225308508444
32411 2 4.1935153199310164
61775 11 4.954517253547898
59524 9 3.6369500534103025
262843 12 4.377515466731758
268119 7 4.601477523046078
12127 44 5.0714274210807115
47975 6 5.295708865957737
39912 50 3.0509181132517242
40918 33 4.0032577208242195
6419 88 4.044391022797786
266290 1 4.70675784259528
16811 62 4.284766305473699
136209 30 3.9560456811255205
39970 11 4.008766053845139
198900 1 4.0069721284007
20935 1 4.759646544114891
9466 33 4.58612574103167
202491 14 4.906455887353388
396054 3 4.153306261185618
33045 14 4.071820652671471
25384 13 3.7666029264645986
41034 54 3.618675801366733
41357 4 3.0024440252621973
133898 3 3.6990149556655387
42739 16 3.2205703977108042
199281 1 4.863108303200469
138315 5 5.211978711887657
18539 2 3.9856552071658804
204868 1 5.808529242149932
39069 1 5.425982628938295
49529 3 5.635499751733811
2041 1 3.9926519548284625
43372 11 3.347036651375382
13458 6 4.451265356408435
18396 21 4.252495351328892
26552 4 4.335506678773134
36851 1 5.378357994064269
47220 2 3.769695912553055
268636 2 5.138726000908578
58255 6 4.589667839190783
11857 41 4.256898385822099
135881 12 5.75267029883934
53311 1 4.353599216875078
8830 1 4.903241949460438
263966 8 3.8399573934285707
50840 10 5.715022687152837
59155 10 3.9818580633501286
10099 42 3.5997053151158873
19706 1 4.197587291076617
41008 5 4.038947122870501
17802 23 4.30789673015268
134901 2 6.01334817110255
50875 7 4.755427765260898
262288 46 4.062207756207599
43832 20 4.639964956425965
202276 30 3.233443859526295
11334 6 4.3448753218938165
53847 5 3.995709555356002
138158 1 3.952207585292878
328299 3 4.858384939411264
34787 1 5.783262799418333
265048 14 3.8086252890447474
31989 1 3.749402521397596
203383 2 5.14668080042839
22469 2 3.6237538141676304
54948 11 4.049816451939283
44237 8 4.039195590363907
327976 1 4.0338268763864
327808 5 4.676937090117507
26726 1 3.8016759093852692
43656 6 3.7146511218111407
265031 6 4.335261402864553
12361 15 5.02061697881732
49478 3 3.505288159286027
267999 1 4.583197794064209
268026 6 5.004113032307852
210078 4 6.059625197805177
267861 1 5.136113231208675
40627 16 3.1471651091315778
60501 14 2.9005453431402732
22907 5 4.299796816798836
36500 2 4.140076439462
265887 1 4.259980026359337
262442 1 4.3504686975130324
50650 1 3.959291060594096
36866 29 3.732410188747778
51053 6 3.5910355183748743
60664 35 3.8411237795404323
267 3 3.894671353701483
28299 75 4.624115945381407
55083 13 3.799269940055752
37977 2 4.921472161588414
53773 3 3.8199035900122027
133408 3 4.702522045155147
50106 1 4.7596891864749
267066 2 4.797848424338286
139448 1 4.9691439803439135
359 1 9.473440065681444
58144 4 4.478024296837223
267036 7 5.047366883753375
137181 3 6.181746835615883
45669 42 4.975381828308325
137034 4 5.574182903007275
262395 12 4.946515511668243
139375 3 4.933971083119344
34068 1 3.7621581670839612
19237 16 2.9983787697412256
198898 1 4.100085141541724
59975 3 3.8769654217957554
44956 2 3.7453126147707434
262872 6 5.32637693028098
9286 182 4.172549678632476
207172 1 3.8435803754792643
136622 2 3.616201830781704
204239 4 4.626144094001237
208528 6 3.8867928171336255
265741 5 5.052874321854291
209954 1 4.045188292960951
40061 6 3.7892716834117874
395459 1 4.652787852002588
198091 1 3.8027131880151623
133647 90 3.906191410778993
24304 2 4.3761735073978505
134042 18 3.767182400200344
28251 12 3.8858787654453644
266404 4 4.7114006695714705
264258 6 4.120786510015956
137145 2 5.933854408554832
60447 14 2.866249345504521
264811 2 4.098322294081977
19515 18 2.9713146144068223
49369 1 4.078568855669697
29148 13 4.6780014348633765
206891 2 3.59196088360491
135407 22 4.225095948167643
24634 25 5.332802040391678
396337 1 5.241863849827725
266692 3 4.880427176847198
293 7 2.94606451412773
131273 2 4.287338292228179
267131 7 5.268474385371101
262760 33 3.7596990399146364
50760 1 4.4992859192407675
267981 6 4.982455460361035
59919 9 3.445911944908873
45069 645 6.325405663368816
62500 2 4.159368014247833
39892 10 3.4994191756550386
199561 1 4.117771468837567
268875 7 5.320669821663488
56142 1 4.270009764201957
132525 169 5.155860773255466
394402 1 4.199615043777605
62071 1 4.827409888124174
202772 1 6.0948160158351055
265246 1 6.161205693594856
45742 7 4.173578678804967
8368 15 3.0292772280438163
42259 2 4.616706927265652
62241 9 3.626216850211731
5664 2 4.364033919302244
268491 5 4.742369573028573
18705 48 3.6814067441989446
328319 5 4.143984813199895
138263 1 4.58348525372335
265943 8 3.7267613626939453
51222 1 3.7037895232258014
48870 2 4.6902290631303325
43447 41 4.9052249756564015
199024 1 4.564807096109616
52841 2 4.801366627128294
7468 44 4.003554140607888
21416 22 4.010305361966981
1301 42 3.4871100890055455
61768 11 4.652125647311302
25022 1 3.539066753352468
136630 2 5.4473605877671885
20203 1 4.033377092515254
34711 1 3.6346106079299356
200439 1 3.76770625758721
24669 9 4.159659854183913
40738 1 5.464500346396898
25125 6 4.458610608047198
63501 9 3.9668262228974136
33011 17 3.3505202624046753
5400 94 3.027884945393202
131358 5 4.344755664616239
198214 1 3.6600355285315267
47140 1 3.728407876767968
394911 6 4.015550130514526
52471 49 4.304709179971749
62064 29 4.567251898676635
265243 6 4.773345720850721
47979 1 3.9474348402919834
63744 7 4.964290037251965
134922 9 3.9260053775309776
22702 19 3.68531835172349
38862 6 4.403563506039329
267314 1 4.755923475812638
266666 5 5.538174612041785
262306 7 4.546943179800698
137529 2 4.130411910482243
188 32 3.7236064185196214
197460 41 4.216673289456115
22572 1 5.789013087313778
202233 2 5.01109657538229
263602 2 4.230980612799578
23102 5 4.612000332072735
205919 3 3.482759389075074
8460 1 5.861444612308667
265860 1 4.515974044200646
132557 6 3.915046732848878
56426 17 4.2260963710507315
264874 7 5.590387406604821
47723 8 3.645468879276104
197829 6 4.834461848932722
33194 9 4.401350364428235
45433 68 4.047191575158867
31606 1 3.854652102463162
266929 3 5.505090792681922
18113 7 5.103372201535637
203222 3 5.430304836607358
59914 4 6.9314791711105075
46617 2 3.6668527501248156
205424 17 4.9129551716973285
61589 9 4.62673822562742
11495 9 3.8156981765261446
263134 9 3.8002258121145625
264533 5 5.648881270310843
269340 7 5.5656007437503074
136338 4 6.0121774031421955
266088 9 5.53266140264283
59497 26 3.6703212140106865
10653 5 4.10218968714202
56294 16 4.6318134620760345
2901 28 4.03907758763008
855 949 3.507754988251489
136994 16 3.789234474614406
56283 1 3.8857252315585646
201857 5 4.114709629041962
27961 1 6.234685879140928
269079 4 5.524096451725841
198892 1 3.854652102463162
266279 1 4.358411821712314
135791 2 5.279007110986523
26344 20 3.8015659267590665
29791 118 3.966773529989386
51379 1 4.235331243148293
198259 29 4.208916393132771
4136 16 3.9157177135350913
394969 2 3.8005947711173875
12177 21 3.534403033058512
269466 3 4.876998956389257
25269 1 4.614504792023386
18225 8 4.113984388803554
14661 7 4.714854823538168
26319 2 4.534022497298359
18950 3 3.814835689242437
40805 35 2.916617874315408
268723 7 5.947911107070652
4755 2151 4.013418153567976
35654 8 3.8468730923205783
30500 31 3.0209917906058705
268309 2 5.342241862720768
41312 2 4.724624218829884
18863 5 4.918499430556654
11192 4 5.118095408082913
265168 2 5.906948041556622
204584 2 3.6742804021267883
60456 1 4.90804186530063
262782 4 5.413369438738897
264884 5 5.742838314519554
208669 12 4.945782828749232
132988 5 4.583991008260057
47645 5 3.5232434791388263
59353 4 5.520980818756799
19676 1 3.986768613169173
44735 10 3.0220463156885033
23452 1 4.026430228241093
43891 1 3.63667630984937
135732 4 4.949357035669984
8935 5 4.861038586361244
63116 3 4.673200749457529
205845 4 3.554337697936505
57497 27 5.414117196929682
28586 19 4.683461159502142
39287 4 3.7967199989099742
59397 4 3.9815306719941295
28184 4 4.257210168438346
207060 7 4.849058157298709
64415 3 3.507734701289709
48550 2 3.695474984078341
38554 2 4.815674547328133
28964 57 3.875381826250564
11050 22 5.191163837880109
53527 5 5.183075654239445
204231 1 3.876768212799319
131919 3 4.323040770957438
196691 4 3.6441599725327296
263089 11 3.79553285812423
26166 6 4.7478977880439
35894 28 4.406038946701186
28736 1 3.7048747781941054
51013 12 4.981139909557412
18812 5 4.45859073116515
28604 19 3.329496072567639
7477 22 3.8133642078093155
29210 5 4.107428226256737
20802 2 4.3749820343537404
34744 28 3.61224922192237
49866 2 4.601384804750715
204587 1 4.126517349332435
40191 14 4.1895254403217805
61598 2 5.431006652068041
209083 5 4.0901335580631315
9647 62 3.8591426204775416
262908 18 4.169825260364221
31574 5 4.279014240920979
262307 6 5.708779872045911
135793 3 3.584139000528915
44547 1 3.975120638776101
8595 35 3.549321286135181
12803 1 4.617226510504756
267680 5 6.480973170751603
263471 15 4.565336143625855
202809 1 5.204286062576745
201740 1 3.8908470458890627
23240 2 3.818671147012691
137911 1 4.454850066463368
263347 43 4.068477623155332
134121 40 4.479177389037141
203227 1 3.8000667249189415
198499 10 4.086437835650255
47482 4 4.228514435148261
34921 1 4.017768457499024
39293 5 4.0146320617749
21021 42 3.485520502982577
203160 7 3.8791388636471686
43057 3 4.283225838474765
135969 2 4.168879208274049
134819 2 5.160768816861237
51819 64 4.325639783394902
31059 21 3.133276584302237
64076 1 4.839317499455915
328001 1 4.186358472244205
10113 105 3.85229785446737
27557 4 3.9950481625063596
134697 7 3.954357231340673
61831 1 5.001024331149073
6197 7 5.199559111824964
266041 4 4.900512992902783
136026 3 4.311761355217233
266480 7 4.392680091040235
268266 8 4.814201385687004
2609 52 3.9092144981767896
61498 5 4.5747808324103065
31725 6 3.7102954379030835
139253 1 4.0245983090585185
206694 4 4.534153613425183
205999 3 4.570162815985891
20932 6 2.7457218214769075
268509 10 4.340672394957605
63778 15 6.422877931412616
32570 4 5.8057403831175165
3265 32 3.2401953147466984
63353 4 4.291112747299859
196994 8 4.735723793041275
134015 4 6.013733633938888
58027 2 4.038118379113381
37520 8 3.8216506759316116
30784 2 3.9549001170412583
205624 17 4.554071701066809
132865 5 3.9980790193050875
2044 29 3.0276128309598995
31215 1 5.57792255719397
136704 7 6.018773943803102
203966 1 5.62359029012374
51941 10 3.7116817107584783
15545 8 5.057394099480093
36474 1 4.294491518031987
131306 1 3.8076882259928237
268516 6 5.436537795959318
210286 1 4.119918379538195
56286 8 3.02315287844515
50579 4 4.072677453162043
58360 4 5.254168212676061
62126 4 2.992065848381638
30938 29 3.8019031912143713
62942 1 3.816310611483026
59506 21 7.724100063975623
42776 1 4.473038228500414
138772 1 3.5868601526339625
23696 13 4.544565879282997
52892 58 5.156876049884009
47873 6 3.698705804157511
29956 1 4.439724528374616
19846 1 4.2010580452206066
48189 1 3.9406864939123003
396174 1 3.9676050915334646
64089 6 3.779905395749049
34723 3 3.521079002971584
32441 1 4.505480915423443
4618 312 3.8419457831728465
59691 1 9.38087418533847
265400 8 4.251322341442325
1435 5 3.646007813842882
201522 6 4.030458692075981
198751 1 4.552368378140135
35601 3 3.7764073864755865
14866 8 3.500012715020666
55348 3 4.670560419859085
30541 1 4.28500755523744
264679 7 5.170248907778457
41933 2 4.922113144108218
5631 18 3.419541607077217
202650 2 4.33683372132959
45235 32 5.492368929677985
135339 11 4.961373494685274
263209 2 7.342200959991438
5671 7 5.20004439989989
393737 25 3.957611235371507
16262 14 5.145467525291231
59923 1 4.5851431378935485
52614 6 5.32519850582469
31993 2 3.808855368052053
131417 1 5.2833198547484255
52689 23 3.7678987648719082
328417 2 3.8107148821120274
46787 2 4.00959292871296
268247 5 4.817979511579792
21779 8 4.7304222259765245
52615 5 4.7737630975031875
51121 3 3.7080295270455137
24534 10 4.441166827088138
14832 16 4.010543801946771
7932 1 3.535280988852417
134378 3 4.0617575515229145
26272 2 3.861324263328785
199070 5 5.058849103467158
268746 5 5.739436670221768
268476 2 4.571492825650279
50498 66 4.312811752792758
54075 24 4.4014323521942185
131726 1 3.882055872913663
200917 1 4.006745371031085
265259 4 5.48784027159509
263786 10 4.816388298970308
46300 5 3.916792316578957
268888 8 4.238537454239146
55491 2 5.356125576667448
36685 1 3.0352094943383037
32048 1 3.7543989535368847
35004 7 3.784323500649048
44876 4 5.600876958072337
137321 4 3.942036698482245
202053 44 3.3510708300076235
136907 55 3.846584727884642
17067 6 4.533269927182248
202367 1 3.7240820605670444
40457 6 4.9682145710814
28641 1 4.375222727464106
62529 4 4.356381444477786
55468 8 5.077652939463624
30439 1 4.7705887003588145
139629 7 5.552763386500554
267013 2 3.906354700774561
199206 1 3.8502202778064847
7965 6 4.562084671602365
11608 44 3.8475894228328427
12334 30 3.732409123690688
25512 14 3.4193167660959176
16952 10 4.317053871291992
61787 7 5.457311008037779
206256 1 5.955018608466883
41284 8 5.346256862998822
12100 2 3.802433974849217
23027 5 4.5121079892598495
7514 23 3.918982219195852
265916 4 4.930857339980741
60594 1 4.303657189371475
134308 3 6.0130494522202245
34715 7 3.677686194873696
206588 1 4.195443269252793
52259 8 5.662884989999808
19417 2 5.104827771928744
45055 24 3.328873973831957
47702 16 3.731163790831661
8990 20 3.5839731881112353
15935 15 3.420648111546714
137093 9 5.887920936236219
60598 1 4.003573736115028
30403 1 3.8281322053243243
133430 5 5.8039815376779895
395326 1 3.0009215386074652
42742 7 4.1055865924533865
49411 1 3.8145604755546123
209061 1 4.787637850713888
4549 12 4.095685567018944
12551 20 4.5148828471879465
43826 2 3.8970462468363367
30333 1 5.026539805751629
201446 29 4.1182995896091095
50952 4 3.7960725985134616
204197 5 5.175737454379338
52847 14 4.620192494469746
138953 2 5.918208432159582
394998 14 4.455844680505899
264475 3 5.2115039901411
11194 5 4.183991884126656
61874 6 4.220794499229647
27358 6 4.260160899692141
35527 13 3.8387087854961597
206435 1 3.8548080127189186
267923 6 5.513081116683637
59375 1 5.628965444864063
36919 1 3.1666666666666665
48858 6 3.176453369109716
52757 6 4.762850128179022
10204 30 4.024145827346599
29496 2 4.562846538187925
138418 5 5.281827937074671
207039 3 4.381172832383006
266486 6 4.535296685077508
266400 6 5.2340049384378275
37421 5 3.729399763226358
30090 10 4.256612335163983
196802 2 5.574060641864152
31789 1 3.818671147012691
203504 1 4.15120927936054
30774 1 3.9864066420088835
28775 4 3.65241277932713
47218 25 4.02616770886158
264662 1 4.971565283305842
32196 2 4.606761550427083
12816 11 4.211993288321561
13396 1 4.195079896385315
266891 5 5.873460075176744
13941 6 3.9980935244166678
12189 26 3.727385813712449
28935 1 3.7510886599253634
56618 1 3.804243015237152
23544 2 4.045596394657967
59870 2 3.9721114819887826
265175 10 4.73620854521567
268841 5 5.787683083097286
394117 3 3.809922831794145
134026 26 4.850821748932314
30680 6 3.88168389401148
198206 3 3.8816065129145847
267660 4 4.775150249425448
8426 112 2.794666499921798
27940 29 5.654633062121357
268314 1 5.090960452640097
52163 4 4.445268763175271
48260 14 3.566196268439388
50705 4 3.7644922821903313
263385 8 4.8914350497257475
263334 2 5.572577699259462
39816 19 3.4618327852067674
35991 1 3.719072109244523
47500 2 5.963378078883306
37566 15 6.011911987720781
21921 2 4.604499865214151
39260 3 3.806666475620131
50562 1 4.327196273805394
22754 2 4.819403747745292
38628 13 3.84653735774465
60313 1 4.7308322391269355
26124 1 4.27806477672069
393585 3 3.946834786154367
28355 7 5.542414369024581
272 3 8.462414944266339
48603 2 4.856761877550149
48584 10 3.8437157584587087
10632 10 4.576716158227157
268819 9 3.6216307201074667
139317 6 3.4465769767091863
42306 9 3.8919499301985887
50426 1 4.0069721284007
47381 24 3.510219031194158
13193 22 2.9752198969797328
22423 87 3.0804067550616323
33402 2 4.424751873523391
8798 6 3.031529326042037
138192 25 5.0781405539017115
136176 5 5.7547144008699735
267727 1 5.524224384446059
58294 1 3.8086903201617965
53641 7 4.765915134065538
19881 40 4.17093236950753
51408 14 4.353005741053698
21465 1 4.438874518338805
135548 1 4.615261015325671
16392 2 4.709417537987789
135841 1 5.091151655883799
22140 4 4.790818362117694
6040 77 9.46512288856938
50850 2 4.070375656089942
133155 4 4.46980849687398
198545 14 3.257634332984856
265455 6 5.0058457764333335
49971 3 3.9896689170370156
395630 1 3.814702893044437
19299 10 3.7983976740331813
56245 6 3.8230444170845757
328029 14 5.290114851320146
43605 1 4.671432528873266
267664 8 4.315769197747402
29670 12 2.90189187596604
207081 2 5.031356996339574
264927 5 4.24220975820812
8971 7 3.5903132938559317
266197 6 4.009563413427582
29239 9 4.150578458456754
12119 46 3.712873826110249
22271 1 5.284146748545244
15787 1 4.052246083613598
206969 2 3.8340991874834214
41201 86 3.12722581353607
132545 2 4.752421668080329
45663 4 4.311896293248621
25049 9 3.853907167073332
6412 193 3.6737024771648783
7961 9 3.9789094470164423
135076 10 4.0079813388372045
269285 7 6.645968646806864
53443 12 4.649569774899476
33449 1 4.80245993318243
27461 7 5.1542499726732505
47169 45 3.49067208890459
58677 1 4.070561429994927
17653 1 4.371139530967118
19311 7 4.461645254724866
200968 2 5.101003433448214
268552 14 4.105804951204775
27593 5 4.392832176356306
35318 1 4.73153832621284
263584 1 5.534378578916393
52470 3 4.815294644235531
201342 3 3.8162967497210523
394738 5 4.496947011305058
13490 283 3.529550332172599
35141 437 4.454231921312236
2894 25 5.007566880090682
55441 62 5.991046128123174
135802 4 6.013238416694903
265007 5 5.366749204406544
60856 3 4.579817140531427
58473 6 3.9677689907886693
197490 1 3.7147315281530124
19259 3 4.665459028086186
31460 1 4.1073594395022965
59754 7 7.236208865570652
57241 6 5.836178834672024
136765 4 5.965858475620496
52665 6 4.796848261633885
47711 4 4.718717310103957
23248 6 3.981694272160722
47278 1 3.9605226783798213
55196 2 3.8316764037896185
22070 12 4.365711341316937
59113 2 4.565497835497835
34934 7 3.970046910450693
264327 7 4.743571776476817
327973 1 4.766006787204945
266011 6 4.432248160726694
51464 12 3.5902392370439404
56977 4 3.619358551501409
62283 5 4.027990024115646
5742 80 3.658797411028737
393376 2 5.002025700815254
52116 61 3.8785322811872502
40966 6 3.8044519356715236
53493 2 5.424880445981183
43807 2 3.7338127260083565
16867 3 4.330590129435188
133513 1 4.991614558281225
137241 3 4.633504373855636
58482 15 4.248825742003023
21724 66 3.580226563395832
264543 10 4.165116791643688
269005 5 4.991640662915019
206639 2 4.002398368627138
265787 2 4.754693007007428
132861 1 6.183931491788635
267209 2 5.691026995044615
32945 8 3.399690158046854
37523 2 3.640648244200472
204757 3 3.969419065531214
266066 4 6.050439377169997
267635 5 5.5460583162991535
138168 4 5.4687454162546105
137576 2 4.353704184798794
47951 1 3.829421605342329
48073 2 4.102560468631897
59423 1 5.7058250908004595
30356 6 4.006127722667807
132220 108 7.005017978819855
30412 1 4.599240062072575
396190 85 3.536554797684781
210206 6 4.218221052943247
133706 2 5.7579770375583195
265236 1 4.193874716553287
14814 4 4.008345267114073
268231 6 4.82687350187223
198633 1 4.2604944425322575
40289 10 4.313139603958976
267663 1 4.217129232001732
36265 3 4.702320701667068
265065 5 4.608847143426348
52653 9 5.165238067698258
199201 3 3.813089996790995
393321 4 4.270068927999931
264216 4 5.53493192775671
37030 23 4.715441973473502
57363 67 3.5986957068200476
262409 7 4.360995531800457
138934 5 4.353448408884576
54668 3 3.710427948734447
31775 21 3.822984120893165
204754 4 4.733040769636421
60521 1 3.768423160742007
42877 7 4.5120287120287115
394452 12 3.0159465021035383
262634 1 4.632057061643124
63207 1 4.888859175854249
207099 12 4.7480594638783415
138455 2 5.1393388491623115
133364 1 3.8698283898259613
25677 3 3.831620165568955
62643 5 4.117540655269671
265813 6 5.15068398906193
62117 2 4.60457043072008
24857 1 4.6853719749402165
45298 51 4.02086352076082
267310 4 4.796459072231421
39276 1 4.864376346519204
35208 1 3.946465320985577
20018 4 3.720211528448045
32561 2 3.8067835636965364
199776 2 5.97097270841729
16391 23 3.8331077533463165
201475 1 4.342565238993811
394875 1 3.6050538222952015
4469 6 4.0973730860161455
265371 3 4.82975253680947
56096 1 4.917950356988031
201337 21 3.885379632163206
49447 3 3.987780820001238
41019 10 4.047396465302619
134712 11 5.8077101980691825
41737 14 3.796043669381649
50780 10 6.313294458108487
62913 12 4.235604213661022
203410 3 4.234968320148732
263430 1 4.654207510510032
206999 6 3.2953663930876482
135700 5 5.016191801113804
18187 5 3.3190150541023966
52635 7 4.178751043382426
264337 5 5.447646438266174
48671 1 3.856404318501093
55856 2 4.784749295017153
29169 18 3.0113387474948006
19812 25 4.512488612276391
202306 4 4.174854380740454
327784 1 4.43039232433321
37717 15 5.211408886010271
4574 1 3.9376071885672492
48595 1 5.2504326467460105
58016 1 3.6561004987824726
58273 17 3.0106510922219383
209410 1 3.715882391502985
61593 4 5.082369077880572
267414 5 5.213252486324424
1293 6 3.549851281799147
47901 9 5.110566842448496
40262 4 4.430306641243909
29582 138 3.7367621222799787
59607 9 3.7918721908970654
395632 2 3.851909546999859
203357 2 4.941231582229118
268391 4 5.408891822587572
37052 10 3.965502467944196
25740 4 4.126643998177521
11852 1 4.771718373762709
56613 1 4.494533042374194
263485 3 5.977383110727865
61266 2 3.031329349403541
47141 7 5.6149896508134365
26869 1 4.881882723432019
265783 4 5.7632419190537
134963 62 4.023020186493494
5790 7 4.678651620534788
45305 35 4.244739890091652
57406 2 3.8769791498873323
206513 1 4.137322504657549
52194 4 3.7079067865809336
268281 7 4.321334463140119
44600 10 3.1186099860775935
31815 30 4.65210185151727
2110 16 3.7013590573040185
32217 4 3.069908855161267
48574 3 4.749531441824674
56843 5 4.872163137732145
9918 33 4.705515659183593
394315 1 4.5109829736173825
27550 2 4.463246630217073
263024 18 4.667540391784847
7625 6 4.9549195938623996
262781 7 5.321949616110104
201992 1 5.815498115037285
37208 4 4.701653323183181
60630 2 3.5039856505086737
135556 3 4.902262442804165
137671 3 4.4161199020328965
21249 1 3.857370407370407
40685 11 5.453255580728067
54050 1 4.770352494765466
327895 2 4.752252266069999
196653 3 3.804480943283255
54815 1 4.588625912492908
25865 5 5.5016471116945995
29544 34 4.552122025254552
42088 1 3.836836012629315
21874 17 4.436356250380976
25058 3 4.446638992831758
268518 7 4.6448538244282345
25192 15 3.471610199411462
8823 24 3.2626213468574057
328162 2 3.7532240307440348
39113 2 4.256641206212059
46411 4 4.4625897120903355
23146 1 4.8149308625868175
44442 1 4.233922700178859
58552 22 2.9539450581613758
7297 20 4.129380559109778
198401 11 3.8361437238531075
55627 13 3.8675876129235114
3713 19 4.0988427522235344
268426 3 5.270673764511877
47212 2 3.7902695139548634
268261 7 4.225407439989228
266182 5 5.214623809914499
40506 1 3.750533771100274
263672 6 4.0955177752794425
13053 4 4.066945324192484
16851 9 3.0095260420325767
132535 6 6.014870957474985
43537 2 3.732509068105956
51958 2 4.923817647052899
20173 9 4.31186844728863
269365 4 5.1086391320885385
134452 3 4.4617771057495
264969 8 3.359259779865281
264955 5 5.1901864513599385
4748 41 4.666781526969951
8744 10 3.8311777011246497
266083 2 4.562537327031459
30869 1 4.760350760350759
701 1323 3.1869045417675075
60167 1 4.671647438582921
683 27 3.943245392002107
58489 1 4.7541429011637355
262879 24 5.248902025298654
131595 1 4.684065086148419
267331 4 4.928029624713981
23225 13 4.476980953733895
17966 2 5.081318549175692
53062 75 4.247585912672825
136882 1 5.7764001058957755
5635 2 4.832001379390543
9482 22 3.848470065170362
199449 1 3.8822459713012707
17076 2 3.9950534056509346
133380 58 3.054509941590067
23921 10 5.3153053993940755
209933 1 3.5968182407569382
1299 108 2.763970947612255
12240 1 4.198481256929532
43017 2 3.800584765645531
56163 16 3.847737601597296
37177 2 4.5165567265551845
395021 1 4.224803138842548
52278 1 5.135919256541375
200874 2 4.323434872310868
8778 5 3.5112123740844354
59433 3 5.368228943811631
328148 4 4.042436064144023
26286 1 4.813373261261126
47844 14 4.780410653119716
49123 1 3.85322971532649
133279 13 6.0132243639985665
202810 4 4.0785843072292165
25562 31 3.684696171673224
56111 10 4.456563230991073
9219 5 4.970388503211226
266183 6 4.096423023738152
327787 1 3.6996409674981097
56791 11 3.6556351758769225
134529 2 5.011846715311507
11404 89 3.407017490437845
59846 1 3.8137665357441066
210004 2 3.6416243960104233
47491 2 4.217007856750219
16143 7 3.502205701249245
57016 5 5.873287013258519
40215 1 4.770352494765466
265408 8 5.740999514308696
58092 9 4.066060059464659
35963 2 4.144606687453846
60019 2 3.5998376157359937
9505 39 3.047552602023333
36900 1 4.760835364809209
205479 8 4.274509939984453
31727 73 3.156399262466155
266127 5 5.541318749598233
18472 2 4.2248058429977124
269453 1 5.893646374577568
131588 8 4.441856804931023
15255 1 4.304222719798906
8025 23 3.6123232433346963
133019 1 5.042374261281824
19257 26 3.6318523140962604
41833 74 4.950595264797027
8455 59 2.9818818480010685
46156 9 3.9685976015939066
291 9 3.9468176391936614
267276 6 5.154280948474324
269553 3 4.718261695242482
2639 32 4.107464639109964
4246 14 4.065718159952483
11656 8 3.899306550639432
13647 1 3.5219298245614037
51070 7 4.529875160857539
39159 1 3.7523129787328573
268700 7 5.7474918614666235
266606 5 5.509344699888963
203149 2 3.8867645345011397
138236 1 3.588137524744668
57581 5 3.493045751021227
41703 1 3.969677003317556
135795 17 5.004816994995172
269750 14 4.759138214791036
56487 1 4.768770793803965
210122 2 3.432071284510247
56721 1 4.860101546132652
33348 6 4.8200334909908165
23484 11 5.010536284277037
32000 4 4.1096003892055615
57723 6 3.7372639637036813
139418 3 4.646876369643533
327932 6 3.6037780643970723
263887 5 6.026379262176132
48450 4 4.441608042920781
4876 1 5.3151596351103745
394119 2 4.010678438931694
263779 4 4.693793456663581
263603 3 5.712351164193354
134817 1 4.5290961063067385
51677 14 3.639854863600967
56347 4 4.588532784401563
137234 2 5.234932119399484
267518 6 5.392367214391642
23389 4 4.397249110592904
21594 1 3.725779866912872
57259 6 4.156072145796866
137575 3 5.168473634966402
204626 4 4.992673789165666
10165 8 5.303136741126259
133036 1 3.5857443152086015
61662 4 4.809722227426258
209368 5 4.050957158709953
24429 77 4.164187772481351
266576 5 4.794159367365081
24924 1 4.530955494290082
49865 4 4.622473915648657
42435 2 5.234629763557123
44793 2 3.9484647494898715
204071 4 3.9985049575385707
37307 1 5.427557563429413
51910 8 3.809024005257041
263905 9 4.2539877717881875
138839 3 4.002469940156987
57582 1 5.3581048756746625
63088 1 4.641980645092304
262972 7 5.494782389092097
268957 4 4.805297894337481
34560 5 3.6361342843711992
42652 44 2.9507893013021333
39934 4 3.6895367823388745
205083 1 4.734822400158534
202063 1 3.7254705313461067
201184 1 4.019850644226208
132151 2 3.6595895148722533
57371 1 4.4671677058017245
41143 1 4.497730897784201
8395 2 3.7328668560559675
44206 7 3.6100883253304374
34351 5 3.8795598195227736
40151 2 5.788650793650794
33095 1 4.005829670538036
201325 20 4.8032022333611435
26948 1 5.464500346396898
59160 1 5.902367080027293
267173 1 4.750036013603376
28357 2 4.183377231226252
267250 1 5.529832598753716
18916 2 4.614719542052891
48742 1 3.797592746410023
210319 1 4.399797899865435
131365 5 4.333983596575388
53191 19 3.914066816357055
49761 4 3.6544814328228803
52637 4 3.7020469019883007
18256 5 5.054775877720473
45820 863 5.007290428908645
393577 8 4.760593461691006
269215 11 4.531200453152295
204680 2 3.933500567252501
137019 5 3.966338937324954
63202 4 4.032434992849365
25778 1 3.83638217739203
264080 1 5.019966788689178
57577 5 6.91709052890599
47887 83 3.9388021895745275
52696 8 3.681340276142061
6752 54 3.801325518917091
30873 113 3.8196620625490048
60839 4 5.362333412348148
34690 3 5.470546976088848
327767 9 3.412514744320602
41764 1 4.344881297333323
200666 1 5.11381753806869
54671 3 4.530716919864096
51171 1 4.825957072484165
137182 2 5.19145352428897
46124 1 4.4682817846104435
6939 239 2.053319538343212
45352 139 3.0228534545514045
264270 11 4.313876385213744
59973 1 4.446848026109284
35264 2 5.01109657538229
8163 296 5.110043269922577
36679 3 4.996172666683639
14828 33 3.029885962570987
15287 1 4.289604250581261
47626 10 3.344549113059605
25437 1 3.8148221303957603
1537 9 8.47249710751628
267000 8 3.824141070268569
9801 92 5.007569895386691
263091 8 5.871249078324324
263499 10 4.467107346675362
39420 4 4.298936237589577
132848 8 3.9743305375267397
52294 2 5.387970381196982
132280 100 3.9386512342150777
17433 4 3.9697904973455835
131290 1 5.356629338778354
16724 27 3.8424387423154194
14488 11 4.447869438315431
266368 18 3.2872628579715033
27539 2 4.285468767594996
29180 23 4.436000603225183
26288 13 3.559224838124122
19504 10 3.265539439333368
39608 15 3.5430544798174375
268265 6 4.616660817261088
202756 7 5.1370922798183685
197821 1 3.9549654343176233
265674 1 4.46362474264773
209877 2 3.762589073079477
132716 2 3.9396065910622333
13984 16 3.6837081043287676
13813 3 4.039802175440856
268000 1 5.388888888888889
59317 4 5.418226866681289
36533 1 4.446611355021493
202047 8 5.284316159041356
37053 126 3.955095185084995
18092 49 4.0187156571374745
264463 7 5.41507772529027
51320 11 3.8108589214470396
8325 1 4.737129339901195
132834 1 4.975156153479541
394784 2 4.387374486487787
19868 3 4.6796946260575165
59796 12 4.1199982545576646
263754 6 4.566529511721621
265723 2 5.13776729503445
49511 1 5.348160481671426
56642 3 3.898660972564753
136489 1 3.029458717536859
52967 35 4.65220537683
131368 4 4.082122126545763
54934 6 4.407459177208545
138301 1 3.6153961999200095
35661 18 3.180278854026863
268567 6 4.696675881109149
132306 2 4.923796356201608
1409 1 4.463246630217073
60646 1 3.7297037593404587
264752 4 5.999756396819977
13150 84 3.7970649529365907
5800 97 7.487842971626313
61480 1 6.129317014858887
39097 24 3.7185008082216715
132141 1 4.206520807333707
42985 1 4.214942628982038
131413 6 4.10913985189444
21256 2 3.7819372397921787
267259 1 7.251119788272909
136119 25 3.7249039581962804
135251 4 4.585568511268793
268138 7 5.606849287237236
269073 5 4.260949142544026
24397 5 4.481642703572569
27870 12 4.507654671590695
138276 4 7.015570107992112
20853 68 3.2842659054832444
63113 8 3.026118021172966
83 1 8.473595848595847
198888 2 3.8967906405662367
786 201 3.2261736221977553
16913 3 3.5938982560606867
5132 5 4.387973516169865
263313 1 5.190177977468618
22815 1 5.123544359953433
263513 7 5.041506308512924
27823 81 4.781988695835344
29559 1 4.468481124789001
3188 20 4.626016823726256
45475 25 5.8093564627583465
57461 6 9.749848268815276
137052 2 4.3444764543748535
62167 18 3.6349108617044954
14477 62 4.06565614242313
262797 50 4.830152314735905
135712 4 5.161229726474054
132025 3 4.578769295944276
44781 1 4.3324910931068565
197633 12 4.862080853615085
27065 61 5.522702734282241
37109 22 3.0371366280524383
393890 1 4.068771427893547
263600 2 4.451874642362906
42 415 2.570175600199701
133509 3 4.216222616141312
206121 3 3.5887417254577603
49476 9 3.546781276073101
28360 34 4.589021859175149
207234 24 3.6672035764175384
197978 1 3.7816472082315005
268657 5 5.729206515782218
22487 4 3.8432922515630685
266247 5 4.039763533141069
262664 96 4.763702204072923
202521 4 4.022857012628154
59237 1 3.9622222222222225
139771 2 4.774419928248557
59157 1 5.1053171866535925
35783 1 3.969987482172356
46475 57 3.669971025006217
51608 2 4.092774575494356
56707 8 4.301210595791275
38748 1 6.907182639137527
56872 2 3.998689585301082
26783 35 4.371091748408966
267890 1 4.3379141004346256
131642 12 5.461197700332269
29043 1 4.884704720735828
45172 19 5.715206537530683
51435 1 4.635066577397243
44105 1 4.555625253209287
50554 6 3.602530024234838
47984 1 5.925458276542716
1343 2 4.113625120308837
267464 6 5.109661133751799
34706 1 3.8934709118233752
26446 2 2.993090588413802
394814 3 3.0037532162336165
58026 1 4.120557026229294
16538 1 4.77495453825503
58958 1 5.205446911815694
328224 3 5.857253919847135
63965 1 4.94228728538264
53234 10 4.193252171712298
57533 2 3.6555362204677797
262730 42 4.683668399313246
265760 3 5.422177819719219
53866 3 4.469960431022098
263731 1 4.976895492453785
31162 3 3.8832588565578456
263524 14 5.454080394105112
