55086 3 4.493516545759839
30211 6 3.9658059023014425
22669 1 3.8204978036012527
199792 14 3.749945549714866
197204 11 3.660130929500931
54624 8 4.196812691002181
21298 1 4.705791790767161
134363 3 6.173549084245436
32284 2 4.463246630217073
57006 1 3.7472370094489897
19037 71 3.5780433017776185
55086 3 4.493516545759839
30211 6 3.9658059023014425
22669 1 3.8204978036012527
199792 14 3.749945549714866
197204 11 3.660130929500931
54624 8 4.196812691002181
21298 1 4.705791790767161
134363 3 6.173549084245436
32284 2 4.463246630217073
57006 1 3.7472370094489897
19037 71 3.5780433017776185
32459 2 3.871989606272892
395823 2 2.9963322973431437
132480 6 5.005131297493124
136271 8 3.7361814285457795
21934 2 4.13103355821336
266518 7 4.742691941600442
267706 1 5.134350625087687
54870 0 4.071428571428571
264723 9 4.503145200522046
60351 10 4.6900702269252745
42160 35 3.6365565519745267
17129 3 4.630856953011856
45171 1 4.944311036031475
43135 3 6.008825029571737
32039 2 4.488352821234595
2592 1 5.371023915493961
55053 7 4.537375826414426
133972 8 3.5898722317119325
394102 8 4.090844259676826
28204 10 4.4882009116295585
11316 7 3.862782730563837
136090 1 5.036363408980144
268741 2 4.152973049141305
263175 4 5.248553594224792
265960 5 4.567838870836473
11345 1 3.8129804016728635
29474 2 4.105308438254488
17517 0 4.5
328295 1 4.63331351188494
58439 3 3.5263526729325667
205166 1 4.777542780653379
44927 10 3.6382427972430316
21886 22 3.743978958878876
269571 2 3.8639961198903423
262578 9 4.516016378495154
138950 69 4.066594819307107
28174 8 5.100134316189391
267436 8 5.424704828520967
133933 4 4.965805961229161
19593 1 4.199924258372533
265711 6 6.464242117636958
32425 4 2.9286433350937466
37703 2 5.619723603344293
50732 1 4.715406965406966
40464 5 4.574554430156024
60063 1 3.6664811796390744
5927 15 6.445139994928463
13319 34 3.3151076417700733
269020 3 4.501566493283818
197663 6 4.454269827772114
39535 4 3.8919319550472475
45875 1 3.844154488775663
24371 2 5.8343822258117575
28795 2 4.562454469575843
267950 2 4.874044248072376
51785 3 7.323399048518722
17166 27 4.021090696211651
30409 4 4.373200805017462
16789 12 3.9850233258791548
56765 3 4.764722584203278
32338 17 3.5879141517156077
204579 1 5.0707151314294165
133713 20 7.0167029971387205
63502 2 5.714610412929741
265151 2 4.658221798196057
28885 373 3.715444247884857
45724 2 4.903483769740317
5429 8 3.4106912715813347
266915 7 6.355568676955256
1277 4 4.487471589582837
12056 29 4.845830952188474
138749 2 6.020540840471149
205778 1 5.011319452705674
59605 23 3.1566345999209395
42568 23 4.575565302367748
45365 37 5.2267927421904705
15047 3 4.816727220071177
50357 4 3.6969865275197273
59012 3 5.630741980125135
5593 1 5.977524819153085
198471 203 3.924038994650431
31143 12 5.013611371657452
56604 1 4.958181837757699
204342 2 4.054504073827102
34564 2 3.4742881822916085
18875 5 3.977897366896267
45411 10 5.670642453748314
45062 111 4.756658750950286
30685 5 4.642559919484532
263083 18 4.461972552502348
205718 20 3.5032990512701665
201300 1 4.3281258135527425
44540 5 4.119035545773303
61671 3 5.908834094905973
268865 2 5.927913378802083
27980 1 3.866243355258134
9978 2 4.315079059783494
26490 1 4.652159612873899
51536 1 3.7108100242961655
198675 3 4.804025721195252
22565 3 3.5100457177464235
262238 2 5.233718962080762
264089 5 4.36821475004224
49957 4 3.759953436135014
17253 12 3.664894892615842
395400 5 4.578774803150418
268208 1 5.582897361715096
52865 11 4.7232604574242405
37662 46 2.9059458002672365
14092 1 3.822380731838861
36415 1 4.199924258372533
264868 7 6.277345992796646
133693 2 3.705700104807247
45037 8 3.381424506354604
17490 2 5.273081298755153
22541 23 4.430848065632733
53608 2 4.562428860892764
8893 60 3.3201069272888075
134927 4 4.356781040726448
133812 6 4.920501848774645
268540 4 5.8837334602158435
55696 2 3.9572894491927264
56423 2 4.26405040455726
32861 8 4.199432383362034
17590 8 3.8630116609770755
18747 406 4.41979753946607
263753 1 6.005825887774084
266569 4 4.80747817328542
203177 5 4.005087625152495
262480 21 4.083869338748084
6026 20 6.46554269672118
53524 2 4.4687670076381085
267991 2 4.898202754049651
35638 1 4.005363066198192
57970 30 3.800619838200704
201133 12 3.202785399700292
201558 1 5.069778836541509
137027 1 5.199401764011747
265537 4 5.356260742638183
210081 2 3.909274368829237
133202 4 5.429233484175691
201214 2 4.755962553927669
53204 2 4.35355373508083
395437 81 4.357775420561932
27257 85 3.2059606533667333
35958 2 4.2273851878015005
137400 1 4.331062796635655
327996 34 3.7529366179493464
8055 5 3.706193622070716
205296 3 3.791845152628901
62968 2 4.237068763177126
204086 2 4.812986117445392
205614 13 3.208740350344486
34762 106 3.189204583875385
267058 1 5.22178398960548
40949 3 4.348737127822447
57823 2 3.8534685143399128
54772 2 4.423814711561017
262992 23 5.039007626267273
29668 46 3.410633918266145
10430 35 4.334545296096105
207068 1 4.390223400937687
60362 3 3.3475519441962
53231 39 4.272043401362014
41841 1 3.8258477883502207
267593 8 4.075527843689929
51953 1 4.62879149996145
138216 1 4.0245983090585185
44157 2 3.632887030996275
265534 25 4.464865068261059
28664 2 4.906676634107811
43978 5 4.995634591449412
134414 1 4.021219634331776
265281 7 5.12229836938537
137092 1 3.5842273687511783
29892 20 4.687097090904357
23379 4 4.146880804477444
264767 17 5.619288486735781
268243 13 4.305300367873061
266962 9 4.323346708048175
31161 8 3.735912879202512
57001 1 4.0223129922619965
35131 2 4.304005035982284
264806 8 4.6315591837354075
263585 31 3.899587791957444
48015 3 4.649982358939099
52323 53 5.2601142591904235
58052 1 3.6384051134051134
267496 14 4.3571050752361025
18088 7 4.3327044814192375
24275 1 5.815419501133787
51747 120 3.8929076187524823
57888 15 4.720491384505988
22317 16 4.370681815769899
29954 25 4.521070355363163
138783 3 5.594700234729998
5421 17 5.2306823231966675
19121 1 4.0124576278702175
202844 1 3.733459023339976
262422 9 5.07541551645958
268398 1 4.244276911436189
60010 1 4.005383781503186
43744 1 4.007816329373257
196827 1 4.703444217499516
54470 3 4.843310604201934
13729 10 4.16889826380625
20577 4 3.9659460632703487
44632 7 3.8245957774777857
204522 4 3.8231209060808156
59257 34 4.327990099109644
12281 3 4.463525716210445
36970 3 3.917522766457275
30994 11 4.438409846185446
137118 7 4.601037398147022
15702 8 3.885875042775117
6900 53 3.635620259115522
62637 6 3.848795668025266
54568 1 3.8180901844784323
203455 5 4.132946795485431
205673 5 4.002783651735832
8677 9 3.5118188651399502
59838 3 7.169365264911037
48873 2 4.387182296529303
38197 259 4.043017962177953
43120 3 4.431847644813485
45477 11 4.4344416000885145
203602 2 4.392163305527621
59790 15 3.8634085449572617
28292 61 4.532086935332505
19955 54 3.6543565663946875
54155 37 3.3119926552746426
43291 3 3.817553290279929
42668 4 3.5427966085800184
201927 3 4.517991723615487
26962 12 3.035382632822148
17641 3 6.1889895296635435
30875 2 4.144805320401521
59022 4 6.762906596879415
263488 1 4.257924482924483
395891 1 4.462364796001905
63274 1 4.415171371230484
45852 6 5.0903368056116225
133465 3 5.759605821841794
42916 8 3.508763069800196
32622 2 4.808332058972654
52890 18 4.877301513380567
262483 4 4.73880719641227
268013 10 3.7593443362263086
397086 6 3.7088378049578483
199809 19 4.064131232897879
47586 9 3.8540906315471557
34236 8 5.875460215125446
203812 4 4.814920945684493
49795 1 3.691770626745996
41887 46 2.853333226625589
42038 6 3.6622710570980948
46901 1 4.464617873232405
41825 1 4.363348788348789
267717 2 5.12770968039441
203610 1 3.9575903803219865
196784 4 4.212924553732277
327749 3 3.798787540823897
209023 5 4.641207495356674
12566 28 4.016764518855599
55609 5 3.8670843805731074
17011 29 4.2525411756683535
21003 80 4.972852008755288
62571 13 4.170932524145922
45779 1 4.947534897797503
3807 29 4.2710661154860174
38091 72 3.8875042482634012
24085 102 4.200046930935223
19098 2 3.801939580745286
16689 5 4.810669497284074
268216 6 4.714724192855268
53768 15 4.021984008422637
61091 1 4.471542742971315
38666 9 4.888888888888889
395624 11 4.193685050755338
16604 62 3.0557523516998977
17143 13 3.034073603972067
267938 5 4.635880932147138
262693 6 5.272536263227015
199620 1 5.078418935561793
204698 2 3.8615626713158533
49426 8 4.6600010665235585
205552 1 4.513612433921602
8491 17 4.0493722556147445
6479 4 4.871707107795173
17072 526 3.782171412351784
12168 1 4.693149677596683
1321 11 4.587859856598902
55479 3 4.252443627020831
59701 12 3.998203428292253
52861 11 4.427424848492959
135792 7 4.150094129112581
60384 7 3.962095516826166
48347 74 3.553998474884125
198279 15 3.778254161384396
61133 3 4.659871594332266
268225 7 4.207470139984946
55769 27 3.5023483617517024
268584 7 5.071330683546592
52598 3 5.903317934270315
50712 3 3.7006918145762446
3728 34 3.834914331304476
20398 17 4.62188093596899
34550 10 3.557196496865177
133007 5 4.746500965351409
38765 4 4.8144772200067765
395955 2 4.8865448511977325
3347 3 3.5819671884765447
12846 4 4.130139017185527
25221 1 3.9891808082984554
19850 0 3.0
268881 7 4.958778590191263
269081 5 4.945885469347452
205344 3 3.3274101715864592
265823 5 5.589992867369035
27370 13 4.18477627596894
30602 7 4.302360312915643
40986 1 3.38342591593286
9650 60 3.842598771819248
327951 1 5.4919285408078515
28548 126 4.436146936829
44324 1 4.1510773901604985
16642 1 3.8021912670434843
28009 21 4.248256625091752
53160 19 4.690913853717774
44750 24 4.303080501519391
56450 3 4.029651228736281
18593 13 4.46363124114258
50895 1 4.389356471499328
54098 39 3.057334550187579
38596 1 3.9818787772159814
37931 3 5.356015498389562
27307 6 3.8835708376307077
57199 5 3.422089244590561
51531 11 2.9918561110297968
49770 9 2.9871490606073756
204694 4 3.7926449810909295
393895 7 3.9770244766118985
8987 40 4.242441560230257
263407 9 5.013081737842844
25651 28 3.535616183849776
28629 4 4.867313771488638
54314 4 4.369319316880893
263885 18 4.629056607690955
17858 201 4.319302415143086
13054 7 3.613645259825238
60427 11 3.548053456946962
56663 5 5.0638304516919765
204526 2 3.608599585999122
21275 1 4.5708003174860075
11882 5 4.377655256620774
23516 3 4.326916230453098
136352 19 5.923114583892964
23838 33 3.9796579128181175
1654 2 4.104325394912591
58736 10 3.9604189979278526
4393 2 4.1459253745706945
53907 12 3.3819904568559727
13980 3 4.069652507299695
134542 11 4.486888156791567
206777 1 4.5406985769825825
27669 15 5.172644135233482
203137 1 3.9413710627996346
133421 28 3.822716819772095
35760 5 3.8542931255847193
264459 6 4.267084742488491
41953 4 3.6216310270292533
43550 20 3.8205600734051535
132467 1 5.182704797336133
263213 4 4.710946614834749
53236 22 5.024715164213407
61019 2 5.6059039967733915
19016 23 3.441217228853654
44526 3 4.470783423113717
54617 4 3.879830505556396
61818 5 5.174372992637069
57764 14 5.666318274161212
264865 5 4.7734333679119825
52959 1 5.328640407211836
44327 48 5.514977641465147
201492 6 3.741408959262406
32938 1 4.440533000114281
136465 1 4.632753733773068
39368 4 8.094064672439766
136649 1 4.629118957541578
19082 51 3.794028704435631
262399 33 5.035395632659219
31654 8 3.923056962290488
203527 2 3.9985444403696744
31827 2 4.119324692917444
58913 4 4.105132765348856
48124 4 3.881546743159769
53719 2 3.811868425924256
262927 2 4.498871818632101
134283 3 6.008598285671452
57988 17 3.794209153158241
135706 10 4.1952726427470175
34623 2 4.2355438487081205
262905 11 5.092954925344846
265050 11 5.221354515376078
14651 5 4.563322231791537
60117 51 3.773673819878212
15055 1 4.623006094434666
135239 11 6.450377274686531
22652 94 3.1688201403816887
54535 43 4.144116302116275
10996 5 3.4901416565803447
26574 2 4.303692967313656
19004 4 3.905974392556905
263954 2 4.795933725418585
28820 2 4.003371535839591
52708 10 4.2395771895119605
1294 45 4.134021899201945
33023 2 3.802935695350937
37534 1 4.42581906508015
268776 7 5.456716761977755
35748 1 5.514591203300881
47466 2 4.689457777436472
395426 3 4.6699026727958755
42240 2 3.553139671559098
60500 1 5.069677379498807
201123 4 3.741239436395822
23201 301 3.7240911083709443
26954 9 4.629814501726481
33160 3 3.8159151728281464
209252 1 3.6908038070480464
266223 4 3.9312844954956705
36688 7 4.21140665802955
206540 1 3.8341430965348646
40080 1 3.9921358898422428
202538 2 4.237979612979613
38461 10 5.008227196413186
199837 10 3.012904136111593
205888 14 5.441231783054682
7677 10 4.624571117236353
62767 1 4.199615043777605
7234 1 3.6477173236389833
134242 1 3.8753220787963727
45517 1 4.805952546839245
59918 1 4.438519748815315
138107 6 5.6137879928836005
29424 7 3.354286315244464
60509 3 3.7808667247312977
34065 6 4.094421678884619
9965 8 3.904974638622589
60945 22 3.1638193613478736
48929 1 4.890068705544896
62695 8 3.0104787501688324
6867 3 4.966370302795132
65591 0 4.0
27711 2 5.703567477289095
32015 2 3.78873633664274
45546 6 5.990196830350003
61111 3 3.824444481136944
30175 37 4.350131346524562
209501 1 4.346210629059562
51667 1 4.34805192844513
21780 1 4.738380078232295
209076 2 4.313328574019279
263802 4 5.340292824340435
268058 1 5.333294897117985
20416 3 4.111504846878714
8334 5 4.498826606125671
21757 5 3.8117786977028563
31038 1 3.6384051134051134
58533 2 4.915841165934885
26923 2 5.200479582717495
24499 29 4.4671609503972975
20172 8 4.18018116337444
56038 18 3.926767874776636
51411 7 9.176235310593162
134449 2 3.9922337989765557
32760 23 3.573017157158891
46057 2 4.454240819304016
393766 1 4.9762889881422
50145 1 3.965054776208548
11931 1 3.7413215547451997
60434 1 3.8314253628968395
17857 28 4.961223441643354
210079 25 5.121187028366513
136637 2 6.01450252387034
29683 3 4.551108720285661
8104 2 3.8935282956429935
61751 15 4.12284814293592
12025 167 3.6561017416717596
39640 1 4.351591364984222
139278 1 3.953304673780979
56647 13 3.1643962942712522
41334 1 4.062444368294582
52146 1 4.038461538461538
204540 2 4.22051311796714
31408 3 4.75241577798228
15854 11 4.810957315798989
23158 9 4.011001923058719
18596 3 3.1567064702217067
268640 3 4.562112548069711
37254 33 3.597379042310503
29187 1 3.760914139186663
39346 1 5.428135891746253
44232 5 4.5622731116345125
10578 11 3.644754446718776
52389 5 5.05840231156944
49788 20 3.245217220587954
52536 4 4.998969441470233
204400 1 3.836972099059272
25490 49 4.123599931784497
28338 16 3.973281891903183
25584 2 4.379155822815603
267142 5 6.502387636506424
268156 3 3.8023025499201037
23688 41 4.489281665343647
24501 1 3.5586602550888267
269498 6 5.0805962734619685
47420 2 3.9217217557049247
8685 61 4.625346264363403
198655 1 3.7953261523920436
206004 1 4.802744807646285
15026 11 4.201505108329244
42537 1 4.627281977281977
267630 2 4.157183670445669
137570 3 5.957098866717042
137862 4 5.312736927367469
25122 37 4.173048869550778
265728 6 5.426679261364957
20299 178 5.2326434655433856
14332 5 4.077568698199043
133132 1 4.9554494107848726
51166 1 4.714874852387168
135061 87 4.392076547572292
17225 13 4.20294442329891
265895 1 5.77315386595251
33975 2 4.303249427091791
32034 58 4.124935235450846
264135 8 4.033271637193202
199859 1 3.8764018229535475
133177 4 4.008456551026209
60046 5 5.693748339252269
35104 174 4.338751289517662
139215 12 5.866183941384641
264483 5 4.267158178280174
34120 11 4.426025661162713
10647 3 4.426103408362697
18176 15 4.355103280135691
46915 3 4.010468603778578
266310 2 6.392945284186609
269231 7 7.543667063908329
21321 14 3.679330857240696
8319 9 3.3084137176892288
268063 1 4.356106722444982
32772 1 3.8021912670434843
209196 6 5.066048328065087
49976 1 3.7587998311212596
21309 41 3.484639627726307
27950 9 4.801751829836123
199405 2 3.8556986319816104
56466 34 8.060636455308344
137002 1 5.101164082820951
50386 2 4.860682452726741
56331 2 5.260271328744236
267285 2 4.828150971014127
132943 1 4.981271875360546
63056 3 4.774569921773483
8382 1 4.135700414963087
268800 1 5.689681704295825
44763 5 4.043439003669163
39604 3 4.373946836675734
393795 1 4.867324180048636
203708 1 3.5622505643294553
55710 1 5.006175761840787
49585 5 3.7706508794932043
263544 42 4.3244780085313606
38546 9 4.737923926773585
267459 5 5.866169649486525
29312 17 4.239225672767043
19120 2 4.664149431671469
268966 1 5.076755022557568
22113 7 3.735443348823697
265657 5 6.521754311465996
46214 1 4.378883749589825
63582 15 4.894870739540643
41622 5 4.089645039882185
266654 1 4.501134518646834
55902 10 4.952569446544634
38433 2 3.8229333813184745
43410 1 3.8759021401878546
16605 3 4.252235622410817
46925 55 4.279619928798925
62743 1 3.818671147012691
48038 13 3.505702059642214
5500 9 3.3159771729588825
210311 3 3.5457644073110735
12380 6 4.141522647952968
204686 1 7.784913276834459
53985 9 4.2815438985090175
263116 4 5.384908056800147
44173 9 4.444064822389458
40564 3 4.771039239149387
201602 40 4.026175819121425
38835 162 5.649861914229779
131466 2 3.8435562774886627
265531 3 4.215875871995379
26057 26 4.00202651439559
137142 4 6.006344992658621
55507 14 4.273987964084672
59869 1 3.9494788451377123
10936 1 4.070237975532093
267714 5 4.751214544440596
23881 93 3.4582136794699907
35971 2 4.53042559520392
45525 1 3.5843864358745314
11279 17 4.009566728443589
48780 6 3.814545373608447
12200 2 3.879309800613564
133527 3 3.6475428548517566
131722 4 3.47005831883112
40000 2 3.9399812957442375
265231 3 5.9120154324256005
202640 2 4.89921142711572
17845 17 3.823159002484079
268100 7 4.635382779613924
61912 3 6.066481839356864
7843 161 3.3172456536939783
133827 10 4.127763171977256
48230 3 3.757393858543262
40341 10 4.284892408159142
43957 15 3.5933361037767564
263185 12 4.9123454686805035
263416 6 4.867272298143969
48462 1 3.735200135200135
138759 1 5.113741235616235
50811 1 4.530600310299559
206728 2 3.8027328539787173
23078 6 4.113431743682578
265559 2 4.579220832917359
42580 5 4.548877777194856
50437 8 4.6129202749689275
203157 1 3.7999952468666374
16290 2 4.376316353477033
36985 9 3.683020302376933
36535 3 3.807078389084118
393475 2 4.104459097169417
134520 58 4.742981927434512
137174 3 7.017026394210303
26935 11 4.078312337978546
208825 1 4.530401804909194
34937 6 3.686701431261245
393364 1 4.471934382013041
59109 111 4.340480647211517
34701 1 4.038500153925905
14689 4 3.062915376065194
2160 6 4.799294092151236
25869 5 3.9121389970439475
199084 1 4.862160051367045
57360 1 4.74706268621909
49557 1 4.741564110918949
263623 39 5.202450929063048
1935 2 4.294283626904187
4307 3 3.033753484459972
47597 1 5.099385865457293
201367 4 4.325464197467964
46766 4 4.900847610669473
48475 9 3.7456337512557796
38363 20 5.279740834730807
136514 10 4.223410038292908
58347 7 4.105586627367332
12469 0 5.000773958706288
10778 11 4.357651162808131
12186 1 5.026060546268675
398072 1 4.776151911398218
138878 1 3.841596615777741
328125 1 5.107994049284015
204122 2 6.093863634882724
60919 1 3.7766875890028606
52167 2 3.8921686058661553
136309 1 4.627180282239807
208340 2 3.768464494512056
394523 1 4.804744111024898
14017 16 3.81257288741381
266924 6 5.722858444110512
25617 5 4.924556849719795
135815 4 6.0162075481533615
268938 2 5.123360220107522
396349 7 4.8980705652410546
134910 2 3.579646576968006
131476 14 3.741974606751818
5887 1 4.025570894307507
395163 2 4.527318613985713
15529 4 4.207799570571784
268394 1 5.984499423495997
42525 70 3.4063016170707914
395438 1 3.818877290075977
263186 3 5.799088842909695
267366 7 4.619228825993155
45830 1 4.912867410793678
59730 1 4.605531857149034
10235 49 5.199165783052465
50704 1 5.771163350196601
50157 2 3.9936901201220767
60820 3 4.736910007886574
19544 7 4.1337107573444705
45768 7 3.978831055333418
11271 57 4.534363948746561
55333 6 4.720954160901755
267313 8 4.549168322579602
267668 4 5.437250290078588
205169 4 5.992507924166682
33651 42 4.1285983056568485
21753 1 4.602462972736988
198704 3 4.71751398475001
44491 6 4.837978587346447
36844 10 3.9615759618273794
204925 2 4.104323423694724
11550 15 3.5263545771300757
54858 43 4.418879803693149
55459 1 3.6445526585407544
50015 2 5.758773657343299
263504 9 4.884430729598342
268478 14 4.182689984631443
45051 6 4.369008870989465
17764 9 5.127333546714202
265708 5 5.613828129339741
56588 2 4.627889134977651
25845 3 3.6945977555120337
199484 97 4.3368646189674696
46416 13 2.9818973632685792
197140 3 3.8032637292410216
21310 7 3.743124428571766
267029 4 5.621178001529655
12668 17 3.42402894323239
50624 8 3.7219695765527234
59610 1 4.728884541384541
35622 2 4.653689859782297
50821 13 3.5191159399055674
36357 1 3.7521829156065616
202211 2 5.428124931080596
49293 9 4.6867926924794165
64077 2 5.50161263750222
16705 3 5.74014826953569
135860 1 6.568513420001516
32175 1 4.529773915496412
132277 2 3.6534084239478384
136049 6 4.224543781452445
38541 3 5.127958402272121
28258 47 3.7764451805489263
267089 5 5.017700299581195
52418 1 4.311781988916636
31923 3 4.178380124366295
268705 4 5.599856060811981
30517 25 3.4161049187004187
262933 2 4.002047804785325
132161 5 5.326744078360744
266057 3 5.193389316311745
14145 6 3.7855118001250467
199233 8 4.4533240187229755
43037 12 3.5405551054393283
264809 5 5.748653244014027
32829 10 3.836944519337419
61334 1 4.570827673208625
16788 34 4.435919253427933
265055 11 4.722842236859007
57871 7 3.8107258357513856
137557 8 3.2599423440279756
136646 4 3.6064053781315684
268324 4 5.917100296890221
137373 6 4.338828181291824
138184 6 4.005514595179645
268982 6 4.389157022570943
52682 31 4.832771718636588
326 4 9.473651002769458
265217 4 4.493920316418197
265201 2 5.053817670359598
267319 8 5.380032405541665
36922 5 4.624121263845628
60433 4 3.5106599749456895
35470 132 4.550803990167998
56485 20 4.496763480938355
9451 3 5.534640643006104
13645 11 4.120874599494116
13043 24 3.803024348230291
28534 19 4.451721367179762
53661 17 4.258138680153326
62154 2 5.199899955348205
135386 70 3.1582390870182033
265067 1 4.491051319392334
11049 6 3.6354099918043166
18842 4 4.204846041887095
40480 1 4.659244202552905
28190 1 4.033969602863612
263908 5 5.5589367546023185
209031 3 6.443772440958655
200705 5 3.5628606705489965
22898 23 3.074142615606328
205728 2 3.6318557270663954
2042 9 4.993490834391023
196863 3 3.9043740418063106
43615 3 4.372826839091324
8698 145 3.7707804522341877
16500 2 4.1330934937049975
61677 7 5.088032926433392
32430 5 4.73767727782911
268084 1 4.4752814539349846
42574 37 3.526502149612592
262714 1 4.915877977629129
54600 160 3.3639318792715147
201508 13 4.591843868476101
10219 32 4.660560691991664
45538 104 4.002013587116257
64006 11 4.432334692110111
132170 4 4.973685764709764
268759 1 4.270971467868019
393356 1 3.8065774206332503
43074 6 3.92805224816781
50411 8 3.9587243827984286
39818 1 4.695666730642101
262313 13 5.887114455181281
12022 6 3.9273904432902293
46575 3 3.777381580198638
22876 2 4.612371512256304
53975 7 4.370588838062817
59546 1 3.8942528613214584
205394 16 3.3423139766919223
36545 3 3.825239698661613
36364 3 4.11841843884835
206870 1 3.8019846482654365
47811 1 4.420453421833078
11556 65 4.383900060193419
264550 5 4.3758264789686265
42195 3 3.883318468297453
45832 1 3.8127843786061946
46876 1 4.770352494765466
138500 2 5.879224637346132
56829 2 4.125813703412414
328402 2 5.8207754248460155
267665 2 4.068770847027721
48024 2 3.3859652632820754
395595 1 4.2010580452206066
44712 3 4.258056704706513
198787 2 4.418275261684577
43227 2 4.072056533682892
135010 5 4.398788129438099
267393 14 4.893939753586334
10469 12 4.20104664342575
132824 6 3.942916248526177
267145 4 5.717781823188596
61340 4 4.238936494498088
268133 9 3.894749678152274
32883 2 3.3768208128197847
136598 4 4.563873315252994
64239 1 5.242572354665951
64095 4 4.287905081186939
21726 5 4.4774087940441065
58330 2 5.864488582298228
62698 3 3.049035554465815
262963 2 4.201804537210526
49627 7 3.554178118877365
43422 4 4.8065822661473465
206828 4 4.502405474352052
45679 1 5.724545589022459
55781 6 4.209009625149482
264757 1 4.462400630750384
29801 1 3.902663045766494
20355 5 3.8777303765682762
201222 4 3.468907499939408
20495 15 3.1383476384473825
262283 4 4.201790704147213
15869 3 5.269945414020927
15238 4 3.942075088901854
137150 2 6.013326307148242
394347 1 4.1798596450074275
206486 1 4.399255705323293
21299 1112 4.7121406954361404
25491 4 4.7551983801183315
30853 1 3.927664388436278
204846 1 3.8086903201617965
263061 1 5.0750060291378025
263644 1 5.626975637936229
51279 1 4.83004887528697
38523 7 4.051725516253114
56081 4 6.609711244675467
3083 3 4.152266360714636
263594 7 4.660794263587255
13440 5 4.606743873694239
55670 14 4.533503915910272
134175 1 5.063412843769986
138755 2 7.0172783468432085
30419 18 3.613814894710152
328228 7 5.127443500372076
8928 8 4.249389582309084
135825 4 5.9091241072164875
58246 3 4.372765610576913
27770 2 5.6553456849721115
33465 6 4.504702817749997
58476 7 4.241715561910004
56596 16 4.197788349237398
34110 1 3.9463253221873904
45005 7 4.234257689874775
5495 26 3.7133290903650167
31459 3 3.3811559642418274
46178 2 3.823215094664408
57785 2 5.530236612502624
62422 1 5.068679935442608
36375 17 4.897163914485207
21707 1 5.313448736995535
205124 3 5.952313796402467
25299 5 5.197323055319948
267386 8 4.833046296518218
135437 14 5.026801173442029
266383 9 5.016437231950925
48981 2 3.850362070414871
60110 6 3.5715421478429348
38701 84 3.8421008725957533
15807 2 4.011180395949458
16643 5 4.340906903543528
134250 2 4.590924727829491
23031 28 4.885435370386285
55757 2 4.959566587171268
31310 1 3.906947928997618
135615 9 5.279248879429205
23012 5 3.5361577766577663
10425 5 4.467167774829032
17834 9 3.876244409268481
197401 1 4.128043319114748
394840 3 4.325636022843287
47359 14 4.315946505289562
265998 5 4.031749927012524
47986 7 4.223985148775064
48879 1 3.954042486284857
42346 14 3.393836249980542
50264 5 4.701265833835462
3388 8 4.853007511878414
54967 1 4.688042027538292
7660 6 4.192011848648554
210285 4 5.020446427731056
209963 2 4.808529242149931
197853 3 3.648748310549135
209898 37 3.9861099645450704
34073 6 3.945781910008621
196722 7 3.6512747333942577
20027 1 4.231062790217141
31475 3 3.8682253335694603
40396 12 4.618761723551325
20972 2 4.957860229072837
26920 1 4.351443148064393
6083 12 3.728674994478309
61504 1 5.024542566473462
198254 9 4.579268456183173
139402 1 4.747602065877928
48759 1 3.7612047693980464
16895 8 3.728001037967816
344 17 8.056054838271963
56375 3 7.0
46449 19 3.819834027213291
201924 25 3.813124613759585
10279 102 4.122252693802182
6566 15 3.6420791713576968
28783 5 4.241417875929639
136940 2 4.755945178466717
8084 1 4.565468822365374
47692 65 2.7655393902454706
19331 31 3.9666263010512224
264538 4 4.699411299598968
28361 15 4.181576764330193
24003 3 4.049511600435984
209724 10 3.631352238564163
198723 2 3.826263602226734
198212 1 4.1287978289418374
18 8 4.523621785087589
208477 1 3.98210212075646
204726 1 4.881923268530412
11736 9 5.324344219301621
36992 1448 4.817712827492865
5972 2061 6.568127967795903
136721 2 5.969031873285712
30452 14 4.1630264802797035
34857 7 4.113593228682173
264707 4 6.113083248625122
57036 1 3.996068107048918
18399 36 5.648852123877769
198431 2 4.292034204049129
61580 8 4.255201544478169
139006 5 5.2171145689605805
201689 14 6.982549204702632
23376 3 3.8264609227326813
40794 2 3.8045662269337592
2 105 5.091770163085175
132407 1 5.69546855261141
27230 2 4.734087713854688
263233 5 5.532150806682826
11612 17 3.803545239831468
327845 1 4.722751904180475
36407 6 4.647863419423556
38192 18 4.0613392744601855
198134 1 4.633352076462769
264736 5 4.735794689534789
206666 8 4.842896383257416
2594 22 4.285207988745461
266747 1 4.783775586224273
52033 8 5.575709450495986
200532 21 4.411805764935198
30261 2 4.466874205649161
57566 1 4.989524539294124
57332 6 3.0707716171695005
34339 10 3.9331543609129835
50971 2 4.240507635937938
136272 6 5.529154961058783
200835 2 3.8745581854940627
207002 4 4.521652054695753
20251 7 4.517577727691429
6870 2 4.576815625181987
58025 5 5.26779723172618
135811 4 6.237257287542113
40915 1 4.115302294858945
267666 3 4.4745922648994965
197074 2 4.738031595241275
57822 7 4.990763154592035
328223 5 4.007213415299909
51091 2 3.9464701670141746
57809 56 3.316227015725191
33891 0 2.0
197482 6 3.8200825524833664
10806 11 3.8603435100620542
44789 6 4.528313355273971
45489 2 3.8676280796173494
57029 3 3.861644104407521
18544 1 4.199924258372533
11527 2 4.450946526562289
42864 26 4.415860768988271
33645 2 4.951401977438897
11966 9 3.8332853891065035
46452 16 3.56869491774456
266946 5 5.926043082812815
45656 2 4.579702501195659
62079 27 5.712283542720033
51413 2 3.9092751259797014
263502 7 4.339878550738606
264254 6 4.574905918650779
8393 64 4.496100627017648
24850 1 4.661357205628365
26621 12 4.865844384950759
41940 1 4.010534967677825
28419 6 3.9568051662973547
18307 2 3.9042915631122574
200870 3 4.381371260738548
26658 109 3.15699231380174
197042 3 5.223417961386745
209235 5 4.395150830185372
265901 5 5.624644920032738
43965 13 4.974207813913294
48159 10 4.986828610908016
43363 1 4.292169401796731
49877 3 4.511367637348054
268128 1 4.24460266875879
44137 1 5.613406694325473
42878 1 4.361183227081844
29341 1 3.775377874537539
25159 66 3.847485447957458
11278 9 3.8806714510489866
25000 1 5.123604991068045
33819 17 3.8123047362355256
28709 10 4.108030353156589
60684 4 3.616487224137999
203474 3 4.443113391623966
197278 1 3.756835413679366
33152 22 4.074110375136873
135851 9 5.429026855514127
25678 2 4.066484567117049
136335 4 4.616330097576638
5307 54 6.465124764703538
34322 1 3.821270246550097
14267 8 4.175655798888128
56060 2 4.184795749064023
264096 10 5.304812959180681
8612 29 3.443178066008432
3255 311 2.819562889141829
395061 2 3.83223833819893
64026 1 5.055816345731465
37548 1 4.90245605364653
328365 2 3.9574278166281585
59740 1 4.104258419046982
23939 96 2.947878395790487
17439 667 4.451822209223441
18004 179 3.9953122498707097
139366 2 5.468270899820278
53326 1 4.511833425538468
59568 1 4.3274771326423025
62912 1 4.546448620709705
48563 1 5.620486545720738
395276 2 3.9441594243195226
136175 10 4.529122873664365
61739 2 5.5335784278383375
396965 7 4.468813226460812
18241 10 6.081077557193207
267280 5 3.8022534166773605
328212 2 4.854254400040036
7546 9 4.694993995537863
138065 2 3.950923397664841
263477 4 4.484618624354719
14907 16 3.0628644277708976
268087 7 5.470952873162217
26327 3 3.9693046710020172
7470 629 3.72644011448967
37228 106 4.620930110237647
265073 4 4.813588318453054
59772 1 5.689674151792379
31234 2 3.7737031247505515
56124 4 6.014131703302475
64473 10 4.280068423807457
139521 2 4.619781320971798
11915 104 3.6537146230796176
7377 19 4.66536784541933
203230 1 3.8014040759255776
8586 18 3.761782503903123
52896 7 5.411531519535371
137199 6 3.8556950179851817
203810 4 4.695761873594385
53122 51 4.227648026433028
202144 1 4.336743649150482
41668 64 4.316634156268642
263808 5 5.564631174157768
62947 39 3.626307351800649
62010 7 4.057593345360447
44412 1 5.121691337762766
32787 330 3.3584246034772605
208883 5 4.63405503403291
52977 42 5.122020652268963
7500 5 3.6038788858387494
15943 37 2.8582785555555654
22822 84 2.877502642209959
203161 7 4.7592565386490735
266767 4 5.334277484146121
133453 2 4.683209009213832
264849 4 5.210174297257952
1785 1 4.509796368868619
10207 9 4.96906024543918
327853 1 4.858284793264141
28306 66 3.85821260843033
28937 2 4.116569775337119
14419 2 4.499987879641199
35835 1 4.71749493892351
265848 5 6.038746820017245
196893 1 3.7694312631812634
133382 4 3.9381835898823305
1215 2 3.7089284873626425
37660 1 4.72037726732308
48339 8 3.7377630363928596
21987 1 3.8074592548484185
265540 9 4.173933754320318
203471 2 4.28974064581293
198232 5 3.9512380480303064
10958 20 3.0358799038962987
269253 12 3.59406064593108
44050 101 3.9934781713174785
60621 3 4.849917672738538
38426 8 4.913085029760798
396472 7 4.66615992764447
1700 2 4.907751292615778
59770 1 5.345658831322948
267121 18 3.7647893623626336
262667 3 4.429499924821569
394740 6 3.03410654473119
45162 2 5.864850683164878
262929 1 5.805670270023718
51725 3 5.299835289923228
17580 1 3.902704261524956
264205 2 4.478807762854653
34825 1 3.806515164273785
395654 2 3.872935113191646
57123 1 3.6196050874622308
42017 11 5.7099326143616365
139328 10 4.0257790117834755
263740 6 3.775276907912377
132829 12 3.846255315734254
394225 3 3.9046910704280955
51644 1 4.079301505147075
39347 1 3.7500018524696372
133491 1 3.5844620216644034
43677 5 5.076575922964326
38264 302 4.008933091154326
34769 2 4.840552671824776
63156 7 3.951853943372515
52262 39 4.872213431795778
24832 13 3.7806115716969075
29522 8 4.344561471568638
47327 1 5.0434263328352
135012 4 4.693309477199589
51668 1 4.008468590570355
264208 3 4.895858392311709
36592 1 4.628145307529544
394899 2 3.9842635293493123
134020 5 4.976976151762086
25465 5 4.087228054366714
58433 3 4.951419465081488
32786 3 4.137050340467555
37588 5 4.452630825862331
54152 2 3.8208873611336673
262761 40 4.110810394953335
32924 4 3.6041392970949624
13172 5 4.300330577450385
3242 74 3.657216086697864
131759 4 4.019431092590161
56492 1 3.7402071358876574
201746 27 2.8354506397420796
61762 8 4.948684676607609
32451 2 4.846862644436025
198110 20 3.957967907648635
17750 1 4.642509915435908
47980 1 3.7471195130181307
264669 3 5.304127348950187
266377 3 4.934147737626961
62975 6 5.198473457951953
22186 14 5.467989490939182
54876 10 4.2408029840513946
36755 1 4.152203873788438
137248 4 4.48944676503579
63874 4 3.8749043277489816
199965 2 4.13012363946646
132815 6 4.850275139080969
32796 1 4.8770677926342945
56623 4 3.7926242739318305
58590 5 5.0780689214849675
2857 10 2.8866088709744893
28027 18 5.688145375966904
8077 1 4.872249702380487
208677 7 3.9087162902286385
54538 21 4.020985534774414
267279 8 4.383598208279823
395050 11 4.427443520719383
201196 3 3.6900423248087058
328250 3 3.8036941422783053
202543 8 4.356538463010741
9050 157 2.6559802719982826
25577 30 3.122090844647757
24945 14 3.74612160954101
20116 14 4.268628587036058
394331 1 3.811588935995684
264425 8 4.9604569266942935
27262 10 4.6746715302352655
262909 12 4.262192374765817
26757 6 4.1796696904657455
202978 2 4.154896955041813
266831 6 5.775036335957987
43703 1 4.2970474295054135
2506 26 4.465596137732949
15402 1 7.745148894163672
137950 4 5.137592593902265
17390 10 3.883368040118031
18150 7 4.152037611265353
14432 2 4.9620866080098995
48882 9 4.903004687371448
34969 7 3.8342818359867903
2861 4 4.804104164345672
38891 9 4.210705345651756
265788 2 6.557589226059129
264164 11 4.808299872331135
268581 7 3.4353885898344676
14762 14 4.630914751795597
133233 1 5.566474178378941
200799 8 3.47226893273307
202825 2 4.1336124719464395
23274 11 3.982275081234716
17530 5 5.587613557659683
23059 8 4.079450737572336
12581 10 3.6471793151617455
16243 1 3.915315795683996
52930 35 3.9669747498602623
52336 3 5.414728372384757
197008 6 3.6614547053676434
43514 6 4.771837704628666
21646 5 3.9879110613291004
61741 14 4.203077208966797
58627 4 3.268478612681762
198588 2 4.067767858244049
18322 6 3.9157733621858775
43364 21 3.775977869774503
52675 4 4.6784836433164525
42708 160 3.215245365703768
136852 2 4.774917345662877
1625 1 6.0421904040130645
18181 3 4.767141236188855
41126 1 4.720122387518599
6931 2 4.236594497639162
39056 4 3.8550612222692715
267357 5 4.3680727623430835
198488 1 4.764679800040376
52855 4 5.310181378880093
5087 56 3.725675630666894
9654 4 5.000262597927739
200596 7 3.9685773588580973
23304 7 3.7885617637139126
328043 2 4.308297550903275
30779 5 3.788889738134075
26422 10 4.211824810046565
263189 9 4.802554621568395
268707 3 5.34442859442669
41972 2 4.752220441053064
62199 2 4.941699680180554
52993 27 4.281519705066522
25755 8 3.773612194351673
40378 1 5.35048114264863
58396 7 4.826902103487198
9354 47 3.3989949043430663
15533 28 3.1448089126776617
64433 7 3.5299655262676572
267976 1 4.615321583178726
47237 11 5.169319854318067
20310 5 4.269163674134552
45415 71 4.7972093369308855
137274 2 5.164780717660902
61371 1 3.7306031402283693
49540 3 4.0623445393409865
393776 4 4.55013768243491
111 20 3.761345818076013
55303 713 4.080823814371255
30003 1 4.808570075244952
265807 1 5.018778741479891
30698 8 4.210794762388382
35979 1 4.537232872947159
395795 6 3.8764644942360342
205306 1 4.032008269128548
34393 10 3.7569366604872245
28130 99 4.475950109525905
132593 1 4.467879025812113
40317 31 3.088003713144017
19693 33 3.726441995020816
58065 132 4.576815766340774
328013 36 4.220178551154791
62388 12 4.707248274009608
43586 18 4.4076284874876706
328361 2 3.914057942241065
47927 5 3.3181003793752986
22460 44 3.9148382247404605
263840 2 6.153847530178083
29238 4 4.72390380331731
62195 6 3.8820531055012912
201069 33 5.423300948296941
54258 1 3.7524781078557767
10796 721 4.328967106079452
263880 19 3.8921416374150017
134911 5 4.819501265302768
265539 6 4.3653367574869
37711 7 5.447392641111853
263566 10 4.788178208263007
37519 4 3.260737545606029
6188 11 3.8986546281627765
131293 281 3.6307670293958387
6697 333 3.081345122212171
201975 4 4.1462394667610925
268754 4 6.421142585628585
36821 2 3.8959494026506514
47567 1 3.7670393033041543
26216 7 4.717031822791851
22337 1 4.475443209408727
39051 2 4.01813456269032
204429 1 4.738546902832617
28602 1 4.312162217457784
135197 3 4.03966315284252
44405 1 3.7106855436279744
54521 1 4.1490679557115815
196924 2 4.6824730594362585
33442 14 4.189796166253007
47588 17 4.807181546676818
7489 163 4.227238003906378
268864 5 6.592763701784067
59239 2 4.607524898071118
43646 15 3.5565248051126668
51305 3 4.14529522486999
49818 1 4.968938606458988
136093 21 4.34033575010148
137417 1 3.99146513098894
7752 13 3.5055694736721827
8569 39 3.6324691579033273
268024 5 4.52901213689438
132730 21 4.611750660170012
209259 1 4.738813884528171
60436 49 3.89732737708083
12179 52 3.6011267368803987
1904 14 6.462750004355054
43424 14 3.8304285939969613
136516 5 5.5178178607496
37219 4 4.433610766378507
39646 1 4.6610445500039095
203016 1 3.9322110780783803
135048 4 4.560864006458783
198081 2 4.043674607921827
54084 1 4.337954109382681
26376 1 3.822872440458649
43300 1 4.877074589340599
52549 2 5.161451314436147
59265 5 4.856779147631682
268653 4 6.256727135298563
51503 1 5.617339055981991
56624 1 4.440377524964585
29229 1 3.904572575754842
132505 4 4.319562749926915
40138 34 4.110484383162493
11172 3233 3.7511207725432136
38405 6 3.823662741919895
62708 8 3.924939541577637
49453 111 3.0002408667463825
54821 1 3.0218411437259007
48825 3 3.739278115203871
45280 34 4.444368344692558
205540 1 4.749012231155089
57734 2 3.097600133397106
52548 2 4.738014047042588
269239 3 5.2455698440694665
62579 1 4.121105457213831
205260 2 3.5396325472029675
265871 1 4.665190975668192
48710 5 4.657862934249941
23005 101 3.8563470695595794
46721 2 4.170382025170086
4184 7 3.8173979404977896
138902 2 4.72261531309873
4869 6 4.025310524250195
200561 4 3.513276219559365
209524 1 3.777575049627804
264005 3 3.5293190380579773
41340 3 3.810931668770541
54271 5 4.570085970233482
17916 65 4.392300731433833
265745 1 4.206098799941166
5587 17 3.291301615937318
265472 5 5.5037288872438745
40954 10 4.853617285741969
15232 1 4.770352494765466
207179 1 4.176148903721868
52069 1 4.563600288600289
268796 4 4.969520647804128
267311 7 5.128895648419577
62664 1 3.693606648779063
202849 2 3.9401608149614127
28682 5 4.16484023035437
38990 4 6.596212254848106
262149 7 4.66366984973326
393950 30 3.139045932720691
58952 32 3.8005064057848776
53601 1 3.818671147012691
40635 1 5.039856727837023
2119 301 3.194206611314832
52740 5 4.3815191739284485
26859 2 3.81417716285463
47939 23 5.037932783364886
32880 33 3.7190813565885645
30855 4 3.602990743231158
132774 5 3.697470309699117
136174 10 3.412277772926914
50682 5 3.6803991832528493
204028 12 3.8077263667347796
59573 1 6.7466716051691416
51997 6 4.550509272643243
35214 4 4.895996184006487
135235 6 4.650143836281539
39896 3 4.088745267847553
21817 13 4.445680366209658
61713 5 4.788867090818224
13821 12 4.70788889566403
132445 15 4.612552521983946
264017 10 4.1010318554201275
204280 3 4.683402487367246
203667 4 3.8331067008606547
49136 21 3.7175121771912636
52664 3 5.241189252171915
60670 9 3.7089682819646828
19988 2 4.881537245822962
42274 3 3.6116403837903643
31882 16 4.16007819213625
18846 2 4.693698581112374
59741 6 3.825465572839321
25410 2 3.6698580486212933
133333 3 4.961843847280156
136268 3 4.385253749132033
268775 4 6.513609863151419
35383 5 4.3709381824842595
136085 4 3.9009530471308516
18892 4 4.010145806182553
21368 7 3.4603845302223766
63762 1 4.172684458561899
62658 12 5.000811433049091
29664 7 4.088072689106733
42975 6 5.167665724047617
394473 6 3.705758751549653
21174 2 3.6842337881877025
12618 14 3.7971636384707548
60432 4 3.812612629002098
47259 1 3.6992158270483393
42541 6 2.9353919141392035
41029 2 4.794495997955733
136849 1 3.947309075550362
263114 31 3.8976238476243106
137353 1 6.028153064778681
132906 2 3.8368017269473063
14527 3 4.0023743003307635
265959 3 4.8398184176282175
36678 60 3.764053801431525
57372 2 3.6445257015933046
26276 4 4.570116306662586
22985 14 4.349089997606695
40387 2 3.835729425600178
24887 1 4.37636338959873
46995 1 5.803928577352222
263656 18 4.83978285642364
19718 7 4.68969841861884
137211 1 3.5817536519917477
265755 1 4.742652288415836
33479 1 5.561792887333733
26330 2 4.1987652367701624
57180 1 3.6308843273128995
21648 7 3.8834653025504737
45275 4 5.534527418775947
136188 82 4.059337305602353
23498 115 3.630481171852085
18849 2 4.289609080126703
43413 2 4.552351953054493
40377 1 4.203269085411942
206262 42 4.182320371126089
20325 4 4.289858366518215
31105 1 5.170427650742991
328268 2 4.75899088989503
265671 2 3.7786901428870734
43816 1 4.776019681376824
26925 5 4.83080432652
22645 25 3.6779814931043378
56425 1 4.342461732167615
328384 2 3.475640693811497
199237 2 3.9318208907494623
137665 2 4.082893677090105
17547 262 3.5477474899928696
42203 1 5.009840070675196
264046 6 4.8611788517965255
197122 1 4.693428565747941
268517 5 5.365079546370502
12430 54 3.4171486167652168
43503 6 3.5108837681935756
2726 2 4.186678168808312
35602 6 3.757848584905303
30496 77 3.513164577093853
35505 6 4.410329917008634
394417 5 4.178889469655623
26557 1 3.1449146855398604
36222 17 2.9997132848109302
3302 21 3.571746558681837
29099 4 4.782146668833986
21519 2 4.712656858814916
138494 2 3.953716624897156
60078 1 3.8483028961139563
136700 20 4.628487841502907
24689 149 3.6127571929742457
202290 1 4.0991140824954195
4780 696 3.756616378905393
266205 2 5.082271874124966
198414 10 4.524183368304428
136395 7 5.630946634365436
11280 12 3.4748633538066906
42713 4 5.678449894387304
27258 25 3.174954906754983
36640 4 3.485759263656626
262385 14 4.529225811721453
396426 5 4.011309537535147
268206 5 5.415838832880633
30373 1 4.464171122994652
269280 1 4.55943339770211
8560 48 2.842778711331849
43307 2 4.665543090242859
137896 3 4.22921209712734
31505 4 4.006485145210636
52688 11 5.334048912498765
56030 61 3.824473667544291
134599 5 5.886336362962805
21022 1 4.703379821236965
16937 1 4.1747730956023235
263869 10 4.279895383832961
31720 8 3.7379949045794425
266842 3 4.533553644781197
268147 4 4.111666547470479
262821 13 4.7731961195391435
28457 1 4.415130845253997
138676 3 3.9607277238348138
20570 28 5.05476441720078
26963 2 3.8793177430569585
64053 4 6.074231723986086
52372 16 4.583269102735592
264449 6 5.253986398533568
135813 2 6.014131703302475
24391 6 5.006462593381072
34353 4 3.8369959992768528
268291 1 4.494568093829177
57355 4 5.057618563401218
135360 3 4.700946064385521
14567 6 3.843979271918268
37366 1 4.715012793239864
205950 2 4.19480220200888
2514 173 3.5247765110210825
267291 7 4.8398401968599005
16179 1 4.281290539888982
41422 1 3.843514725237415
36159 5 4.113256605381791
63326 3 4.089742192644234
133942 2 5.109951781681311
394741 2 4.42353586137983
46059 2 4.340826405581369
46644 2 4.175474105350952
33366 1 3.7447976025069627
197603 13 4.255058161648849
40039 1 5.2376299941468245
63005 43 4.353303482921438
13410 5 3.817993103855378
203574 2 3.5531229287517014
2588 15 3.5613080758329816
138517 1 4.965166511368277
206232 6 3.8532915108170815
20428 11 4.467116226661464
203892 2 3.9495031518079458
57599 1 3.757941266648573
136606 3 4.4534633210248975
33662 31 4.07519231547321
28161 16 4.196546143230028
52349 13 4.861935249166047
397180 1 4.470087861447308
2497 200 3.0105208830095105
11300 34 3.0753810877473367
55836 326 3.7676892352910816
31529 9 2.8384411558918226
43322 1 4.7043863500354846
60690 7 4.049088623810856
200747 1 4.394085307457478
266252 4 5.072646442936975
35485 8 3.8881141154080283
9270 18 3.947582461082184
135925 5 4.103849482078967
197674 12 3.8816887087880203
133331 4 4.5614463973774795
26253 11 3.0410019580364707
268061 8 4.5436421883009155
16120 2 4.045295161395903
202086 2 3.8755240392243206
204390 8 3.1366916782509073
62463 5 4.953127015819949
263659 10 5.877277530775172
49699 32 3.9407733260676716
33378 9 4.5576362879487915
263090 15 5.664475120297892
37499 1 4.3504872677040165
12004 1 4.642421562199888
60779 1 4.796474516434338
1519 2 8.475057367975044
43883 2 4.864097022218786
45158 21 3.8261890925159117
394669 1 4.436087703575388
198338 6 5.828581424413555
50382 1 4.732284610117123
394907 11 3.9653848340669438
39029 6 3.628319647921173
61244 5 3.1833045480784157
31474 14 3.7614065755106685
41569 1 3.7524367661841844
26476 12 3.6656629371771112
20443 1 4.514359498981831
7784 11 3.120756576967653
138638 2 4.5567187414317525
14080 152 3.7681913775856963
28589 24 3.88713772074794
51273 2 3.414022631174743
13174 14 3.88652558035245
58869 3 4.267444780251447
263845 6 4.27007765749885
43528 4 7.024129576172279
134106 2 5.35271707920273
394183 9 4.319926996909366
135963 1 4.289894459808214
267733 5 4.74278165305038
54605 2 4.139729685904936
131734 2 3.8755540134087276
263353 8 4.473231126540587
59715 4 4.247949524433748
199848 1 4.270213951435149
45452 6 4.403147217852467
21196 16 4.74564303411142
57867 8 4.228954569093939
139581 1 4.0245983090585185
60227 7 4.801267556604518
60425 3 4.088093866653694
364 1 9.473852351808016
62197 1 4.0167198651336165
26769 71 3.501721771141268
24086 399 4.39961475409655
48577 4 4.669582672980239
49080 1 4.623252937538653
42845 32 3.31381171282823
21912 1 4.693149677596683
267064 7 4.844847492422949
44922 15 4.711870990443854
27482 53 4.0705912672413875
200005 11 3.28117776949475
46979 3 4.472354125967856
17878 74 4.5560793031816695
264128 6 5.39637844401169
42433 5 3.8544836959504236
268258 2 6.894653137637038
268059 5 4.816361690986206
48990 10 4.5845535677923674
37337 3 4.598203272312346
14566 34 3.822961503196414
11105 20 4.183055584179167
134236 8 5.547460877364934
263279 2 4.556660662302306
263374 13 5.203980349426824
58191 2 4.094818877524734
263192 29 5.857537187936349
26550 2 4.522764747317534
28840 253 3.706789061183283
51669 21 3.5345245236568186
33905 35 4.841122194834876
491 13 6.472051557564666
43507 2 4.349562611279121
16890 1 4.887414504435235
19220 5 4.10608175094382
63504 1 5.839300499290356
61011 1 4.637002679859823
62938 4 3.9882975716074816
328534 5 5.290112370048023
34862 2 4.070007092456272
33516 6 5.439244012120763
132789 28 3.9890520753918244
33647 59 4.34305104280845
133943 2 4.262369200293297
393453 1 3.820703946664539
4795 266 4.202710618716684
8007 32 4.592992794413668
38121 102 4.824961538892765
35423 1 3.898250259459866
3839 7 4.3362590247508095
136827 1 4.400085030461374
63304 4 3.801381101887477
265438 4 4.673483020327582
55306 6 4.463273264888836
3423 10 4.187620257483946
63500 2 3.7116360995029436
48893 1 4.42903051862769
133326 9 4.457985288580567
42562 1 3.9781744197522446
262162 1 4.96342783427302
52626 26 4.61980672062234
37036 1 3.618295196866625
50835 7 4.266732471953122
209645 1 3.0053843208265993
