7819 36 3.36913255585796
203699 1 3.875738191233583
263463 1 4.456923246665817
2570 24 4.312751877743369
56503 45 7.782972617585575
11956 1 4.578605375649711
264188 5 6.998454998370671
52901 42 3.6543124279752868
131292 4 4.329391387781166
27652 18 4.2119248460891905
10595 2 4.008750601359703
395458 1 4.435119878411134
9998 9 4.701897748959231
133200 1 4.081208521841848
60906 5 4.593672471716039
44886 1 4.725920713112832
11288 3 4.669809263630097
36483 20 4.2009450145983624
60855 47 3.931717919997847
42887 1 3.916798024687151
136530 14 5.590178133869313
20306 6 4.704120152790015
46056 3 4.255402503675102
199616 4 5.647189636598695
138278 4 5.241882639682339
202722 3 5.759488632353206
135817 34 3.63172015726376
133952 11 3.9344567093993597
18390 78 5.104543647946881
31894 1 4.198481256929532
265399 2 3.598750512878483
204309 5 3.9302600139844555
9370 38 3.5822402070529797
135780 8 4.776584466284364
262751 7 6.511282247734256
139290 1 4.3414137175382805
33499 5 4.470127816468287
32244 48 3.3243267466045396
64470 4 5.916069101093309
61728 8 5.190674654128948
38312 1 3.5831255825303443
38196 3 6.132989947457152
48650 3 3.8456494732767306
44336 1 4.460765370717913
263412 1 4.449376401687326
266013 7 4.4112223799515915
51866 3 5.637621709009842
52539 11 4.310842098381989
61285 3 3.9213852362274157
40922 2 3.9739672741208842
33548 19 3.009422881749777
34288 7 3.086855387862955
23442 9 3.804780642343105
32073 5 4.034205066523115
21031 2 4.028930593216307
52240 1 4.762898462906673
131455 5 4.342605451296992
203385 10 5.592850994763886
43211 4 6.125743081960577
138421 37 4.475085680762223
22413 22 4.466521140786747
56224 4 3.5913796080462754
201026 6 3.4329533482491676
133779 6 4.957629464072783
30622 2 3.921141886201975
20131 1 3.998600989144248
266152 5 4.9004588120986385
21176 44 3.507512994563753
29996 2 4.100469829361915
59078 26 5.4983030736528
43337 2 5.270707811464625
20163 2 4.710599932361016
31036 10 3.6274881747695398
264647 3 4.430960660333302
264965 3 4.7475616745771205
38743 6 4.833379132125541
395325 1 4.463246630217073
9777 9 3.9674131042473326
40373 1 3.9407887217082624
263096 4 4.2803665554979355
209901 1 4.488108473962332
138061 1 5.923330088045968
263297 28 4.066487405919559
4651 35 2.6564253317917803
31400 151 3.5781319817817354
198646 1 4.817968275111133
37037 97 4.032677198665068
16560 4 4.678042593094556
789 3 4.302865019216195
265213 1 5.045716419786815
25710 3 3.8176785765649686
199292 13 4.481409483389073
35492 4 3.6813138836079533
43048 1 3.8086903201617965
61676 3 4.978919488179066
264659 11 4.8483431328820075
264319 2 4.90005049525991
327922 1 3.756745530422727
267198 5 4.544480081219688
136869 5 4.095952303960073
262842 5 5.041879178568159
28667 10 3.8969111859563452
44678 5 3.7000736555385227
49243 4 4.012882799809758
25145 140 3.919225276202292
265076 10 5.451241625121558
13692 58 3.3800188831927005
64455 1 3.6980008075560087
27324 12 4.154991657154827
263111 16 4.659905956902209
265768 4 4.923035282119489
205450 3 3.799815038620743
201183 2 4.607028462219491
19089 126 4.572112023129609
61964 3 3.6396939042191367
20289 8 4.340804003327727
267236 4 4.1173340355503845
262903 60 4.657309838393998
41552 9 2.865218286674094
196927 2 3.816348897492161
265163 4 4.775608662047195
136503 1 3.6714990663504934
47835 2 3.6932123166467044
267336 6 5.001350322795441
266807 4 6.23934206969614
3223 278 3.033091208330792
396370 3 3.7841324826177365
52038 2 3.9609948350515767
19949 3 4.469980100970885
18369 2 3.9548441103279197
49832 1 4.04744691542721
62075 10 4.499194199716724
6318 51 4.055010102028569
48971 8 2.9454561256500886
43731 1 4.223004244432816
33059 5 4.53335756866997
266660 1 5.0251004119641225
43356 25 4.427046840831076
199125 2 3.4958312685224264
395262 2 4.522043194047802
10118 91 4.5222267670876946
13316 28 5.479593984396063
134319 6 3.7002333403928716
264111 15 3.3940456662800664
394378 1 4.807381473662261
26851 5 4.378226660962027
50799 2 4.1890682817105445
10507 989 4.1736007849372445
133044 2 5.075797688630123
133999 1 4.9692006054621265
53218 23 4.9894552763065905
200134 5 3.8446730407499152
13023 2 3.7389553185057296
265693 4 4.766507631106096
132884 2 3.59643951183111
201663 1 3.960085367332903
61937 2 5.220584487733355
62730 1 5.0
207085 2 3.784000695460541
264893 8 5.2701068392103565
11795 26 3.7011952170914024
42666 67 3.8712790816053073
49578 3 5.370709836441457
204880 3 4.473916985721628
61337 13 3.2250263309314198
21580 34 4.382103640271247
18665 2 2.990364877526611
208572 1 3.8123166470457117
263826 14 5.2086975751817
30348 16 4.330051355244562
27796 38 4.420748711756525
57798 8 3.7043585779683346
269432 6 5.58369779476271
41704 46 3.6804819222811767
136783 3 4.8039746971166135
24794 1 3.9429409215123505
137374 1 3.945088735987577
61711 5 5.260056543773805
35209 1 3.9322330426017063
263107 16 4.717059990095669
37215 3 4.625447250824083
198960 1 5.104147770219198
134929 10 4.931922917822265
136137 2 5.0995648489660965
34761 5 5.013329871212203
198323 1 3.7623375327748625
262407 6 4.928052860595946
50083 8 3.8233439746397977
6976 12 4.182642254513108
29035 1 3.9922835314460925
132098 5 4.009435442589129
45033 4 3.5062396884406364
45155 4 3.971042883164885
207874 2 3.775699907019014
33913 1 4.499594160796384
48128 41 3.1880609148318975
394423 3 4.592477027504897
43515 7 3.1524945414879904
201544 1 6.145400795724072
46800 3 3.0581752484645452
203114 1 4.007418265717688
14886 5 5.4444327332373055
41127 2 4.005699802778771
133198 4 4.459453866934946
43552 1 3.997586308300594
63944 1 5.628919635294443
265411 4 6.977801268440577
327746 4 4.912239602097911
49124 3 3.3599610151763426
198515 1 4.268071275242933
396308 1 4.81966702613357
36189 1 4.204918999081561
198093 4 3.3526511819723637
45393 8 4.517050005280869
34653 2 4.48641945356231
50929 4 4.0190294309352455
63479 17 4.453569755671755
57855 2 3.6730120033127553
11068 3 4.456274421694343
371 1 9.473440065681444
45518 3 4.023809239285252
52851 7 4.6146045188986555
40837 12 4.421805551300912
47569 16 3.803286803792685
60625 1 3.8748058894084236
33749 54 4.080785457966753
60174 4 4.576839366368677
198934 7 3.6650393735696616
50492 3 5.349216481273238
269484 8 4.988108896261806
27560 2 4.647213053558092
62661 1 4.883417304923675
32062 8 4.3889686373593575
136244 3 3.959083436313604
17850 4 3.9423532560809713
395820 1 4.468256359615806
55677 7 4.913124797649202
198529 2 3.8022879094409903
22855 13 3.8411105350750407
264949 6 3.5509270316111783
50920 9 4.824076315687252
4883 3 5.3154702210317915
41995 32 6.833589253620679
24496 8 4.91591375983747
262721 22 4.773506676065755
46698 3 4.199615043777605
1501 59 10.483913291121501
264910 6 4.604487963931028
11643 24 3.934944599714545
58631 4 4.385524081465301
45857 2 4.33377680841595
43999 1 4.43501943919602
61810 7 5.006660813880122
203310 1 4.634546635630379
266230 2 5.014690852748911
43870 4 4.625727320191244
61516 6 7.027129341789773
38987 3 3.725079450891609
20499 2 4.9315915356747
15934 4 4.326586647202286
27904 1 4.486284086284087
1586 1 9.500646839932555
15392 1 3.864316226528208
59933 4 3.3307854594275477
132250 1 4.684952164074157
41937 42 3.309960468331699
64236 33 3.9311235882809306
37532 3 4.269077035300354
21686 4 4.536075917119325
36291 8 3.814362739585037
56963 2 3.9138106961677357
30962 27 3.6564499861850046
30456 17 3.700854759062966
62863 1 4.876335191901694
26134 33 3.538186590655539
43775 34 4.69341800417045
13967 1 3.840339718361066
60492 6 4.7029900845676265
46945 25 4.351321518495872
13216 10 4.4827353525940214
39221 4 3.6179086838066428
263536 33 3.9379784989121824
20612 4 3.7477076600686776
136534 7 5.899448848075088
263324 23 3.986195477538216
17189 2 4.2518926540879844
263249 17 5.687147815561688
19899 16 3.944095407166422
62473 4 4.160448623153843
46218 1 4.103044453576121
20794 2 3.495158045778816
35330 7 3.6919722160110546
45712 4 3.7585991894500137
51700 1 3.8982326955061213
200474 6 5.355502613650779
62907 5 4.538154111451495
58076 2 6.722607851179281
11432 190 4.246380656515361
2379 112 5.472342354066677
16815 129 3.681274202095395
26039 8 4.550352564930477
394776 2 4.066648005492839
54928 1 4.269424675569068
138501 8 4.898537622232189
39528 2 5.047041757651002
28199 1 4.918526420620017
35918 6 4.322839187177083
16591 153 3.5562194609436815
21968 1 4.581225379254936
46524 3 4.173119224676206
10879 65 3.892894563308191
264091 2 4.608460905953162
55601 1 4.346990648924146
57559 1 3.8886481410015494
136625 1 3.594413094413094
307 1 9.473852351808016
41609 11 3.9786726879741137
46049 3 3.83630329491175
30111 1 3.801971486823704
41847 10 2.938846404581758
266263 4 4.245525873075026
51111 1 4.896346362943001
9049 38 3.2971675336754007
136527 5 5.902011314057164
21433 340 4.153494469817515
135217 2 4.794893599444928
28927 1 5.0675257676697765
11652 1 3.7166666666666672
52285 4 5.03078549942609
206143 8 3.6131284588107526
268771 4 4.362986871730714
266220 5 4.590683726054577
3249 36 3.6918690931240765
265136 10 3.819658670831246
267985 7 5.041379246263104
198399 11 4.045851892756041
54087 1 3.8016759093852692
201742 1 4.271577279237054
36870 3 5.042559786817334
61995 1 4.009065452023198
138285 1 4.960725189181675
29997 16 3.721248030749693
34879 43 4.047321744836286
23295 8 4.636255506033832
136322 3 6.016057249493794
18881 953 4.540922208568867
50549 5 3.9478981809056997
43608 4 3.6557734332962055
57126 1 3.621418844738172
44884 6 5.014501413070611
52081 2 6.27934000371138
265547 1 5.527536352536353
36290 13 4.661571220010283
197746 10 3.898537478476443
34772 22 3.4397512240727406
14609 23 4.30943162923429
43409 3 3.5866097776184143
50374 4 3.8177782493843906
202515 1 4.862384969527827
267263 6 4.6292820017844365
9764 30 4.913800428265343
25997 9 3.8053238456020546
4871 1 5.219767876106137
135513 3 5.835457706972159
31911 4 4.296641287747145
395440 1 4.703712575510606
59654 1 8.929198515258424
47965 20 3.7746970068099532
24723 13 3.961114739921141
265811 2 7.1219305653295795
31421 1 5.19718376861234
11767 10 3.405462050745797
264470 5 4.45408954343974
203144 6 3.430127333942221
23465 6 4.005328363472137
28738 12 4.075333031857282
48368 1 4.850219650438647
52358 1 4.697656598871433
267731 3 5.791874152917873
31083 75 3.876598178279621
132472 1 3.8684890674623964
32970 1 3.8204978036012527
18468 2 3.818671147012691
132694 4 4.727207722856753
29262 41 5.401468891911043
207978 1 5.122913032734461
51842 1 4.125123491886164
199964 2 3.9388426803932775
6165 11 3.0446357101532975
28949 16 4.410917582358868
29079 17 6.881661619082801
138750 2 6.53101210868722
7668 11 3.746773343743283
4188 3 4.286192113588696
30036 2989 3.146023471390628
135812 2 5.012321864597248
139089 2 3.760293893722993
133169 3 4.740303030374625
203395 2 4.535432804481509
397000 3 4.198768363642136
20129 3 3.648538341701381
199872 1 4.688654349634804
20287 5 4.785557605610206
263778 8 5.4898830355554935
136853 5 4.699831353828916
28333 17 5.86503191513084
268900 7 5.1241309432458495
131142 21 4.701243603436852
23011 4 4.456814312584721
34876 43 4.07031900394076
263115 1 4.3956966356637945
265653 1 4.726824589974122
268106 8 4.700401034808962
39073 1 4.295241872972967
35633 1 4.505903697920505
24323 86 4.229216148349709
210038 1 4.540476743812097
46193 13 4.215132695939947
38057 4 4.385291709471167
136803 2 5.368796046307302
9633 1 3.8229333813184745
327886 1 4.259480116622974
60637 1 8.831082895122305
54689 1 4.220301420892554
57446 6 3.67542565847888
26444 3 4.403227343575475
1462 6 8.470264502739749
60515 5 5.906645819304252
30597 6 4.6089459428224
29104 23 3.5320109034097826
203271 3 4.76729620501687
53557 1 4.1819877504360266
47119 41 4.287795346993186
58057 50 3.365560309561159
40137 1 4.297240219851896
25193 2 4.74033077165976
54834 2 4.198481256929532
36259 4 4.152828547517265
47490 4 4.240973416341127
57489 8 3.7012099413924746
54345 2 4.581351242677124
196752 8 3.186622109620585
268280 5 3.8981066426271154
266419 7 5.05216455551902
34279 18 3.2894735281500878
35053 7 3.7669478106752825
208505 2 3.4583302573748784
205028 3 4.263973656428331
199390 3 3.6199692795966083
131584 47 4.7206758103319615
139595 1 5.823879187417892
47814 1 4.546751415567701
134343 12 6.012888765471374
24959 1 4.486387460377609
24889 7 2.906849068356596
15836 14 3.6582176282299126
41644 2 3.656539280268574
61961 3 3.9807856521991094
131355 1 4.175926710497976
25341 5 4.471180917332448
132867 2 3.602998806043114
201525 5 3.677493541245287
34259 6 3.838894368782565
60924 20 3.43504171724711
42586 8 8.970579219097642
265146 5 6.604559406528376
394147 22 4.010125002391447
22681 1 3.857041798437529
5527 2 4.2882064022458115
35401 17 3.6078756385130695
30708 1 3.0425061028347415
24074 3 5.557106508278456
38111 1 3.9349360790902623
265791 4 6.16795557064459
201535 1 3.596226824062958
135877 3 5.941533523147903
267645 5 4.628022277174945
199639 2 3.806593538736397
13539 2 4.963961909487942
45312 18 4.147132606640564
38084 24 3.9665699271373307
50385 1 6.106568665780489
49437 2 4.4209415100817315
19990 21 4.115750471110229
9821 6 3.9523555237236176
269370 9 4.860710598793064
199481 4 3.727926465527363
62464 1 3.8036721670958125
38766 8 4.364118913557881
58556 2 4.232298337298699
396931 1 4.012972934312397
39326 43 3.058726441720547
41750 22 3.949052553064316
395761 49 4.210036439212839
206333 1 3.666698049640481
262474 4 4.280556038538426
265162 1 6.079473585809991
44827 23 4.000037928251541
62113 5 3.573033673784841
51426 6 3.809376735209727
133532 6 5.938876938214086
265369 6 4.568456531900748
394583 3 4.2382821511128235
138019 1 4.42869679777812
200999 9 3.4636055393376934
58608 4 6.263744919410538
265919 6 4.298065302032975
209875 1 3.7305795300273297
34962 30 4.315765309923931
266918 5 5.703945350334889
9785 73 4.093461060684798
29574 4 3.735969273087614
205460 8 3.507842255107635
196953 9 3.752251105452451
28725 11 2.908106039557754
203087 6 4.436677784384159
37973 1 5.791953404366829
45011 105 3.2542454410928228
204766 1 4.4501348313176265
135341 0 3.0
20374 3 4.72251352462254
49292 4 3.5665359548810898
48665 1 4.841674198817056
46932 9 4.236907690744071
265632 5 6.05949627584249
264588 6 4.769741948749898
328 2 9.468992871809673
203408 2 5.010743504861152
203845 4 3.9909648552505694
16157 3 4.143256611113753
263624 13 5.46292853188263
38493 15 4.903217968871407
13209 2 3.639122395174538
135882 5 4.650044701706386
51906 15 3.408894039116455
56993 3 3.9178296220902693
34912 10 4.844221942418538
198410 1 4.736501617103873
37492 164 3.9790251991741883
267672 3 4.709867594732318
34144 12 4.226522070665803
1738 23 4.357462287590609
3541 2 6.4931763991419125
47232 22 3.2601135948659055
38884 2 5.218128991060025
268726 14 4.797296219186418
54777 8 4.165791484378985
31598 1 5.74193393269748
48683 3 3.502524122244619
137829 5 5.9250669232761455
267241 1 5.993260988350274
36344 4 3.5694635746121164
27964 6 5.6508433721612805
42253 4 4.936672560868545
52326 3 5.710677946392233
137625 1 5.0
133699 4 3.581820022103636
46426 7 4.166434969337779
33173 2 4.646818751311839
9701 9 3.9420271336154906
266360 7 3.9703443254207094
265223 2 6.186894950086252
9807 4 5.049487350209317
394711 2 4.201155327909704
269097 7 5.178533647472802
133731 8 4.85147693488345
806 22 7.1247391599214165
15472 4 4.879759362828979
11070 16 4.155571231875561
327963 4 3.0239554872061314
41421 16 2.977761342442945
61942 19 4.3049544764378975
61969 2 3.6981353760196147
32881 8 3.1485667071527823
135454 1 4.353956457636317
19920 3 4.545838693536092
14449 1 3.605335762577142
267129 1 5.811986562971786
45315 2 4.640396565792061
265761 3 4.237324237664852
267705 5 4.3349770682633455
25264 8 8.038846295618947
267449 5 5.229668935403779
16327 7 4.241084778071029
22667 17 3.1578135169948807
265199 4 4.637492857319168
63950 6 4.644742119223095
262539 50 3.983932331706942
53201 19 4.316177134330185
54926 2 4.909088220585026
267068 4 4.138526871553773
262774 16 4.556477915046995
54730 1 5.476291815281963
297 20 3.797641744685525
4623 7 3.9199992748355093
202724 11 3.960503177354021
29219 7 3.778174573742773
34154 6 3.081538572505651
1555 6 9.490810147901236
136246 14 5.459991314448611
55164 14 4.495666728027935
200311 4 4.12114978965853
51156 1 3.6601753938159463
5767 8 4.133862014523116
263043 11 4.98167228224001
265036 5 4.024425805401077
61837 1 4.923704474395718
268134 8 4.8022624343681715
327768 2 3.9691064535759915
263078 15 4.881492048062329
132957 9 5.412395770626243
393851 1 4.360910187240236
25549 49 3.5067389192591656
264212 7 3.7964062827552163
60036 8 4.088828832685489
7482 89 4.753902006889048
136294 3 5.899055381347047
55453 17 4.854925535471354
24459 5 4.919014840371403
26981 8 4.553089746905586
47934 1 3.639288792440053
7138 16 3.8443929151966723
28594 27 4.462196060405093
44106 2 3.6715159368551635
328352 1 4.7968558395524
30736 2 3.246138782478376
393941 7 3.8349240138369187
47936 2 3.690887858676136
50599 27 3.3320894305780735
59924 6 3.7273096659418194
36893 2 4.952711589431309
21080 3 4.014386152676377
35076 2 4.588240271860961
264635 12 5.912883271012736
54932 16 4.151034135995453
25215 18 3.8917598976732264
56462 3 3.5823695625991547
263369 8 4.151743783924281
49707 1 4.813257728858728
40703 17 4.145278368116613
60928 2 4.070665313522457
26121 12 4.585121241814711
34311 5 3.910316446812819
21843 2 4.467234638433749
21188 8 3.91567562439445
23323 1 4.771194678337535
33353 67 3.0556044837933083
30174 22 3.7399236135562974
26844 7 4.091214782536126
265054 2 5.17153285779098
262574 4 5.3132058565918605
49753 1 4.768778082622404
30626 1 4.043377206152961
135693 5 5.359396176659579
27595 2 4.09977083671665
395860 4 4.181283028801071
41938 6 3.665011653331751
135654 11 4.57535505785008
135786 2 5.595717687218242
59520 1 4.937074510966137
29504 2 3.610704617289856
265794 5 5.5249129892784925
46429 5 4.164469294767239
394170 3 4.735390178684936
394945 5 4.045944253679947
267467 8 4.663035492712258
397849 6 3.816796892549432
35892 1 4.312138716966303
13464 4 4.114548290722812
19721 19 3.9609419221197455
1771 3 4.825358825842177
55679 15 4.922527298047159
18686 2 4.7990693820791375
47629 4 5.29109160169068
265461 4 4.791357695821323
263830 1 4.723649986799519
60502 4 3.981536385830562
34736 1 4.634087385885415
267125 10 4.5434889159101335
263690 1 4.755208251883128
3118 1 3.80973364842611
53845 12 4.109947124131624
262490 13 4.694650429465017
1930 54 4.0117015904944315
55296 1 5.564883518157329
15404 135 3.7387593409064124
8201 8 3.870715620285779
27894 2 5.731172912221138
269419 1 4.632993786531331
57881 3 4.739911317246258
36036 1 3.807569282569283
11698 4 4.123038774579702
41296 4 4.754482037691218
48799 1 4.35022272697663
197185 1 4.199987314273029
26462 2 3.750625910225797
37357 17 3.7375141118965005
199661 2 4.038943688718695
58682 17 3.158571687987267
205224 2 4.7170689655172415
26811 2 4.301161852921093
201241 5 4.393988582268938
12941 9 3.0240778285764303
268591 7 4.843053486520315
23767 28 4.514442588652211
200044 15 3.621676518385224
38009 5 4.71808151978423
204096 3 3.8960253344056617
135601 1 5.356629338778354
208923 1 5.0
394990 8 4.30159857891353
138503 1 4.8656857211558115
18465 10 3.4803038349881867
7996 7 3.8098649502751893
205633 4 3.8899579329888856
3363 34 4.8136715953571425
8847 14 5.6183052765679555
17908 211 5.0479755971050135
34517 2 3.855860571413567
269161 3 4.295684864215763
202780 6 3.8395738623321427
6280 30 4.197032369589694
395310 1 4.200656859105134
25600 1 4.80282062097737
28420 1 4.631682357051814
18615 6 3.5860255970701576
208490 6 4.980335391038894
50140 1 7.06656828604578
38496 128 3.199226462282392
28812 22 4.109011116176601
135351 2 5.367520921181134
263228 11 4.8887911862267535
263833 2 4.480888686892381
136821 1 4.386228380199194
17585 4 5.711189368563207
33902 2 4.659374786526422
139256 1 4.853685410025723
16841 6 4.097170541172747
9832 42 4.342299301342751
52280 13 3.8723883810341397
266619 3 5.40717116448487
30292 1 3.811588935995684
266209 6 4.354865855987436
204057 1 4.214922049158502
14148 23 4.791709275573605
200303 36 3.9411576567663427
25996 16 4.191934372687578
61010 4 4.091410402430855
53184 61 4.090620760975345
58497 4 4.914845273549221
39108 1 3.7548026503691525
263995 1 6.009802990324998
18474 6 4.215397303091316
135699 8 6.013997532601802
47623 28 4.234549844506751
17117 11 4.123882893859154
26558 22 3.810367078746078
267944 6 4.584929942189667
62805 6 3.038422817881912
49152 3 3.73820304467448
10812 3 4.653763263217007
264695 1 5.043554615578425
25231 6 4.628020334341882
138154 1 5.009730583017244
61746 16 5.330349988280402
59019 40 5.1652649529192205
53575 2 4.990880959874332
58779 86 3.9187191606787275
394471 4 4.236144681521896
201531 1 4.3353513219584645
11804 3 3.74408673361111
16321 6 3.9481602779866285
264600 5 6.056565777113173
207193 4 4.142134994004637
263002 15 4.9031403611938655
200929 1 6.753900617718351
134620 2 3.646457392453936
267210 7 3.8966480232230998
136099 2 4.708320278340367
29841 11 4.164900227079259
56385 1 4.721457662080813
41115 1 3.810911783524322
262887 13 3.8362346748235607
28657 40 3.9493012977518407
11809 15 4.5645319850646295
7684 44 4.544777882127171
29103 1 4.49405229335933
43438 2 3.8132989845784433
26584 3 4.29062909417294
29038 1 3.723697401469257
47090 1 4.539645032386968
263825 1 3.8172747814127126
196658 4 3.719908256460595
10082 5 4.076649994641775
2604 0 3.0
58726 1 4.781875446621991
328160 5 3.8185756982798553
11499 6 4.822287963269035
58757 8 4.3260038499156295
269130 6 6.140710905227629
15968 3 4.017870256556549
266180 5 5.672718409915828
199259 1 4.35811991463252
138649 6 5.8773723349668145
44518 1 4.09245359394613
60868 5 3.5356678426679182
264979 2 4.560811415601317
197477 1 3.7575255448042797
41721 31 3.883883217319444
11318 2 4.4239333380450105
12111 5 4.052849213643296
267586 5 4.0
201982 2 4.626856571607776
51034 4 4.198193214885144
139640 31 4.736914951017459
61779 4 5.20995365331836
34757 11 3.6236167358363693
206825 15 3.555959224251534
204099 3 4.696936149829047
61173 24 6.929818403247233
132340 3 4.018472999217662
21984 5 4.454644551146544
268184 2 5.2524403505444415
202105 33 5.057909875863915
48623 1 3.946254142682714
210193 5 4.7475379984980615
137481 1 6.237516811924885
13515 5 4.288025567787354
41106 7 4.308945510476745
59912 2 7.446562454133387
263098 15 4.392524371050122
56370 1 3.724329492424426
30050 1 3.976559100487474
1797 2 4.208267579840934
51267 1 4.776558649341901
263432 33 3.939483118709301
39425 14 3.762332902924522
198575 4 3.88350883553236
12872 2 4.74604345612733
136074 4 5.062690381651045
202468 28 7.281792459181609
29213 3 3.8707563610282163
40124 3 4.188742784100668
7829 17 4.620954046351309
59111 2 4.662546288947031
139632 3 5.491938418902525
34620 1 4.550381489036952
264879 7 5.449173921931537
59583 28 5.264333998063966
50059 5 4.424851661380483
210121 1 5.019587379111188
36976 5 4.860667845079765
30691 10 3.723774033301917
56240 2 5.136846420774993
136103 4 4.714732048900801
31117 23 3.9205600416873314
266896 2 4.379365427383583
50995 3 4.087461008646183
23010 3 4.250410433456803
262932 34 5.253952015170089
10455 101 3.8022541985530487
17079 48 4.658108991497397
27856 1 6.015625184620464
45034 3 4.335521428377008
263514 5 4.426683331031527
6185 108 4.317602805083728
59957 1 3.641969249681266
262953 2 4.74505941975715
135219 4 6.014082165046957
31369 3 4.9798258530397606
263071 10 5.216563480676515
267445 3 4.457839649197756
131939 5 4.073213977282125
61053 17 3.572547043247489
49320 9 3.9260290159912734
263974 9 4.244441841993085
10024 113 3.2072615604005588
12770 2 4.05919847048015
268371 13 4.890077190017794
1221 408 4.200971363571297
200045 5 4.766283887292291
23952 1 4.728451023256876
395774 2 4.640348920044851
198931 1 4.489567728738235
1566 1 9.498183785745365
267752 6 5.506569178877043
265961 5 5.017722984650523
14144 9 3.898543098441358
23377 10 4.5918933665890185
57885 1 4.16841103185641
34893 6 3.6354850937562087
22364 45 4.112593374105856
51716 1 4.573535839236392
11981 4 4.044466328134577
264375 4 5.164689091507684
58915 2 4.253767612530134
32934 316 3.0964303668589315
58892 1 5.628330541848207
36809 1 4.225587509151256
265974 4 4.181035636000398
328174 3 3.8409440607338805
61827 7 5.171342917281292
35598 30 3.0874748356257116
266529 2 3.7635924304979613
27708 21 4.750125806874859
206153 2 4.302639407576134
6140 5 3.037808108914186
133685 9 4.051209329026544
34376 40 3.7360458024488694
45399 60 3.933445586778575
52004 3 3.976542871155106
63679 7 3.0712537969964693
30331 1 4.977228116710876
28919 13 3.858906311384944
18733 7 4.370545569173668
40851 2 5.021864020133582
269042 1 5.865934466919689
29208 39 2.8184680334082395
32066 9 3.747869386907997
22527 80 4.317125005548186
12484 2 4.601545579177158
21923 3 3.9459373462192286
397556 4 4.68398634436153
54096 1 4.469037642509158
269159 6 5.387984256703043
199748 3 4.123626672935428
265631 8 5.164712833706567
58647 193 4.471385556644075
62988 3 4.061568767378316
268369 6 4.8710808984648075
42805 1 4.13732169635531
266561 4 4.527132525619581
27185 6 5.288072674134556
137477 1 4.038446582279696
12136 6 4.401900478013135
55315 2 4.272449987837076
265348 4 4.198557409646001
266620 12 4.441201577895935
25005 1 4.523142664669758
269011 2 5.89861801058468
262943 1 5.6721855617784955
10141 1 4.462646625066067
264822 4 5.1782340984059685
43361 2 4.65475707200916
35522 6 3.749880264520548
14472 6 4.373126401603865
30269 7 4.757567265933925
206250 1 4.07058638025864
39513 2 4.513742268874808
22860 6 4.703994686072671
64425 12 4.950392028016013
56394 1 4.682684568214125
266040 5 4.623924356941255
198146 1 5.449219265255073
33113 1 4.2108039798383565
31315 1 4.0069721284007
201524 3 6.122543120627716
9607 16 3.7123007684324314
49394 1 4.231954969914982
262646 6 4.223682000943469
40226 3 4.574938694310616
200022 1 6.031879426555208
46815 1 4.875367112362186
134437 14 5.389507407049149
132325 25 4.766798021944747
263469 17 4.204067183754001
209419 4 5.348982334869431
49995 1 5.380325756267475
50220 1 3.6378825059570747
51907 3 3.3382235536618725
198971 1 3.6278807900729078
62703 1 3.933453979882552
393488 8 3.814097315875286
203798 1 7.747034932318185
21351 110 3.9766479344169263
134853 4 7.01373363393889
9367 2 4.313077232084616
58625 1 5.703964686107543
37922 6 4.232215247511641
396502 15 4.86843659446375
205715 4 3.8122339815188573
19740 7 3.5201947242879545
49724 17 3.9031917167869805
42437 3 3.6190160905353075
209572 1 4.954724470323815
11937 1 4.0526248179746585
133599 1 4.22943404053831
4801 1 5.233290083274689
62222 6 4.2186431632557015
18007 0 4.5964285714285715
46881 1 4.58876079403173
131215 32 4.6470290258400535
42996 1 3.698387591014319
32422 3 4.948955331981578
264007 24 6.278207091527021
267484 42 4.1351700886614156
207017 1 4.437770447678282
267899 4 5.330965835036056
19936 3 3.9940156998714813
34062 4 4.7551983801183315
197270 1 3.8838570237729906
199230 1 3.7351823868483454
28157 1 4.585666355644109
58687 4 4.303246271529249
199575 2 3.7518102265128306
263329 16 4.281437673067468
17267 3 3.8017275058240605
50153 7 4.445980761904248
39783 8 3.5544861637292593
30515 3 4.1142569722273565
197856 1 4.885117006862399
33274 4 3.699137372483931
201419 3 3.7741211895753977
12046 7 4.20235286652763
40209 3 4.294576011044063
61792 3 4.188013851726063
3495 10 3.775125792274419
44064 1 3.9258773594908054
319 6 9.467162327107175
53041 1 5.633735453664461
42174 2 4.524864602485581
265471 1 5.658654251294065
201194 7 7.861201298327209
3175 46 3.9514714494326406
42386 4 3.9412825042135387
206955 5 4.073541179459279
59662 5 3.757241715987889
262630 6 5.479344067773268
44574 37 4.038472032105909
3816 1136 4.089964440728986
266373 2 4.223668541679469
265928 2 4.157272364021412
202940 53 3.868872591469143
17324 10 4.576982516401599
60329 1 3.7182537465947596
17882 148 4.683107288258396
137384 1 3.8947240680425455
37162 3 4.920298515470547
48445 2 4.983678065919455
58424 49 4.135910185731225
42881 7 4.800528769715961
58035 1 5.939203505800144
42582 1 4.660862747376606
39772 1 4.71107242251838
40943 4 3.6469622614793242
45954 23 5.635275136991027
8116 10 4.26390870110058
138156 8 4.029092683178468
56805 7 3.885746011938763
50487 2 3.7033496056992297
31412 4 3.473882815067995
25282 2 3.997771818584627
12519 5 3.1904702688667177
47743 1 3.6107826150712325
18052 1 4.365348770810046
25073 11 4.9460541800290585
135034 8 4.461112068758741
45726 2 3.904331439705584
198153 2 4.670001467342595
19875 18 4.71490236137585
33558 1 5.583385147357721
33876 10 3.794682379669763
262444 15 4.19079584681075
42331 37 3.3811268135080583
48633 1 4.4049417033735585
26127 8 4.413753435887615
264465 10 5.3233876055372535
393929 2 4.195978371055917
18353 34 4.566006939642515
137029 4 4.674146166360594
397796 36 5.331190298943305
49833 1 5.74815883894225
203046 1 4.766240009784658
137056 1 3.9820228385112957
201942 145 3.5102050564851313
37147 1 3.618295196866625
58133 1 3.0259880840599864
715 34 3.8951146939552617
5485 2 4.829080705140092
60339 18 3.6780008285006898
20943 2 4.2144683404716785
26976 4 4.336323447571372
32800 7 4.013621627962171
393894 3 5.836600950318477
133600 1 5.698406232090671
135108 2 5.204531597970136
61700 10 4.396955014888962
39014 1 4.1192635406921125
137827 3 4.172642345718584
132338 1 5.018171633450779
267989 6 4.2398926962924595
58104 2 10.368991663120855
57646 2 3.779441325869898
3455 26 4.154486968552023
59535 1 5.623541007283011
394066 1 4.116495246023055
46051 7 4.368171391104143
49332 14 4.4441509559955925
58821 6 4.524488116240967
35650 3 4.163631444408783
269543 2 3.873485462791538
208969 1 5.769872281636444
262156 24 5.261257632446021
29263 8 3.4306207003619953
266234 7 6.249173807882399
27507 6 3.947084934837827
49019 3 4.080516813435542
5498 4 4.679392184762539
208885 1 4.112439807129657
267427 4 5.239969750641041
265025 6 4.881017679417849
60022 6 3.0638173038376872
198800 14 3.900827229299422
52303 11 5.204199354957197
15941 7 3.399738017648465
62311 1 4.001418531040469
22306 8 5.767348956441345
43088 3 5.035816054379022
197218 3 5.162509232526245
204272 2 4.095675485337139
22368 288 5.1170544959849895
266193 4 5.170515716322531
43548 21 3.8263570098181288
22321 1 4.2010580452206066
52429 1 3.9675673436942196
197728 1 3.8148221303957603
134814 2 4.736265014889247
329 8 9.21823692464936
395087 1 3.9830387287113016
198778 2 3.3951862788075857
42632 55 3.4041129291804038
28343 113 4.165239317185401
44362 2 3.8914876129161837
23221 1 4.463344847696244
394706 2 4.089270911096585
264854 5 4.174773874330119
14747 2 4.729284252940245
265662 7 4.671539687383698
137051 2 3.8486866198336167
28621 5 4.555638619344379
15692 17 3.1460569365335043
47911 5 4.283949750537397
268022 3 4.640597293175823
18094 4 3.8570075491547535
200167 1 3.8932174503529997
136566 3 5.073867312004585
23872 26 4.05066191230191
265997 5 4.850338033787259
26750 1 3.8843849992372164
263863 1 5.304844144786673
133410 12 4.1254934675384956
15672 66 3.1516315873580134
9188 8 3.564070383690847
262272 25 4.933692970730161
262363 7 4.78535384393453
29468 18 3.6741681835792286
14671 25 3.9112653045756516
205390 5 3.7077150712203752
11355 5 4.412184663010741
52058 2 3.929036153801962
32896 1 3.0304927406571758
20340 43 3.6953522985851155
5473 1 3.8102113972135987
33650 20 4.05447337172556
28390 4 5.604315094309046
13214 7 5.109687020091034
201847 10 4.062823228530363
206723 5 3.4554014723506246
264381 12 4.9739809784257
204294 1 3.7113874069756423
209222 6 3.620421917047555
41039 20 4.316215526739877
266487 1 4.214561176254956
35576 6 5.722978979946695
139430 1 5.542470580186097
201225 1 3.551950975722206
6858 2 3.5485429762098075
22006 21 3.5837546342094106
47241 210 3.7461969814698284
18359 1 4.966168047120427
37546 18 3.843620328039412
395717 9 3.3243099166148062
52946 3 5.3435672933283955
16191 3 2.9432829951109594
1609 2 4.189538770844188
45029 6 4.4077051831621175
135442 1 3.872867326198231
60049 8 3.8915600531629946
50213 3 4.842752351025652
267542 6 4.648485911484091
37682 28 4.544787426844865
46816 3 3.031350308098708
3397 9 3.0331649310779536
53793 1 3.80973364842611
38919 5 3.7237767067841423
25768 1 4.777120898167696
1311 6 4.463310846465175
59917 2 4.2030675809938485
57258 1 4.707876980392508
137419 4 5.2895447637744555
57242 1 5.334598059674865
38727 2 4.171806280927292
24954 25 3.6194480690039423
56838 1 3.800266194506006
50981 5 4.173424813646655
27607 1 3.813713002405464
15346 2 3.7200586377704474
53047 10 4.210954578801497
60686 1 3.752815702815703
48004 15 5.126286661998149
136666 1 4.0624319628783905
11248 2 4.155390946073477
198337 2 3.5795894208316565
57099 15 2.8776440113263626
136077 1 5.16984260344458
60581 4 4.948443200659949
28349 67 4.7452654252985145
62892 4 4.014692410388369
205682 2 3.9891149506382493
60378 2 3.7146027965269504
268228 2 5.705818690394501
132462 4 4.916937260536399
394896 10 4.107602500454262
7258 2 4.455904345159854
21590 2 5.7121038274791305
39960 33 3.9441838650883767
263888 13 4.0279911190292905
8737 8 4.620116492244837
20978 246 4.417818608368603
393410 2 5.93052390919941
262778 5 4.258822757214664
265143 9 4.019459245664012
48657 1 5.226521760487278
17128 2 4.510345330300373
267629 5 5.1043136406795515
4667 1 4.922761111429906
267094 7 6.2521075387050145
59760 4 3.8208736628677453
25144 45 3.7954655549039833
9858 19 3.859430833099089
15128 178 3.8054804026246076
203703 3 3.5768024303738586
267455 6 3.9460282183372715
264517 18 4.769747014012609
328066 8 4.758263634218792
14465 1 5.320353759844729
44943 4 3.2365074670952083
393821 3 4.017797469842237
53165 15 3.9860300681687395
7246 27 4.427168385813191
25479 5 4.064828538231324
262383 6 4.38001663941861
26258 3 5.309792749376152
138042 7 5.54006766368355
26472 4 3.91017216644977
25630 1 3.745416031696821
266093 3 5.661695791107555
37211 23 5.148753386166479
328239 29 3.6264555355656114
136562 7 5.88468938812344
27833 42 4.5850685887219935
135863 4 3.5871169179528395
31250 34 3.5855098583940452
262869 7 4.422062873921881
134109 1 5.855767262444105
53078 23 5.372501064836179
32210 1 3.802609166664997
59418 2 6.550273205630349
263048 3 5.6801506649342155
268040 1 4.8621624705368545
42381 2 4.3349589777009125
266135 23 3.1900574665954338
53309 2 4.433271834236511
197415 14 3.811084013570827
266331 7 4.874139093815796
58411 21 3.841400133586093
54008 1 3.8188865999292925
13331 32 4.176145113339371
45915 2 5.0051328778637885
265320 7 5.363617361831674
268321 12 5.03280901725098
28730 9 5.444983712492104
136665 4 4.61880318139947
132901 7 3.886425996013216
265497 6 4.3005199193112915
208899 4 4.674027940929123
29006 1 3.6712826753379746
263645 18 4.735454323010212
11207 4 4.412705819943982
50438 3 5.625407839964855
198280 2 4.0803466068778835
133996 3 4.421135241674035
4656 1 4.5790724190970495
197449 2 4.609513976530783
265200 7 4.143091084777574
41419 1 5.665707717137737
196666 1 4.0695126613193855
39046 3 3.4684729083256927
204157 3 3.903803064599452
262189 16 4.684842180899871
210233 3 3.5875666534930613
2601 1 4.054729848695366
56522 2 3.7999916309440116
52639 19 4.300854704824418
137667 4 3.5835836905339713
42398 4 3.7209225340962178
268452 3 6.320218530310514
32281 28 3.93177991373972
62100 4 4.757029800186358
203367 1 3.5226262029632895
268895 2 3.5505673581829957
265882 2 6.420862327783508
265976 2 4.071197742840499
28165 59 4.262232370229787
131284 42 4.275829565985212
43533 10 5.647055841836532
225 19 3.873523717633096
198710 12 3.446366458073766
63213 8 3.1083458585317434
49528 5 3.6600216264712255
7243 11 3.956795460415239
131757 1 4.79687837337607
20275 1 4.77437237244298
267955 8 3.846730437637124
42187 10 4.275461313041719
60442 1 3.8291886801920665
26505 31 3.9640652093186026
135255 3 3.588305577804736
205575 10 4.776883700141947
40111 16 3.433925569669238
266405 5 5.246162350465887
17837 34 4.329848305989295
48934 5 3.6623903483911353
209248 1 4.600128512827622
31834 9 4.181562584749451
137889 5 5.609103729904031
26373 1 4.102126414567043
56898 7 3.6738498472101564
43876 1 3.8858709379265988
263311 10 3.723495839445379
268105 5 4.421587330194088
263408 4 4.813336691714025
207245 1 4.805683425921522
62638 4 4.177529357478368
199599 20 3.384205966062622
328451 3 4.607808254655939
394437 58 3.5917495906078507
17099 8 4.666116462235018
137410 6 4.830182972600668
268213 3 5.447151279372856
206767 4 3.652493234781508
4788 400 2.790805102301805
8502 1 4.808820423246159
63399 30 3.3594377681135135
59189 4 5.423382508830407
204813 3 6.746930275070669
266428 8 3.967779567365763
23569 14 3.9081888389040165
5105 0 6.0
198703 1 3.763363584743339
4986 5 4.123591117208611
49335 82 3.489067560398626
7720 4 4.848675851110574
26223 14 3.66673089795056
133237 11 5.016926505057965
29863 22 3.6658115256106307
17748 1 5.009061183715329
35392 3 4.425540103809754
267557 10 4.568912648848936
62142 4 4.230467357959187
268417 1 4.847829910031219
41714 14 4.597935175019646
48429 3 4.296635377622533
42585 2 4.753498123047171
63057 2 4.6570765588379865
397143 2 3.241293291951174
46571 3 3.8210780289893416
26069 1 4.9353712425141
51202 1 3.835176732045803
4128 2 3.403180358205804
17545 2 3.7463547088828193
44964 7 3.2486825120026745
10367 3 3.8855561390022113
49636 1 4.581757415296581
207050 6 3.8891168264502944
197481 3 4.896354882455749
46080 1 5.30698811901156
27841 1 4.814064252309163
204524 1 4.594043107959364
264249 4 4.867881716081442
262945 6 4.080820462015999
198500 2 4.137540443374434
263531 28 4.349866642704154
45582 41 4.606371633466143
26932 10 3.806985049537473
132001 1 6.8325462621397595
31793 7 3.8564997155795826
136556 3 5.348845805351438
263468 2 4.756688304969896
44994 3 3.568017847026558
63959 13 4.0602554334860805
29821 2 5.13354003046465
27224 5 3.2165146303395717
10234 9 3.84406222443122
265138 2 4.678318875801416
29861 2 4.1669969715793975
8970 2 4.856926545036432
19209 2 4.3492284071472405
269643 5 4.433282766926041
265179 1 6.816838950139443
19870 3 3.812378952224471
135345 19 3.9783993021289863
62265 3 6.467799059838962
8375 35 3.751232261474021
53181 43 3.6104349725453964
813 23 5.001982209440751
54828 1 3.7699984167265947
266489 6 5.780172293341775
57250 3 4.430306398311467
29029 16 6.014129102589981
266074 7 5.076906036135342
60391 2 4.361419159024985
136164 2 5.186230593379052
8926 163 2.9925866935323535
138940 1 3.968829126059289
200985 2 4.086971102434786
62322 1 4.019885923147754
6295 19 3.8388661486966886
553 102 3.0237359716615635
267423 5 4.55585324183794
30087 1 3.820703946664539
37273 11 3.0729848580767136
23790 2 4.628715737935008
198130 5 3.7307528140584503
266771 1 4.693884814328165
14073 4 4.610391204475858
46454 5 3.4069846477172185
202894 4 4.02848678038317
133524 13 4.854357134856671
29549 4 4.685926898815793
37180 2 4.434142830960541
31313 31 3.396204656983905
205774 1 3.8012520475328353
134613 1 4.871035318749189
267283 1 5.9036879946607685
10277 5 5.220295542372919
3762 55 4.503764767008912
263341 13 4.444995150326738
7903 1 4.199924258372533
134789 4 4.457479793084481
47304 3 4.154329576146063
53215 2 4.138338170422635
135912 2 4.777770250968876
29453 1 4.819435759001324
131993 2 4.29808120339075
131914 8 4.179634079507704
37692 0 2.5
58287 1 4.6231245860917465
46058 1 4.637181865666283
267369 6 4.114227890626997
266059 12 3.5453310229104704
62578 1 4.833370645045522
292 2 3.943363229664474
63124 5 4.4237041501481595
133332 2 5.202981146852993
394698 1 3.9828764098046454
34523 4 3.932649427292285
133057 2 4.857979632163239
204198 4 4.099097062747177
28124 30 4.214902767796439
337 68 9.45145694813226
40687 3 4.163260379011611
136813 5 5.342912982316937
264125 5 4.507303994696277
62452 3 4.7433077231461285
47201 8 3.652239247454049
14962 27 4.232067552043279
50715 6 4.152617421793358
32959 1 4.027338487502922
134426 23 4.939479045262848
3464 50 3.9617201910293365
39891 4363 4.6814042299639365
265351 3 5.442979266556004
26028 3 4.394575853095774
59342 13 4.991566799327858
51031 2 3.9036951048145814
31859 2 3.5277636768724343
45528 783 4.19992217238822
28555 24 3.947679560577401
196632 1 4.761016796377372
199806 1 4.389377345291854
60821 3 4.144212555203638
138116 5 4.969998026976825
12629 6 3.8354555723093906
33316 5 3.7457936005256562
54024 2 4.0818986920237545
51874 2 4.725576385732249
56341 4 4.133477143520606
42478 15 3.5960486034290207
10444 34 4.558097635986045
137961 4 5.323018237787889
51057 1 3.47223478384736
41114 13 3.3218262245063426
8779 5 3.723710245689843
37461 34 4.551422535298013
137308 1 5.33273198600514
262621 10 5.283630103801989
131901 3 4.666869899800865
57319 4 4.609393512183496
30059 13 3.9409617185965495
134122 1 4.865453905700211
267334 10 5.156419164039346
57175 1 4.078826431468256
135035 1 4.034919245419026
266935 4 5.6179596361581545
13981 1 4.623289718856221
53857 7 3.811952917690248
23756 54 4.125973566793649
17732 7 3.467371389934555
58962 19 4.70714168603951
23951 108 3.777348742480558
43981 1 3.6818676876413767
133787 6 4.2682607322495345
30236 41 3.056211998761172
262995 11 4.523500656052302
50482 31 4.710172168814922
132148 6 4.049493602613976
31703 4 3.7887969105778403
268069 6 4.873655452226236
197349 24 3.829363795411386
50352 6 3.207642912564411
59185 9 5.190439882266628
62137 3 8.144967361023395
9671 14 4.773346854636521
30827 19 3.1970525410056223
47872 9 3.0639631068100797
58241 1 3.6730604362957306
27889 29 5.307254374857863
134680 4 4.262316420459629
328439 1 5.826955055526484
29031 5 4.758723883429979
398182 1 4.427990271788937
131755 9 4.011048598713167
49352 38 3.9660281578083305
263720 3 4.543370725813999
64423 5 4.288565582663561
269393 5 4.3919265744621585
36515 3 4.30325218747817
62092 1 3.832970628167672
198981 1 4.768948223272192
5629 2 5.077755941925702
134312 14 6.013331030615315
40292 5 4.116195657650739
57748 0 4.464446135874708
262792 3 5.520786432406262
134041 6 6.006159681226591
269450 6 6.379500398464281
266037 9 5.186029199883178
34270 3 3.3883310337915717
30437 56 3.955948142741767
138633 3 4.501069633606029
42182 1 4.828033125422289
11664 920 4.659215886483857
12444 6 4.840327947441447
16716 2 4.019118802720412
267196 4 3.8733260690714553
268306 2 4.03076831703301
45417 1 4.789452594477225
27611 8 3.607813142468837
63418 2 3.8688594624237402
132232 1 4.020711612173025
53018 15 4.967685757094882
50556 16 4.101904587100561
267724 4 5.2294498879852185
266068 2 4.2148124133847364
134086 8 4.141524408480679
2902 6 4.95740688458995
63920 16 3.3022389014051834
22148 5 4.5835771002914125
15236 11 5.3495922293128375
200299 1 3.138214883804946
263298 8 5.18866154955822
267694 1 4.723649986799519
26178 7 4.049128320303458
262950 7 5.464966391226897
46092 1 4.187739427442272
42275 6 3.5131284400579625
51864 1 4.594353926496784
55225 3 4.311252559298778
18230 32 4.666112767147174
13060 1 4.017191868537034
201231 1 4.793940921043456
13748 5 4.455003812550301
45000 1 3.77441301053482
201396 4 3.8757363130054574
265289 3 6.219625822497646
267934 8 4.863793812928507
22612 128 4.405848545036615
13001 2 3.806722262168664
22986 2 4.1081672683192965
1428 1 3.9612622610834913
199826 3 6.218269645207163
23337 1 4.199615043777605
45814 193 4.482948328372886
397354 3 4.087345623014362
205099 2 3.7231364112789302
52511 8 5.073081654251776
134431 4 4.725960740418208
47719 4 4.751230126150078
207043 1 3.6824056014532207
48937 7 5.669827558477134
56638 6 3.7403699047044148
59209 4 5.5695358282310305
45953 1 5.205145242004848
264716 7 6.264296027782744
8524 17 4.921479774931598
13955 3 3.7641356888924737
43443 8 3.7794618643602993
29732 5 4.488566616607585
18051 18 3.6810260180068104
32139 2 4.181283028801071
137325 2 5.6807706552553014
52371 7 5.876949199888158
22053 2 3.59947670256387
38805 2 4.70055231483803
394308 2 3.8815480658982118
263667 7 5.816956773593038
54363 32 4.218071314169591
61395 4 4.265087235275509
40585 4 4.6186800969676005
16504 92 3.8294515968106615
21575 64 4.214451907642065
61046 8 3.837970696180849
132526 22 4.931536190779504
5778 116 5.471586800313274
21866 7 3.9154746954254938
263923 2 4.13772014113883
26898 13 5.191997794253755
34978 2 4.017351010343016
22184 3 4.143212634177763
394792 4 5.647374102376601
264316 3 5.062739813525328
197350 3 4.321968595228791
62183 19 3.365383298039037
25520 3 3.812522119611861
198684 1 4.062499801785516
3327 38 2.8691358714523223
12246 2 4.199058457506733
135636 11 3.8938599451551816
56026 2 4.353159512888439
4451 6 4.796790129407784
264247 24 4.666686222006066
39501 76 6.785655558624132
16627 1 4.904249685727518
269066 7 4.887214250707706
136319 2 5.021815156313309
263344 4 6.063376367548935
19203 2 3.743211869631255
57345 1 4.376130382602237
327720 3 5.464185360197142
22362 16 3.9663483901967798
266652 6 5.277171423381433
131459 12 3.8024102757115927
44118 2 4.223389385327925
54591 12 4.648221353620826
21332 59 3.8140971953436824
10973 5 3.4924079130719385
52451 1 5.5804972923445835
10704 9 5.1691619637842
57174 3 3.4378027927518398
138817 1 4.394884375034822
34489 2 3.9429409215123505
62726 1 4.008652610819057
205201 4 4.522080752183287
47806 5 4.039757948255205
9293 159 3.8206035450707967
269167 7 5.509979465006009
6955 1 3.818671147012691
47516 2 3.660668145755387
43109 2 4.5244498396198605
13462 12 4.330828390649931
204741 2 3.8077490430646486
27984 24 4.297117208696971
54063 5 4.535933922562791
269575 22 4.929209815109366
19305 15 4.230781159307382
14776 3 3.50749517003593
266680 1 5.134350625087687
62596 1 3.9983687035665576
9984 4 4.630533495975176
204564 1 4.4466300511231385
17814 2 4.474730241273765
28941 3 3.4591695477937994
268447 3 4.767939224229378
52748 19 5.2562745767105215
125 27 4.20349058770569
200190 1 4.184917896231077
197607 1 4.658266336837765
205433 1 4.2478268929113785
14633 6 3.5004548590958304
38252 2 4.526085860207502
132874 5 4.4730007615846645
266385 4 4.507704657959945
198348 1 4.39120410620523
19774 6 4.1550039027446415
198669 3 6.065702586140169
35539 13 3.769881010847724
9336 6 4.774873386861911
4543 14 3.811510220028883
33186 6 3.8134764415476288
20052 6 4.3111355105912645
34824 11 3.765717635924496
24776 8 3.3260838079817567
60912 18 3.783809948570684
19366 14 3.766689344201393
51558 2 4.6464648165120295
199459 2 4.466914274695924
14976 4 3.805082162348517
327971 2 4.818563236842807
49181 11 3.6510661039890318
52541 7 5.8812560850547175
600 90 4.189989636663718
62525 2 4.21051793809183
394438 1 4.385235829669327
138519 4 5.0182853428727805
44053 8 3.0416734895158233
138696 1 4.614688943111563
29652 1 3.628881303881304
56971 9 3.7891146470444133
48084 1 4.067016799239614
132638 1 4.402706163799956
58134 6 3.789552858212968
17015 4 4.85123606690352
202928 19 4.303640818339763
203159 2 3.758275768451758
60972 1 5.758555806422186
207219 1 4.694445278111244
266840 5 7.457576732523377
269032 1 4.546865728952968
209979 5 4.039730456675668
264075 5 4.525556826155115
262584 7 5.893319938416476
13581 6 4.460323640499839
395101 2 5.288047444344183
264043 4 4.406399817422737
395822 9 3.928050437244359
26785 10 3.857975881103959
51952 3 4.58524305724687
206045 1 3.878314998706704
44798 5 4.881125611841175
134636 4 3.831759162745146
59999 2 4.395761667785477
37281 12 4.32071077990471
136871 1 3.8999042500326064
20127 6 4.005858231565701
42152 2 4.296400950952772
393524 4 4.863399855246072
134936 3 7.018171633450781
135032 3 5.065002939373084
14224 3 3.7666753813243976
41537 5 3.951635577817877
63886 1 3.6524434698685844
61224 1 3.8519575300105253
45992 2 3.9328145186930064
139620 3 3.6480804546690555
39926 1 4.3177272107944376
205849 1 4.303273231151697
55683 4 4.30827275485385
267939 1 5.655261291345035
53627 2 4.2977206453300925
202302 3 3.9934642563935565
202375 9 4.499262870044141
263497 4 4.995784440162244
1902 9 4.041394867567386
28999 6 3.3046613034969274
262455 1 4.745613979160777
204245 1 6.00863012648727
39702 16 3.0674431817249284
