131367 8 5.1565727478851615
394932 1 4.574382614152485
13094 2 2.959049722207617
38831 4 3.8868951208964484
136386 1 5.235653620120984
26638 7 4.639365099105859
12237 1 3.8204978036012527
395979 1 4.572225951996067
10695 43 4.166396160769813
63161 4 4.242188096897617
27923 8 4.774002728938794
28703 1 3.811022115766253
6762 154 3.0317126441852955
198390 1 4.10688330316521
63445 3 4.4734291774828145
19200 3 5.146107418019503
201129 1 4.401516530322921
52222 1 4.126237789774656
52279 75 5.2770171325034205
31028 9 3.81798187201098
33254 9 5.193240524090233
266366 14 5.039186989869486
25273 14 3.5897074247072953
395075 45 3.999912009693905
18355 3 5.466190192091076
135767 2 5.752471281459837
201474 6 3.763520761589482
39325 2 5.149118074826601
132806 4 5.675013703530497
50006 1 3.964192187430882
55952 3 4.470850550281368
136380 2 6.175704752548213
199202 1 4.784324132877693
56561 6 5.020409555027358
60755 2 3.8485611490998757
35232 1 4.009012944727231
394954 1 4.000034822984926
209287 2 3.602465830517972
262148 2 3.9510119063876905
13994 15 4.441611782855387
57620 4 3.947183405567225
44096 2 3.5895721965631604
132372 13 4.285593725995092
29550 27 3.1741256030034113
268241 6 5.66347867248299
27754 16 5.350298998818894
30620 2 4.490985692832983
16971 1 3.8014561291654885
136915 3 4.432032014313262
62961 2 4.424562025318697
138538 19 4.028215592690841
50697 1 4.211423659354694
396026 4 3.465757357831874
134153 7 4.760574367703298
37769 1 6.046132929399556
27828 18 5.2620826246383245
133669 3 4.200003854296515
34583 1 4.889656903942618
25826 6 4.504020060166239
7345 44 3.944166855162342
197747 1 3.823058217298029
137818 3 4.547942315000349
30598 13 3.8803765673571666
27169 1 3.8021912670434843
9021 134 4.52493283624696
9313 25 3.8951516502482546
32341 1 3.8027040875563047
52950 4 4.186504128040876
49052 12 3.5122625302869173
21245 9 4.393517341093703
205871 1 3.797764001862969
38320 115 3.903306699744406
17839 122 4.972356382192531
21937 4 4.226697778138665
267035 5 5.091121854138761
27594 2 4.212854297333203
45223 16 4.645253282122657
63182 14 3.3828335020870757
18462 16 4.264027961719247
56984 3 3.897540226051136
394353 15 4.287134145012028
139699 3 4.627128166148959
47902 15 3.575335959668467
39714 1 4.988966095221583
20294 27 4.4896570163983265
14742 35 3.5617914991705044
328184 1 5.826463483606339
3210 3 3.975091172490456
4670 217 4.702381947217258
204498 3 5.532911188359215
132454 1 5.9392298178012455
58527 3 5.293862153925455
198841 1 5.356125576667448
14259 280 3.5670510733045595
25054 6 3.7587610491951255
56379 1 4.80731238406831
49048 35 4.305124961681564
37363 3 3.3123958549701435
26889 3 4.112563670835629
28236 12 4.713691052905721
53203 1 4.056713403141974
26832 3 4.265390394871268
14115 42 4.001521827323466
19843 8 3.811512072229308
395732 2 4.413191027774364
1613 5 3.6252583096673097
264285 6 4.988573322892035
13082 2 5.573887447387883
264061 1 4.914647984746507
262562 1 4.745956490975466
58825 0 5.0
36582 1 4.474295052576476
62552 1 5.7758374903695096
40846 1 4.547708462360159
9502 41 4.014248778906509
264022 4 4.983951136000809
19194 73 4.370530372148984
138227 4 5.017779597084906
24134 27 4.7174279290144465
269141 5 6.242824219938733
22046 2 4.2178782769664185
4445 4 4.021448808637471
8681 46 3.4324631106648704
203189 1 4.830029226138348
22351 102 3.768608899949346
59442 1 7.747778633061885
47966 3 5.619572162728157
47024 4 4.48897176866261
131357 4 4.866562418874722
45509 1 4.012760842396946
131464 18 5.0001901140198575
56949 2 3.7548935780987316
57896 4 3.664830775365558
269387 4 4.5263752051022905
135499 1 3.956181762078059
45887 14 4.4112402324249755
264407 2 4.889945537221779
15439 9 3.9295677585523285
47465 1 4.577250395107538
56290 4 4.918702782189946
262901 7 3.8613949681886495
198395 1 5.460765370717913
136326 2 4.997372243056766
45101 4 5.074113728854348
6341 6 4.5685427418936575
28276 48 3.7464905159700312
49992 3 5.093708011394746
263559 1 5.297345643774215
45935 12 5.587437155414345
58304 1 3.6987004629861775
23118 75 3.936927067003031
60557 1 3.7160842780319285
267565 8 5.261890584401404
40624 3 3.9460630266695538
138526 1 5.639974454547525
136056 1 4.205817065707443
59268 39 5.122333474939955
12180 58 3.4496256840228536
198794 2 4.415629420445934
38031 69 4.345884021465632
40019 1 4.430676327817
53781 1 4.199615043777605
54910 5 4.5959858462196435
37058 2 4.426731376887179
41317 1 3.9253236078842813
13026 2 4.69609253477446
206476 4 4.275895597961665
132304 5 4.620503339351138
53282 5 3.274262039594162
201422 4 5.535657513625289
266261 4 5.409028269490169
394004 1 4.8770677926342945
32005 4 4.364107875369469
137218 8 5.253207753407876
10053 20 3.9030069518425097
395987 3 4.867554990016206
9761 14 3.9541908132917056
264670 2 5.897445077053661
55712 2 3.909456849811132
37719 20 5.864952390752751
43289 27 3.1240545965691693
15835 10 3.919187041097293
264905 1 5.078786006002754
262643 20 3.626957200842092
34594 23 3.2501984182948216
263307 4 4.465808309412919
53635 2 4.705822789492906
37143 5 4.533101213833198
327864 4 5.9927694388816395
64218 2 3.998050477899688
208271 1 3.5086827472165814
266636 5 4.891991181548672
136259 2 5.483111967069233
198074 1 4.284134053776911
28209 11 4.400130959680546
44695 6 4.664957293993664
199673 11 4.741863942024237
50322 1 3.990153525017883
59775 5 4.427148563906824
133180 2 5.696487872312763
12886 15 3.1974382151965792
6325 111 4.17172347171816
23731 4 4.078229478823995
24 2 3.077634595407039
135527 4 5.514934265166283
133976 3 4.588411379185191
17057 12 5.025589378077973
54062 2 4.80974845932473
17389 26 4.179398557015171
1996 5 4.095451651843412
7867 20 4.542954904373017
198402 1 3.946689789331285
51972 6 3.7357275799138727
27806 8 5.001960949171918
200172 2 3.4183669795070144
201227 3 8.888643202123367
59327 4 3.8861787362325066
9829 2413 4.022473569451746
45845 18 4.6923108630292365
1358 7 4.687802299704854
36271 24 4.675414035281194
138720 2 4.599606362387279
198169 4 6.167385712259912
59236 1 5.94228728538264
45458 413 4.015033232181828
135455 1 5.34358057651161
328206 1 2.9644523211591456
265082 3 5.611322824802017
63081 2 4.44472918951775
61833 6 4.363510912526803
268749 6 4.487756171549559
41672 2 4.938462957631416
393703 1 5.3607137143097745
47052 1 5.206756783173041
41447 1 5.119867176261185
393289 1 3.9169478280822823
199250 4 4.642251182762119
196649 1 4.567231863339444
198933 1 4.34777475920062
30633 55 3.4743615109780515
206878 2 5.042620936680966
12181 19 4.044175963078656
28205 5 4.398533747597347
42671 1 4.705442145459531
16995 5 4.072900743056737
266942 5 5.053026523582293
44072 1 7.375722136948101
36393 2 4.149229573075606
41516 2 3.6978712280106008
44968 2 4.5803770721426105
263147 1 5.577961496023893
61408 10 3.7476314438101666
134160 3 3.98647374520282
267526 8 4.015519676962596
136032 1 5.098649684232667
17248 6 3.876973538637229
62383 4 3.6795524390794987
58453 55 2.82223419100901
51734 2 3.75846506069144
40537 1 4.4682817846104435
60102 3 3.8041517066153356
57816 4 7.978792014259966
268953 4 5.630266705474848
19694 2 3.9021019184994166
39065 13 3.5576423745998977
38844 5 4.107953177144143
11863 1 4.830593930661135
265239 14 4.523054676645025
41922 10 3.907370837769057
61709 4 4.935883474938683
262764 16 4.863943366304924
30544 1 5.464630681818182
41412 40 2.985985958883243
266937 4 4.67186786956982
207135 1 3.8248078795520155
40563 1 4.167847048044092
45839 36 3.8219067548133343
263874 5 5.672869980757637
197688 1 3.8608598803469856
64496 1 5.45
50757 4 3.901817313033869
8952 1 4.904753450230667
262327 15 4.036989944257913
136342 18 5.039870354585262
133664 15 4.845300527332234
205590 3 3.756929260028444
201114 1 4.250551866388061
7494 16 5.888055999334853
40944 3 4.826719224338272
32026 3 4.105980392156862
10049 17 3.8476412592791993
204980 7 3.9344471277149404
51786 4 4.2084803544960785
16932 5 4.523813018847205
32067 22 3.7996769726826214
5683 4 3.7720846858849106
136371 4 4.590110341598439
209862 4 5.0748251748251745
196786 1 4.2795959270184785
265037 1 4.678249286746824
265307 7 4.446637114083044
8561 21 4.205620918810185
133390 2 4.449022206583784
263680 1 4.751096772533554
394808 19 4.557715782630998
197467 5 4.013075018474404
58689 43 4.699390157891703
135201 5 4.852539347760018
10808 2 4.434901596600924
58015 1 4.0
57883 26 3.917233058986857
52596 15 4.2186374672577145
20619 1 4.4147516835016845
36797 5 3.947561473826396
198643 1 3.877581801951549
43038 7 3.880546001252841
264585 6 5.26323469987711
20197 6 4.46140182540244
36351 1104 2.4691956765530683
263458 10 5.270511707895092
28974 4 3.8898706000996763
19586 8 3.8204978036012527
60458 76 3.741390939281178
200100 20 3.801323882139395
264105 2 4.625547081585358
202784 2 3.72183173742947
24869 3 4.409500146735327
55256 50 3.666519071589057
31213 35 3.8695282969986144
62978 1 4.772179151354028
64081 3 5.828108886779822
1440 1 5.359831880094607
266012 7 5.769933284447455
1479 35 7.439068885235816
263174 7 5.431279685443336
139023 3 4.00831515086184
266874 4 5.741606181744729
29270 1 5.954695216599979
57092 1 3.9367473867285723
6717 5 3.13226832563647
7535 11 4.68767358208978
38757 5 3.559385617890441
32010 2 4.3588893454657
33397 2 4.181315992062261
8897 33 3.180699404054898
263755 5 4.613016623990608
57882 5 4.119756805996007
54053 16 4.5422680146332866
27425 59 3.7272279035541014
131169 8 4.14043748101294
62370 23 3.5823823524870115
56619 1 3.609514082833411
4767 5 4.40000411767937
53114 10 4.8670208380606015
28977 4 4.118879082909417
35008 2 3.957213906051702
51871 6 3.901867573615582
14382 12 4.343751510508195
41955 7 4.036192704772766
139427 9 4.885110844793506
268882 5 4.647700318949185
137815 4 5.4940447838721145
201504 1 4.395342559628274
47826 3 3.5094249309826364
2572 54 3.7438332817039592
18807 2 3.602727654018043
36221 9 3.6782358617860664
5630 5 4.309323450433753
36054 2 4.104006674957183
43207 8 3.7743092516904038
13446 18 3.800782199085551
37683 3 5.092599405133439
203836 9 3.7599724511533745
33242 1 5.324169741617369
34636 7 7.75409436993264
15368 10 3.626142227124376
21720 2 3.8171710597983184
11780 1 6.588047778105251
264891 3 5.5208500870194275
15247 71 3.516155250571427
37691 7 3.5575892613670974
44229 7 3.504944238271437
207191 1 4.460248451617498
268237 6 5.406768199905095
60205 5 3.7671832698115524
397411 1 4.103631371160254
135782 4 3.5931540742296084
50591 24 6.7486338550190075
11525 7 3.006636600058051
15277 6 4.053874166431814
267170 6 3.428848127602937
264127 9 4.001749804262408
36892 7 4.482562702069774
49889 5 3.895757487662029
21137 12 3.4720501440247773
62194 18 4.2631445753103705
138778 2 5.262599519881497
205459 1 4.751056775919135
58717 32 3.698826944325423
24742 1 4.102634946087276
51578 4 5.493749453034789
46325 1 5.360784261046987
31413 2 4.791263057929724
133644 1 5.101447141923334
55909 2 4.342306638131355
197228 1 4.018111193902724
200154 14 4.524419749637662
57535 2 4.018932887896613
62329 1 3.6737147728772603
35667 1 5.23580670616734
64316 1 5.456173399784853
46016 5 4.925338943735304
265932 1 5.586078691423519
19748 1 3.966895423020361
198393 2 4.814438684859483
34340 2 3.8247982698633702
4761 604 3.4748683592931164
49174 4 4.32122338000888
24337 19 3.9372581673904015
266507 3 5.281120956620381
266836 4 5.610050197134557
51645 83 4.3911334243220255
48248 1 4.271746151249256
47672 3 3.845816326769874
135060 18 4.32459226011314
62408 2 4.677916844065078
265209 2 5.327109838282945
36384 11 3.0614072152932477
135603 1 4.0
28260 26 3.7094873013632075
135775 5 6.780126398054741
209279 1 7.374186038637809
44819 5 4.371144899755821
17216 86 3.2013833291182086
267149 3 5.228050295116959
57848 1 4.135264972210785
8607 23 3.3068051798805427
264631 4 5.3663481541451095
42800 5 3.863585521499565
138459 2 4.3619088267929085
26961 2 3.979951097915706
33561 16 3.6568883354079227
19558 4 4.265846594337973
40009 105 4.231935584461503
6102 20 3.706111731727989
134262 1 5.067415421879706
136902 7 5.426035596987019
137180 3 5.01668099104265
267417 4 4.229404162349014
395914 1 4.721269271118409
29949 4 4.720308339892369
36944 2 2.9699301877590103
23014 1 5.499111566229793
209786 1 6.469498799015722
267959 5 5.498297089795635
14591 2 4.474133139711957
54496 4 4.207457657224573
17090 15 3.590521828876981
32564 19 4.472747775737478
264437 8 4.807300786513706
267632 1 4.522998838721334
131210 19 4.142937228406275
40984 1 5.510823930293976
200071 2 4.717246285901875
18373 3 4.0296505754166345
59467 5 3.5905213672182845
139036 2 5.5258102215318115
328490 1 3.1042888028286377
47217 17 3.5828357492938006
30981 7 3.5645463857513096
61689 17 4.99358680800951
61442 8 5.011397820063693
136610 5 4.3899199862850935
35184 8 3.9814703356156564
42238 6 5.070639602482714
139053 2 5.3823273151830735
135490 1 4.958632939672626
46579 4 4.078005407896409
21559 61 3.8900098452583065
42956 7 3.8456260080408398
45731 10 3.881706915661291
42534 1 5.099232255626264
20313 5 3.8547725896939617
35165 6 3.9976890608500306
266370 8 4.180571672652336
209298 2 5.090094532360542
263487 7 4.671145439925545
45146 8 4.11571028687601
133257 2 7.011421545243481
135911 5 4.201220800023701
42004 9 3.5504795196701506
19084 48 4.483984502133472
39101 11 4.378078844658813
268920 2 5.61769894093198
44557 4 4.644339677572635
198354 7 3.5699251362385445
38960 1 4.861844724062978
269043 4 6.119206488673074
139026 2 5.540877792257469
338 1 9.473852351808016
327760 5 4.737648651288561
36557 1 3.6588394720459445
64413 28 8.450251016263232
210097 7 4.714339972060823
16729 2 3.075925925925926
39305 14 3.211354965092044
50262 3 3.7673650230707834
20474 21 3.9618854296014248
35107 4 4.738382636092853
397165 5 4.010510507465438
197055 1 4.517701601231014
209351 1 4.1617379869334385
61900 11 4.623836166221385
133593 3 4.5311127401158
60403 1 3.6378825059570747
396919 9 3.4963777073217903
395392 1 3.533536868471187
44766 1 4.924591775616725
57779 2 3.882026610428449
133729 1 6.835935830270806
46446 29 3.144320588551448
59273 5 4.467758223388929
11570 9 5.050533641830002
263551 3 5.493334277934298
50538 2 3.628945538046572
23305 11 4.144288832138077
267380 6 4.934232332314423
8649 5 4.144040800839187
45718 6 4.028164671649419
48117 4 3.699051201936975
57263 2 3.7987307149020504
41992 1 3.844770076029677
264095 2 5.1039865472080175
393620 1 3.8729121919214085
263237 12 4.345047418970463
39431 20 4.192971649268646
205215 2 4.048945146331376
133904 4 3.9120820813600994
50484 1 4.492492523896465
18532 7 4.378568163887074
17988 10 3.7686419109220304
198504 22 5.018277923323924
35536 1 3.9296465503028792
45300 6 3.6411844214365523
43165 1 4.881720396006109
30607 5 3.503161796407781
11883 1 4.146968407094637
38819 72 4.047232589270022
23393 57 2.9300411379269895
45075 7 5.130430406402009
51360 3 3.7822800565442654
13375 2 4.068771427893547
42591 4 4.842563912911024
19596 2 3.7938657068709407
263983 7 6.295956883325637
38815 2 5.043080485053084
19704 4 4.303633020383904
13927 8 4.079723496808591
12129 46 2.980903478486715
32318 1 4.287609961649371
262856 1 4.23070871958691
133081 12 5.2805540154911075
266095 5 4.2495163535135685
199442 1 4.009012944727231
201352 4 4.160169291531987
197229 2 4.681719778144913
51684 28 5.963020897871668
30604 4 4.271367354224174
133715 8 4.3549100052902014
39259 7 4.2569872424865824
206056 7 3.8337694118017205
18793 1 4.144331462188605
51893 1 3.8529265195043445
25971 4 5.398482058900778
32524 52 3.783566997206284
27672 76 5.582672332565217
204152 5 6.198042612394685
22489 116 3.724550841707669
61703 2 5.386680300748832
63998 5 4.012408838356696
133011 7 5.128150143538614
136764 1 4.956664419479545
206821 4 3.918040547524165
37345 7 5.126043868032969
24453 10 4.678862783445937
59595 15 3.774172488745032
58491 5 4.761860253474315
7643 70 4.669014795921876
12408 1 6.064646815784489
395395 2 5.854970972359734
26539 2 4.181357731406244
32253 1 4.471934382013041
264552 14 3.3916680725346646
131421 6 4.074235431172031
266677 6 4.400686257183027
51595 4 4.2612140291898575
17330 13 3.8522110031215338
22107 21 4.135272862662988
394602 1 4.491741891569478
24236 3 4.976400595260409
46226 1 3.650631454314119
11012 3 4.684037585354586
28746 8 5.372722827272503
52232 124 5.085741944688545
262210 28 4.1029007390971355
202656 1 3.9995451311428756
264999 5 5.852100946252558
203839 1 3.9575903803219865
34602 22 3.660319265094285
22164 6 4.349489769242416
13722 7 4.056737189787394
21852 15 4.468540122231189
209045 1 4.081084626010734
267588 14 4.34683846981027
263493 7 4.488578107780607
268159 2 5.6894956109784465
14891 4 4.760358613470384
264170 9 4.583384062801043
22977 1 4.548527229931171
265096 5 5.331828802922177
30844 403 2.7132828339974178
20699 3 5.763661477632714
38784 3 4.819039465832876
16283 8 3.9254992355345273
53340 56 3.186898797850255
33026 3 4.252070526019622
393276 6 3.9545277724776278
262983 66 3.517359598451221
15656 58 5.327583882496112
21323 1 3.9714357622095715
269093 12 4.6769007733505354
20433 1 3.8084040772218124
38538 2 3.6134392518473084
55187 1 4.001472656217972
58088 2 4.145253164660695
9371 31 3.679059925898631
395590 1 3.9311609369162746
34629 10 3.8383733960341226
37007 7 3.9975706653783076
132064 4 3.865015750829806
40243 3 3.8023224586032467
201302 1 4.4046149177101555
269207 3 5.310270520016465
267015 5 3.8753325014385944
49234 5 4.228668142185321
2578 1 4.322475599121779
24186 157 3.708434876446554
202929 2 3.6378825059570747
16299 15 3.765880378560072
29226 12 3.156579676867768
22992 13 3.836886945197954
24246 9 3.816195045110796
262874 6 4.4747634246413845
201332 3 3.813232419332438
27733 2 4.941460639858645
27553 32 3.72269160336422
58695 3 5.74025225478532
45622 12 4.558309115580552
136450 8 5.785022175472567
7979 527 3.5722794969190415
20034 4 3.877034858470167
36657 4 3.811823039151459
132082 1 4.935240701758558
267612 1 4.90501592004055
60139 17 3.6674199742250373
197979 4 4.258051497954478
138023 2 5.912253546165861
28368 109 3.8978838936184017
43840 1 3.6384051134051134
52992 6 4.297756344184915
61667 7 4.188934379166339
16516 1 4.4424456842190825
135714 2 4.593175122937028
59256 10 4.834716780727348
203526 1 3.9003631542716537
44551 1 4.94114067445624
44913 3 5.020715122733964
266768 4 5.230410626592893
265447 3 4.693614753750483
353 4 9.467228205314361
31277 5 3.724607674374065
267332 6 4.7267138507851545
47914 7 3.819482196059034
210068 2 3.8996839314346463
22837 11 5.3210579622528495
44174 4 4.564071480745622
200920 1 4.905924052621441
135808 4 3.7316438960523586
59515 9 3.6936861460215185
45960 92 3.616456958118398
200858 2 3.791040291846744
22648 4 4.406424929677349
613 3 4.52796428335184
266737 3 5.7456494807752865
32030 4 3.617708053307204
14237 20 3.6216082944549686
22088 2 3.806067809010249
53152 61 3.546333639766271
203709 6 4.53906228247727
264226 2 4.824303057855475
42221 6 3.9680909603802315
41709 18 4.674602531581645
137375 1 4.437387530657201
29217 25 4.248542408317318
60215 1 3.8064777521480178
132955 4 4.882943007146861
4152 14 4.190101690224393
2030 5 4.509825782592838
57491 1 5.100641157784016
48520 6 3.849970618766472
34691 2 3.795185786788841
4182 1 4.199615043777605
24372 1 5.837634362340409
7862 35 3.7481788497596358
44136 6 3.6809456466533663
49868 1 4.531973000886178
17876 1 3.8176228513093697
207136 2 3.8052145778370052
197870 6 3.77419775571472
268316 3 6.304575905363528
24322 26 4.603255733155008
63464 1 3.8872716983148106
43460 2 3.617799970545598
62432 7 4.80511680090554
131245 1 5.889679504280345
397033 4 4.165276714323426
18938 8 4.031154446181507
138066 1 3.6430560319097185
263136 6 4.969798877851228
45547 2 5.0
14100 1 4.464630681818182
12888 13 3.7370324289005534
132471 24 4.913732684537396
41534 1 3.648478373478373
35525 1 4.776385587099873
55043 9 3.162905700688286
41040 6 3.760374469251974
22610 14 4.1760708344683835
268053 3 5.465311443412888
31762 1 5.437783348971773
262194 7 4.940744940939107
40656 5 4.199074640700486
131775 8 5.686865815945065
394710 3 4.242256101468335
207036 10 3.7474990184875248
262561 6 4.6739718147725675
16044 5 4.0501370502376615
52255 29 4.901489814704606
40068 26 3.7291831503129407
46273 21 3.8060821643618783
199610 125 3.6222066660107983
20333 5 4.176916031748448
7060 2 3.8227013807069246
13250 2 3.0884965864410225
42266 15 3.7948404583512945
196916 5 4.878169864907836
267539 4 4.432534926938487
48424 35 3.437769212044953
52616 2 4.602042651139532
38975 2 4.923578616238714
262262 22 4.6054384097828605
27515 1 3.8133926877994355
56236 4 3.994624097008435
267258 1 5.960883323937511
32020 44 4.800302577915845
47226 1 3.8446960233826597
15879 48 3.1943223279570128
17541 2 5.53134860147909
203962 5 4.84266432200338
268193 3 5.258796682546462
21157 1 4.000939564122108
13695 13 4.023195345967342
44430 1 4.092022954619534
6639 39 4.5425465881811835
57996 1 4.428915573465931
48686 2 4.753372190824199
8615 9 4.069704070271551
267646 5 4.963887764037978
265729 5 5.69102274985207
38955 11 3.776289000127691
200077 9 3.5776283756181395
267507 4 4.978577660998146
48589 2 3.770334438507392
328157 1 4.892472032362585
28939 16 3.9928902188105533
31298 15 3.436149356869277
267269 4 5.809668797808232
32643 1 3.955282284831146
32782 3 3.6967362726134874
131143 16 4.581863596428184
269103 10 4.64060085955561
267439 7 4.651158535012626
7805 13 4.614549351241522
10670 6 4.38821806324351
2002 2 4.055702746770165
53019 29 4.009554154267374
133653 4 7.009854876697777
6389 1393 4.202619467129774
201031 6 5.74726008182263
14238 11 3.8058956008646927
59276 4 4.146318541812964
39850 2 4.092741220419792
204891 3 4.276450793423919
48171 6 5.188646642748629
57393 1 3.7607662854547823
394715 8 3.807745677790379
53592 1 4.471235081313741
269164 5 5.897688019145416
59280 7 6.402320933133475
393474 17 3.898572432666764
268574 2 5.725717677427783
16608 14 3.04839749607061
16107 2 3.5024951738210306
1126 5 3.4393224204093618
131996 2 4.954928884311009
27011 13 3.9932341577799173
266944 7 4.555661068703698
134562 7 4.904749238913
3312 1 4.392133168006841
63449 2 3.8204978036012527
24214 2 4.7825748387634786
203673 3 3.8467474166552207
39531 4 4.867081484120954
59737 3 3.687334384966763
266630 5 4.115407593328352
17278 2 5.298060809902348
16190 16 4.01101266508994
7363 4 3.9107588938745126
48289 4 9.380959219352075
19193 1 3.7621727478870333
62159 6 4.291765957640263
59646 1 4.782086662450892
61314 2 4.081845680320143
55674 8 5.063423598944486
32295 1 3.7701586731368506
63219 3 3.7927153460790737
197665 1 5.157254354733347
137023 4 5.696262612255467
19603 10 4.25079886654717
18168 17 4.775911605905269
57067 8 8.996092723845885
262738 16 4.177517868038008
4808 2005 4.360562121080655
13716 11 4.168858083194364
265305 1 5.8853081234561655
59143 3 4.54912343611553
269087 3 5.140277810813525
265533 6 4.380709784284958
27691 2 5.028449601260661
52720 37 3.837317175141904
24336 13 4.650674933656737
197085 1 4.084924719961666
10991 41 3.886328592739323
42622 1 3.5374794517651664
269583 3 3.872220796499474
36442 3 4.462959768484429
201858 1 3.816147777141914
14983 1 3.818671147012691
48702 4 3.508228556762672
55577 30 6.0086903995364205
52417 1 5.7300902142466175
267116 6 5.540025367892734
199010 1 4.066709961256813
37610 1 6.23706610849468
198832 1 3.691770626745996
43944 1 3.8505586506603047
47477 15 4.985843346477726
263989 14 5.34389662809032
262640 1 5.180323594486156
133070 23 3.9002133167878292
134403 1 4.9608675357704
266137 7 4.9119273641846615
16296 1 3.7130533231464913
57286 12 3.635845754533813
328500 4 4.513481651591408
54161 2 3.999608451388453
207895 4 3.986719745124294
30147 12 4.364460585213323
395111 121 3.805261401876579
61121 4 4.209740682514103
200567 24 3.736776209775875
14727 2 3.047312240865604
22995 122 3.3700108769799493
328133 1 5.281750110521663
268123 4 4.479618982109291
395431 3 4.061754112052414
7629 103 4.080706732840592
61949 11 4.628352111471942
47724 8 3.7870127439618293
26788 9 4.159856106650646
61702 3 5.865417131366348
60171 13 2.7597312022817047
49192 9 3.9509690009700713
262650 15 5.2147667698708595
268052 4 5.088562070274618
38562 9 4.165132497072715
52308 110 5.12608965199252
200981 7 3.297898744692489
14436 18 3.6439640351650686
198654 1 3.8312294848009136
199588 2 5.170760632772205
202744 1 3.839311593104296
21254 5 3.9284196474279347
27232 8 4.524297962936593
206381 2 4.947027163055038
268541 5 5.113575623225054
9919 721 4.705558746840773
28015 167 4.263363584037932
11951 5 3.806535207184657
45570 24 4.309834972968928
18598 5 4.335738239979654
42034 6 4.300051325422174
266314 6 4.379951077973611
55740 7 5.9350649889675635
132270 3 5.712839467367866
266146 6 4.1607708434644435
265188 14 4.014024124717954
61055 5 8.608071574092556
22400 9 4.111683120090019
6127 51 5.822739430210442
58543 428 4.054844912692907
61506 7 4.7030535899822805
33163 2 3.8372302076878175
206957 10 4.638317343198158
138981 4 4.9717473566693595
40284 15 4.089673940813768
33346 11 4.356087433323046
16821 4 4.446121937142395
63945 6 4.790415598272982
135317 1 3.845540228256641
204965 2 4.033062016436402
44212 11 3.4477448714272985
58504 15 4.094174780681614
56893 1 4.449804654297742
268274 1 5.165126731506042
40661 4 4.67819734908405
208642 1 4.0509313711284145
40345 5 3.8021512977438685
60120 1 4.802091681352765
5663 6 5.281522569229422
204482 4 3.703419709535853
54156 2 4.087009211892873
264426 29 4.630287214830475
12202 1 5.356657276920003
139217 2 5.78408328301567
266586 11 4.45147809033792
133789 2 5.127744327547069
46357 2 4.230848937800134
57145 1 4.069778836541509
58955 25 3.9481184288653983
29212 1 4.2221010931967555
33182 154 3.8198978586809473
23423 14 3.1722803218182607
52719 6 5.293956122415104
207151 5 4.208273433565187
267807 5 4.701646439931258
33565 2 3.89195371391992
17310 12 4.494202340274798
10215 9 4.027999005623913
205894 5 7.287339787894124
42304 3 5.36985169931875
264193 9 5.260325231221572
12195 41 4.198245647351672
13357 15 4.42187851097959
62923 2 4.920677605717161
3147 11 4.256640099423244
54445 2 4.152867978437094
21345 3 4.657462011067686
62642 184 3.303850654264951
138300 1 3.597984522984523
37032 2 3.8413274563065465
15352 2 4.270791022862528
13788 15 5.1975789579493075
16835 17 5.468561489250166
132895 7 3.816060151115965
51079 1 4.439913591699306
54434 4 4.917581201747116
6039 132 9.464260879962865
11195 4 3.02784952943719
44647 6 4.061109747375991
34052 7 3.9942480550378474
131366 2 4.43179160828141
57031 9 4.028946043718851
133048 1 6.611343623535741
20128 11 4.396326292906751
59457 28 5.48382965160409
14705 2 4.278742690425874
268054 7 4.94744486112987
131720 1 3.9618286135926453
29657 10 4.332619332688323
58390 1 3.94387203406665
264693 1 4.7632419190537005
267158 9 5.00944019631485
201814 19 3.51265092228899
43370 10 4.427621225244628
39726 1 6.383667299873137
23314 148 3.741570101221938
31344 1 4.327854725487361
396338 1 3.0859354459287394
48141 4 4.867464657873979
32477 28 4.0094297368954175
46190 1 4.344316390342398
558 12 3.6900781853765943
62817 1 5.0378246771834645
50713 1 4.520632408165662
14646 1 4.45381049684641
21042 29 4.66742177559786
11610 7 4.44938538895047
17098 2 5.149710046513116
133091 4 4.3231262886991475
14841 1 3.807569282569283
201613 4 4.04738284144287
213 2 4.4803940845371315
44239 40 3.8107373650843774
204739 1 4.0509313711284145
26073 13 3.010885021241575
59355 6 4.706771536967674
136141 6 4.3265721360043035
34955 11 4.019775663976439
37992 36 4.78959904741698
59657 1 3.4772664861622835
61899 4 4.449462466809691
48612 17 3.876768212799319
7221 1 3.809288800052347
46568 3 3.3790281494917473
23136 66 3.9528091984901628
8220 165 2.7542797790807727
20959 25 4.816000398495084
264997 6 4.43459089928849
44746 5 3.667550671058587
22845 6 3.7883322280802516
42117 3 4.062444368294582
361 8 9.471203511506092
39540 2 3.64924772439523
196934 2 4.265347376637699
266171 4 4.774177559540663
265112 7 5.379154236933202
265594 202 4.672968461396203
46087 1 4.297240219851896
36458 5 4.532586867936178
262572 10 4.678274703146441
268065 5 5.828279095026029
56203 11 4.848164451601091
60108 1 5.07145989357971
31222 5 3.6458887772666277
30329 20 4.9362078863607435
27138 34 7.462308592960953
134259 4 6.015315983353751
265703 8 4.49650089404143
203912 3 4.628609718860477
11763 11 4.789298637991186
21961 2 4.137110312147258
37343 18 4.8113481896976085
393993 1 4.248763392407786
38437 6 5.066522069521985
51357 1 4.180817154572084
36890 19 4.0692305666965
199901 1 4.561906479763623
208689 3 4.759467639244351
137668 4 3.5911000826006365
136620 30 3.238522725422559
267848 14 5.865658980130128
61756 6 5.103255330763729
24775 2 4.068676997096295
46356 2 4.004417495233486
37019 19 4.525885453437704
24703 32 3.6532957052320194
137435 4 5.485036726275522
209417 1 4.985566330934718
262412 1 3.732798546393017
17151 53 3.826757631498527
263957 7 4.957103664782913
35833 7 3.3196409745176942
269112 4 4.7416844382183445
10857 20 3.8867461787192417
263857 5 4.449238322375723
263360 4 5.345785542193418
43657 5 6.241281870580607
32329 19 3.082259129069512
34525 9 3.665444954745119
52761 13 4.788174066272836
52891 1 4.2342066699948475
25211 45 3.7492222266216735
137059 3 5.198931344355537
265413 3 5.334179801656477
268854 6 4.45938799579412
137491 13 4.028965048033485
136264 1 5.231757516224881
265203 6 5.514254596105602
206344 8 4.110323112562864
17060 4 5.486681066859769
54441 2 3.8334416751598677
139646 9 4.325142405596666
19178 8 3.6900295455016385
35021 3 3.913575234629859
33782 6 4.975873651887685
199774 1 3.798242237970771
25103 7 3.8729025245342816
205997 5 7.257352915222449
28158 50 4.1559823699044625
28650 3 4.840174784294966
136376 4 4.613444342707298
267643 2 5.087380215231604
6628 1 5.007732050108145
266676 1 4.598126464850603
396388 4 4.4136457684073225
37576 4 3.7265469062466807
35961 2 4.199817109099858
262591 32 4.780760250089336
262694 25 4.93008329408822
267605 4 5.575014707551419
268030 7 5.427537329629542
198007 1 3.8087488593761183
132804 2 5.044537455660877
39769 1 4.2593949956853185
57074 11 4.490430518002993
136601 21 4.449644331950947
33004 23 5.3022568907337915
62145 4 4.12098420962877
210267 2 4.700150249026748
265818 1 5.767282188710759
267108 2 4.639617377557487
9042 15 3.5764716422346234
43411 1 4.768326144972802
63882 3 4.371008454875756
27263 8 4.378903207618391
25950 1 4.009312121052679
44719 1 3.713168048882335
13335 1633 3.274094221255957
61744 4 4.630847235955705
10971 17 3.0148735050561952
37426 1 5.860131469060041
30893 15 3.9697765395364812
42484 4 4.117975057411245
20598 60 4.241674244852017
28666 17 3.6357653621694896
197921 2 5.064331032785809
54121 1 4.76445680315549
264873 6 4.878530338396214
17222 118 3.8197008796927525
55494 4 4.4485490785975506
264799 1 4.959102139890318
58404 20 3.898955160514164
52258 2 5.346269539052442
203982 5 4.785831441295421
197985 4 3.337892254398576
133547 9 5.540890530327368
53027 2 4.7003185136521415
53072 11 4.53386276513012
35197 23 4.92143807485467
263271 10 5.448271764959329
19105 5 4.578135628403544
23877 3 3.852929706689065
136238 7 3.9942148564391817
60294 20 2.848807795396553
266914 5 3.869040009466939
51618 7 7.081985755768286
263131 1 6.067601349196971
262997 7 5.554798594946378
38056 10 4.025359652600708
203632 1 3.7953261523920436
262698 11 5.35658390179846
57765 1 4.66257101231716
346 21 9.4631883731374
28756 8 3.755287497954021
264720 2 5.663673985184271
37317 4 3.812078955686254
137144 8 4.650633237200959
42701 5 4.5811964640705565
38603 1 3.8641138292924007
262541 9 5.128779829356446
45760 3 4.194250760469296
23171 3 3.1991499104235483
131398 4 4.061659679428239
53588 1 3.8298328855964328
42823 3 3.638646810526942
1676 3 4.442421087510373
39734 1 3.622368491755142
9378 36 4.733317709716592
35245 1 3.8621112363116623
50308 2 4.9319829671814714
52663 6 4.682677352543005
15867 1 4.141951460407499
6109 16 4.175147378433544
42656 4 3.4900957387359677
269055 7 5.550683569615471
197845 2 3.7567812781805747
38900 3 5.482972527747913
27893 1 4.974953671068472
58125 1 5.905314449605959
46477 1 4.844439495005998
266124 6 5.251616466253813
136770 1 4.364023088105402
61392 1 4.535208884984312
10045 13 3.8230324078208193
61060 3 3.6515078624838604
263110 19 4.394268961737741
138870 1 7.0
60187 46 4.293447240522724
210260 1 4.143352020631589
267965 5 4.968519152203777
206912 3 4.760124501714364
55003 1 3.828126336882097
62481 14 4.0199157256051326
136433 5 5.270365816143065
131765 3 4.926346200489753
23568 3 3.900051649004306
51833 2 5.030260704909564
15516 16 3.517177373921212
266966 7 5.219197626397628
13654 38 4.049940901206761
394844 42 4.619975992312667
263806 1 5.445037806564901
61894 7 4.588044506640072
29181 1 4.2593949956853185
131390 5 5.551217686788654
58064 1 4.035459425935617
28686 15 3.7846077870117876
260 6 3.8386203649640422
131740 12 4.441608972473846
40499 3 3.976927711306788
132571 2 6.015346272222394
50518 1 4.120308337894544
56326 2 3.861723388213124
203407 1 3.8142552369717233
49941 9 4.029778042151965
63482 1 4.002622494876015
267606 4 5.354182729709491
134099 3 5.169523910469288
132245 13 3.828307270853153
134107 4 4.786173052541095
264692 4 5.6619906451444955
20545 8 3.840261121291581
59033 0 5.5
44131 1 3.8370195266945624
8675 3 4.066542680283196
19530 7 4.618158757847034
137013 1 4.175724777618391
269806 1 5.788252538520518
264581 7 4.365732075063338
34032 4 4.756840416243126
31180 15 3.7456538313060483
38285 18 4.875858053566422
54239 1 4.189844338292614
39887 15 4.968764152742337
133301 14 4.238553558932783
27250 7 4.821363917645261
10198 2 4.328910664436513
42867 2 4.859507087662701
32412 3 4.3375389765127705
203348 2 4.879415811577262
10596 12 4.7707490691096694
54407 8 3.8109133110426026
27253 2 4.628835148613474
35938 10 4.617050792279328
269574 2 4.015447585036148
267483 7 5.4202339276791465
39427 4 4.574769220858402
263151 17 4.124994730686471
7268 9 3.7653841766618292
21033 8 5.49619464789263
5978 4 4.707949564424355
31113 2 5.473084396970727
201437 1 4.358629685647919
51249 4 4.620487778316382
262202 28 4.125281210860207
199318 6 3.9819644381338333
47313 18 3.7154206531900833
52059 4 6.020359919035472
202818 56 4.325519187364892
264691 21 5.680899681092332
50324 6 3.0643150488956845
57534 11 3.653331353520094
61801 7 4.370793669306507
42964 9 4.625660331735923
268393 8 3.8904477494958223
41820 31 3.1139308814694084
265676 4 4.947206088029493
57166 2 4.04527058199327
133606 26 4.223392807102992
22598 24 4.642462666541765
56433 2 4.549018012410871
11032 19 4.543921975932674
266886 2 5.484885476836835
266674 4 5.488741007734742
263183 6 5.0
265980 8 4.599481244664401
48441 3 4.103722748812034
25019 1298 3.8462450275945153
48673 1 4.551842951632868
4306 2 3.6944317687559485
267984 6 3.8964851508074436
26772 1 4.179473950303179
41047 3 3.782178444219371
15396 1 4.421377343338964
31783 6 4.158100630270775
264886 7 4.323116373892359
137340 2 4.476794674091342
62017 2 3.799309478181822
53740 4 3.6913031085353216
52048 20 2.97226795697482
206002 8 4.033515739702133
14346 6 5.303543112238095
394081 4 4.0047744960506
51634 3 4.226040710004903
26664 6 4.3503449256870255
268915 6 4.503619596458516
204135 4 3.9977833181715376
196980 2 4.000212469139096
45323 0 4.0
55469 1 3.949873366355986
5656 7 4.761313048798034
51501 7 4.6713320920298145
204128 1 3.4174507176608016
206295 7 3.376424835094375
264255 11 4.418416943219994
202441 3 3.9665471124871785
136035 3 4.696543469250649
38256 16 4.569954840907417
59990 5 3.9744142973998335
48898 1 4.860624905681926
48336 9 4.728255435336312
55257 2 5.281984584989701
266025 3 4.744090855906696
46245 1 3.940582578644977
9264 8 3.3578698968386003
14905 31 5.472716186008245
13499 10 3.822957403607979
139283 2 5.590241712542454
19006 6 3.9378469541047694
396921 5 3.8758566062820474
396052 5 4.352663260382503
138758 3 5.120036831890744
56816 2 4.462232945833413
44566 11 4.022746961374912
206181 4 4.4854561688007255
396405 1 3.7401503705198293
53235 3 4.692071289196237
135859 6 5.3172635939799875
30041 65 3.5171622153551345
32773 3 3.032686155087344
17884 7 5.389119667390444
16531 43 4.6025559880164835
262522 16 4.641883438725916
3923 3 4.007154070674285
59214 17 4.002818876099378
8026 1 5.045908588765731
44778 3 5.077303735383361
40004 1 3.7633732614767106
52654 32 3.9371866492553442
22668 1 4.112789044737251
395982 3 4.796631572880367
266858 13 5.370473229912158
134344 1 4.483299306513593
395446 5 4.142934328863095
3179 1 4.302481738616192
28169 19 4.49747219805045
35234 1 6.9906971661533515
15562 24 3.986663322232015
23546 19 4.2116498803242015
38894 3 3.9011797828241814
4631 1 4.0337530996644295
8520 17 3.8580196360641335
43192 2 3.6682059770641553
24637 10 3.106628302408538
39805 8 3.4208922659807697
49351 1 3.877660978921482
53258 1 4.821098375937087
62459 6 4.150207543409389
9578 52 3.9060411260734007
267376 4 5.2353260072867505
20632 33 3.8058695189721123
7647 4 5.365318070732816
36427 2 4.715013594771487
57478 7 3.984358365808076
39889 3 4.8567657722824755
64237 1 4.514629240834283
11208 1 4.277590861671321
48365 1 4.677547474775619
20515 1 5.514591203300881
263919 4 5.099916429865754
32327 19 3.8135261895260895
199061 7 3.8900247941520316
17812 2 5.024443294869469
11860 1 4.219456197661809
57749 1 3.786136521468084
35788 0 2.2708333333333335
136081 2 4.650179931747736
135594 1 3.9990193292038843
59381 2 6.816698331340857
204556 5 4.027176458991914
396039 1 4.01044555543561
29953 14 3.762172277636115
327714 2 5.144954376566154
14426 6 3.0435223102854576
9905 109 4.562820887933855
267545 7 5.365741935371551
394674 1 3.919108608960825
61360 17 3.7699655948990816
47531 3 3.1713569974028997
9063 73 2.909393450852006
135647 2 6.611664331061443
265816 17 5.358985946433919
51570 112 4.358094549592582
265216 7 5.018186178903146
50685 12 5.416627179226173
58297 3 3.7191714838708507
1500 2 8.473241851197518
28135 52 4.729149950526837
266560 6 4.557865365508837
44194 5 3.512861631448163
57852 4 4.8702150210216715
328024 2 3.6338064729435864
18972 5 3.4641431538846645
60073 2 3.632097215568977
56605 1 4.942667417661147
14106 8 4.9415493556846934
396206 13 4.122206170801531
36908 6 4.060937898143233
47550 2 5.9288619561963944
21856 7 4.017227115006271
60320 1 8.915478746759536
10851 4 5.166969914210697
29904 1 4.45927837624882
266466 2 5.3449041093006615
267024 8 5.436846627661511
31027 126 3.2389554876658218
203952 4 3.8841734948066513
198360 9 4.431783285285631
52498 2 4.56326761183718
62954 2 4.199940065977627
262725 22 4.026195336631801
29071 3 3.5963760358636216
135745 1 4.906467880517419
17675 19 3.7917479306964093
46663 5 4.0
57128 22 4.0459572440909986
52405 26 5.13363724895739
267504 12 4.4278650351823305
37654 2 5.038091390822242
15757 6 4.018031545168099
13609 3 4.169175586144545
267180 2 5.400157909800042
23755 3 5.0
137189 5 5.390195221866418
42001 2 4.887673419755723
34720 1 3.877465619682001
263775 4 4.738672483615302
206890 1 3.800062694302506
55326 1 4.84995424457542
23435 2 5.052071461658319
55354 9 4.22870114237738
207146 3 3.840154693005246
49434 11 4.004076255712354
16438 23 4.239684833569008
22111 4 3.8475375313985647
47991 1 3.854652102463162
266045 3 4.893148370339865
45868 2 4.8341568144922755
22064 4 4.695645797517259
50789 1 4.947224789701702
22925 47 3.5243032068840807
58045 3 3.8654656622862316
8012 2 3.8307567428810194
131314 10 3.8549278537884635
12355 25 3.2030913024785317
42991 2 5.039119808762665
196767 48 4.931223400915115
54804 31 3.946248075273579
206894 16 3.960642189338135
197597 1 4.391635818759177
12069 1 5.2623373980516845
39944 4 3.9527507849761476
208538 1 4.739707912047813
14584 1 4.1819877504360266
202813 20 3.754548835708929
39007 16 3.7362437582773405
24590 2 4.2723100703815255
262320 3 5.070027029023388
136608 2 5.948641126917659
28364 22 4.797695120077419
48041 1 3.817014118302034
19710 6 3.70482867701996
262704 40 4.152714780588673
133409 2 5.261451770629957
32108 3 4.525508407561016
47861 1 5.226389600045515
44863 4 3.0572108256379535
35617 8 3.511684597418955
263109 7 4.198845642895234
43967 36 4.665584544274764
22626 55 3.9157127683352946
9457 69 3.5491554938472856
201720 1 3.956092569744643
30158 2 4.133314304742877
135273 17 4.444353615330617
59672 1 4.760850394058918
45728 4 4.3996068188368485
201917 25 4.011061743365654
58954 4 5.0138128257514545
50664 17 4.920029057281506
15296 65 3.241138356086151
208831 1 4.033580077330076
206618 35 3.986383853776012
60478 2 4.224401756734682
1580 11 9.489853520884962
138509 2 5.635472035884359
23689 3 3.8611391970060702
39605 9 3.123392428080132
268672 6 4.5973275765573804
262925 1 4.8770499621402745
265500 4 5.5783819028603645
197724 1 3.6089594898601107
53325 4 3.8218080931173506
34427 8 3.6444715333176547
19637 78 4.219112044616414
30069 2 4.564095510183945
37619 3 3.6257936507936503
38779 3 3.927121308750658
44552 13 4.564070606673899
264960 2 3.7690140684955393
37537 4 4.800138477309043
267494 4 4.675650537718609
393408 17 4.3199700556804554
44079 2 3.654716397155614
201719 5 6.342863655683412
22221 53 3.818510253772417
134139 17 3.950924580415207
210 47 3.62655261711644
394025 2 3.9552220261411732
53832 5 4.208850256714619
38984 11 3.9165457826307604
134429 3 4.553792376516482
53959 43 3.7524304662837884
197287 10 5.427743181032051
64306 2 4.910156134501344
42298 216 4.011657686380865
19885 4 3.7925320988696036
5089 325 3.8248773084967347
13194 28 2.960273442862907
16039 17 4.49300794573719
42927 31 3.467892218110407
268351 3 5.34512213774317
49685 9 3.7017942681739817
266412 2 4.791423472275208
199852 1 6.339367380391816
15673 11 3.701884789152509
50670 28 4.6161512551253265
56929 1 4.8021380735666455
200589 4 3.7549403433639887
55764 3 3.579671345643835
21350 5 3.6845192997889873
132404 5 5.061492997762965
18228 3 3.9024397940027096
19611 42 5.246752717306818
61585 1 5.278420106622077
136866 1 3.7574319337856203
21672 1 4.290486084796429
46042 4 3.936911030107972
32864 2 3.0099856693698017
269012 2 4.552675321394534
266622 3 5.018333390515684
36450 1 4.555324487590498
36865 34 3.798830430853756
15129 14 3.9406015610859013
138277 8 3.9689848330805737
395060 3 4.515935559723567
131402 6 4.263276093726619
15324 6 4.4121048846858235
46062 18 3.993520925659974
198735 19 5.681212161162429
263554 11 4.297395209364429
196713 21 5.8456876196320815
394837 3 3.2568515221640086
137134 4 5.411267082345343
57958 8 5.888579676643916
25875 19 4.120951965698983
133420 18 5.350930683579437
203187 10 3.869603837744647
54216 1 3.7659567945282233
267772 1 5.494898690982435
196881 19 2.967246246442736
264088 1 5.58488484531936
31242 43 3.034942167622967
12071 1 4.514062393589249
30400 3 4.163918051452824
50463 18 3.829696440288827
31695 17 3.7714288320574703
26426 21 3.9458555564673956
134971 9 5.108215856574193
61384 2 3.7469354527538403
267017 7 4.787414946530816
328280 2 4.74985772768792
21156 5 3.8149891614837386
10197 9 3.8758290715716375
24488 7 3.8449897094934977
262324 6 4.339752064340854
15220 2 3.8061408789395235
61659 14 3.8439740560135993
262968 6 3.777638172278064
201167 17 4.381804876092154
42317 1 5.066007339221625
2764 354 3.9829306368011776
29878 3 4.508833036992167
19455 1 3.9234984151650822
50899 1 4.945808153214795
55456 3 5.595852944285218
205372 1 5.808529242149932
61920 6 4.433709648287733
266330 4 6.568712393364776
196971 1 4.391006240004598
62179 31 3.2299370399582976
46519 1 4.957221753611924
17557 185 2.983812771755671
6368 3 3.7521060461844797
17978 73 4.514014984344274
43882 8 3.972749130977416
199943 3 3.80463137792005
30835 3 3.717280704362728
262680 54 4.117203582938052
39959 6 5.146446508588978
267813 6 5.032486894239502
268283 5 3.900862983189389
199945 13 4.497508655061243
57356 26 3.4175006181139946
50680 1 4.176393310053997
21257 2 3.7633743844351386
22394 1863 5.625978041179924
205126 1 4.540476743812097
38934 3 3.6146564101451317
206505 4 4.423442110066391
61023 3 4.22079552946022
137611 3 4.939981549759968
269330 3 4.9822190558125845
200492 7 3.593069788074885
14014 19 3.8788773962591008
24884 1 3.778896830630024
25390 1 4.043437647009076
393234 2 3.9441594243195226
269278 6 5.3331645160730154
262546 20 3.698128626325495
204802 2 4.775694987509301
269325 1 6.382299750362149
18549 1 5.266083573648858
21751 2 4.475427929875829
50635 2 5.340070945939469
132532 1 5.001516431550082
16910 6 4.397881120748591
263003 3 4.330952358357678
393753 3 4.451225440713304
62751 1 5.038901449427765
16640 6 3.837194650587508
37579 2 4.5557254726860865
1590 36 6.468054661714985
39504 4 5.132338434990272
9954 10 3.816669953669684
62611 3 4.367853884178935
24168 7 4.841162445168041
18850 2 3.8196670261335703
25332 2 4.802053891579478
135628 12 5.688026937048396
49845 1 4.762515262515262
269378 4 5.817359453154472
29356 7 4.040876714306821
262351 6 4.559679345455833
3842 62 3.787183371007938
132164 3 4.261301186610101
131506 1 4.358444713469344
138179 14 4.033991491958444
263877 8 4.004365318061136
269299 13 4.1567322450537185
44546 10 4.1316850595972525
52837 1 5.287401383078075
54139 21 4.553330213231691
13541 8 4.770869705778521
18260 22 3.7678813006483276
55218 1 4.2227373985255765
42938 1 4.696311816262555
132770 115 4.002571228725077
61269 1 4.566197175650957
201530 8 4.032307598784349
25966 2 4.180178448626724
44740 1 4.889812966521711
198668 13 4.218466015423899
265720 4 5.742842791435839
268942 4 4.448277787441325
135413 12 6.594423275227571
19880 6 4.8770677926342945
209284 8 3.8835494898353424
199034 2 4.9408555098853615
1645 1 3.029552763526722
44732 1 4.731394911896539
27983 285 5.30737405718173
267691 1 4.768211025226585
48896 4 3.978079513534291
44381 8 3.8432110047837074
48583 1 3.747878444307016
38204 3 4.743071379049344
137461 1 6.31033792425418
198911 3 3.774998993802193
197918 1 4.073455644884217
265738 4 4.51145240205478
263243 5 6.044368784846907
5542 6 5.1900222905262625
8405 5 3.9733300188933094
264737 4 4.903764489478775
17494 14 3.2432107053833374
46765 1 5.474276679996098
200781 5 3.0716944844629435
56632 12 7.950911434108641
31857 9 3.536512023506692
58460 17 4.992413775553315
268365 5 4.935008588871395
55106 38 3.7806954616959234
134028 2 3.6202776200826348
134173 2 4.877407537144907
34915 4 3.658832790912354
61163 1 4.851702553067409
57940 1 3.88671100225722
48862 4 4.192472611090878
2613 4 3.6936674815121453
51344 2 3.849878998614351
52667 1 4.640837487193283
52561 6 5.384607712476303
265177 1 5.058915121826156
26200 2 3.9259847050341454
138594 4 5.784750214156457
3280 35 3.678032595880038
137130 7 4.552710404212241
28745 86 3.73796126199526
27941 42 4.7395568990874395
396078 1 4.562366645601987
61135 30 3.7528662087741784
200910 5 5.184427979986016
133772 48 4.037868987933889
63583 8 3.975356924969245
34170 66 4.110952577185364
10692 15 3.9191773221352433
61486 7 5.6161842191592575
137531 5 4.52374953102156
396443 27 4.173972954859447
397072 2 4.558595933003188
56266 4 4.161010289308732
197247 2 4.778856607199914
12196 4 3.780118284830882
42905 3 4.336032392868842
10162 3 4.229513940754016
266713 2 5.0416040693656425
47095 13 4.227913923745377
440 7 6.473079323666567
57231 1 5.030384892884893
265171 11 4.04311861090264
52363 38 5.465461145526842
58974 2 3.9484916011777718
135336 1 4.9201065231784025
17787 21 4.172861714523687
265744 5 5.6265467134893745
50647 1 4.635127749874294
37693 267 3.915102184206524
265296 4 6.414039195902818
263125 12 5.036859742682966
37222 2 4.722751904180475
55322 1 3.8991702124954757
9245 34 4.637719300031676
264851 2 4.6350330954395
328188 3 5.10821126026589
9730 14 4.006640805170388
55916 2 4.7319772773155755
17621 738 4.453146405036328
9835 73 4.317416071827477
