137828 4 5.385409791764281
25761 22 3.408560618186486
394109 5 3.0068846772159996
10075 12 3.4266397372059223
137273 8 4.558087390719484
52165 4 4.410597405240263
49979 3 3.9040371592754375
4868 11 4.872288071540729
206766 21 5.302712372751807
198420 2 4.797062182129272
262533 2 4.299250213259889
137828 4 5.385409791764281
25761 22 3.408560618186486
394109 5 3.0068846772159996
10075 12 3.4266397372059223
137273 8 4.558087390719484
52165 4 4.410597405240263
49979 3 3.9040371592754375
4868 11 4.872288071540729
206766 21 5.302712372751807
198420 2 4.797062182129272
262533 2 4.299250213259889
33619 75 3.966047707118334
42688 2 4.962474055885141
1836 84 2.9354138858383303
3203 3 4.0014427271430435
18023 34 4.065814008051976
50251 4 6.661800197666612
47612 1 4.601801071305715
393606 1 3.803156809437598
26520 1 4.466357710585954
264191 21 4.247235185600009
62758 1 4.1830342481820315
23839 3 4.0762791441362864
30064 14 4.486383073949772
28726 15 4.1860877437830375
266394 1 5.0291741596445245
8507 31 4.144480711950588
200437 6 4.025433524475648
42687 6 3.686335820878059
48679 4 4.642453574223296
31990 2 4.55841867998599
13703 27 4.366666666666666
131711 13 4.760808619776195
34633 2 4.5485415847167
201150 12 7.761354509509014
40246 5 5.002584794598228
2614 69 3.5350604745577052
52717 6 5.568021227633453
8255 10 4.075497679050457
1598 17 6.463304983989706
46073 7 3.843989298274155
267476 3 5.557829724575162
52060 4 3.4390277525687556
61976 2 3.6169452039911647
200869 7 4.05944344078871
201106 34 3.986508366610895
24709 1 4.375916510626047
327849 14 3.5065667915098064
62019 1 4.026023690506947
40121 8 4.544936175619674
269275 8 4.182816729852825
26887 2 4.291802037081565
206245 1 4.066090252871862
40100 3 4.135114280902458
12104 8 4.197561922847384
265072 5 5.172943257875715
41749 6 3.8484955769283196
63425 2 3.885569578674175
24514 31 3.759841645204934
53138 7 4.0083549272654055
135383 12 4.482161458452126
133259 1 4.91116276623189
134049 5 5.6160877532994835
56786 1 3.9245941257441643
209063 5 5.79496781064843
197823 1 3.9711839307077406
19626 10 4.638646258150315
22255 10 4.675520607048277
42815 1 3.731081997650631
32256 4 3.9613290034768545
33690 2 4.00384523614084
28100 44 4.766679119471927
17888 18 4.3314154988896645
47628 4 3.8539802282195397
208412 1 9.00869283699333
25147 1 3.852852452827671
35742 4 3.8219992752133694
328270 12 4.42124178009035
37484 7 4.324001954011002
262228 2 4.7029339115546005
14387 2 4.072122454265311
56301 7 4.6698085690380085
132253 2 4.03212670124435
19460 11 4.32451585639341
26598 9 4.206526141255206
268242 3 4.552483972841202
200336 4 5.464639417020369
33730 5 4.8291264937159175
264079 5 4.840012343621025
36937 46 3.799495854269414
268939 3 5.086444785865396
202960 2 5.7429049639703456
29672 3 3.754851303439019
44061 10 3.374397884320596
38033 3 5.180460087337768
135789 1 3.58294343443153
63848 1 4.387691005335806
266443 2 4.309808587419273
200035 2 4.250699179265887
137282 2 3.618133136589203
19342 1 3.8907391550248693
37203 2 3.748800671255096
42164 1 4.142227487931632
19062 1 4.009168401593064
48720 6 4.749269281012102
55994 18 5.04281635811188
36119 2 5.368085537257807
200906 3 4.602377523197927
268468 3 2.9411233396147667
55792 23 4.759184788260868
23816 10 3.7880124078008093
37121 41 4.853797350376222
6195 13 3.817063692406003
135449 5 3.902685770038276
61838 3 4.862403283751297
263397 8 5.057182365016582
263526 3 5.001830643068919
209871 4 4.040830200644576
206354 1 4.4280062309824215
63340 1 4.04452246612175
10004 5 4.366152099924743
11712 8 5.2021118021535555
46567 1 4.462364796001905
201946 2 4.96140936095341
266122 2 4.187746682110496
263625 11 4.396335943156537
62215 1 4.73768531066047
49821 11 3.714913869091231
200576 1 3.635590371255794
38220 58 4.911517934091647
203900 3 5.398290847784451
198696 3 4.248614308918394
328432 3 4.82520283753118
56705 1 3.7550358243906627
7163 21 3.8528471649416853
42003 64 4.813129263992294
42211 1 5.101674024752842
47310 1 4.523142664669758
35499 3 3.9025168745055976
135905 130 4.792902402998483
37428 2 3.7778421625142458
266495 2 5.464615695224034
20174 1 3.64497593188897
264937 7 5.439929255347823
266482 1 5.579632372980803
269144 5 5.568971380220639
264724 3 5.943757690363119
26734 2 4.549570926892072
42730 60 3.543853510953038
205867 2 3.9941662752867653
198896 2 4.228358011717572
393686 1 4.208318004746577
47102 1 4.728858885139673
62420 3 4.043285723114143
203100 4 6.2060962644011495
262155 1 4.5613800220943075
199569 3 3.7203592858712513
263342 5 4.837574644002406
33493 1 4.518008203141817
62186 2 4.400025353298911
138145 39 4.624787307561656
51996 1 4.459037484540665
327809 4 4.652825137444289
22604 30 3.7204718044546623
5091 10 3.680929591920704
36943 4 3.6791840912299483
38283 471 4.054016299745269
31163 192 4.163861350660204
263952 10 3.9835797112953153
393305 1 5.2376299941468245
57841 0 3.3333333333333335
51377 1 4.4338021937100285
16792 1 4.18091695174618
52973 7 4.340810168791928
27283 46 4.09413643686916
394192 2 3.6948650142677897
20101 15 4.55097721849507
266893 1 6.239495695473236
52399 18 4.810005108602489
39815 2 4.316662911591929
198945 1 4.252409522606566
52106 4 3.8785896757946454
53722 5 4.743722771830886
27219 1 3.8692944930143987
48434 34 6.291204089639282
262883 5 4.221576245586607
26996 4 3.940102005300195
16849 1 5.0060998567911
24652 4 3.8436004895662617
197476 6 3.830420693137841
135985 1 5.187382403886442
5994 6 6.464407038431934
53612 3 3.0184404489052032
41288 5 4.943683372113452
27855 77 3.8572636526238817
34666 16 4.634785327598395
45351 6 3.8970633265129004
53560 3 3.8334588966479126
10615 28 3.7145681896905725
40026 15 4.272486052443282
8373 16 3.7784438080133227
264412 5 5.874143719427202
13303 3 5.180950023691959
9627 35 3.845496709929403
136267 4 5.3933361300342275
28247 4 5.2577066019743155
9711 2 4.345443545234185
51528 1 3.813578143637667
206502 2 4.779655306119324
137591 4 6.015602568866211
45008 4 4.206492845347439
56513 2 3.9287689705180417
60161 6 4.8347049750113955
395487 2 3.747722291379431
267825 2 4.900483879375504
263701 3 5.036043450532704
266644 6 6.513599998327952
59503 1 6.590144286322449
269436 5 5.178098408984622
327794 30 3.6216331838639526
32985 1 3.818671147012691
138361 4 4.4367920178973055
266848 1 4.456892702869714
205148 10 3.035968670659801
262388 16 5.375994531664135
34780 1 3.9277666777666784
136642 8 3.641092561645467
22147 15 4.386600574185717
138671 5 6.023543046601838
134804 2 5.550515807725869
7650 27 5.535843369839441
263056 11 4.705154365811893
9116 655 3.162472651585476
268511 4 5.153817202499188
25603 1 4.068771427893547
30823 71 3.7527783739246585
133028 2 3.773988920596692
53567 7 4.3932112010509545
133178 1 5.231435869366904
18798 19 4.322456381185812
38847 1 5.222431126618319
210224 1 3.7884992447800334
262482 19 4.534714970221394
139769 3 5.476665617463557
166 8 4.123077890353789
28164 24 5.369314812994344
2534 8 4.018215216576019
207202 2 4.284542287193643
17887 33 4.479257826131496
203765 5 3.7902572935993457
208365 2 6.227642163057418
63648 8 3.6574117667832735
136794 3 5.294138365397394
9877 6 4.755442196256607
36374 14 3.0202292977656677
397687 2 4.4589490433564265
327991 6 3.4815146574321894
265295 3 4.666321103943593
266998 10 5.333019577640485
43101 3 4.338196665700076
267415 3 6.5363572001816275
267329 1 6.273859833813816
27677 1 6.123336933432378
42397 5 3.7947468776784623
29340 11 5.0313845052568205
23700 137 4.491689485102987
207966 2 4.485606750615257
198574 1 3.686818169381194
264486 12 4.443650110189209
134190 6 4.115586473271236
137939 2 5.757389830314604
17082 3 4.282720545684058
55480 15 4.164847402246495
4261 15 3.7443926833032415
264384 5 4.673372304742375
267424 2 3.9973136010824803
268096 5 4.222708470806481
18567 2 4.459490062115314
139213 1 4.001830761257436
30113 6 4.15587264156414
4765 210 4.168505683262228
46792 4 3.9735578842720902
56041 1303 5.268201265677338
61893 16 4.25363261423897
17466 18 4.296439350545903
49449 2 4.062326265497908
18164 12 3.795340801049335
48209 15 3.9041048670329004
32661 2 4.000512291964846
44215 1 3.6652619152619157
41385 3 4.6728299409535
262711 22 4.377482772732873
137634 1 5.017840945620091
49842 1 5.112026506152122
47909 13 4.0397246605476465
266422 4 5.522594628847709
55295 1 3.8226899464337896
12659 2 3.6774934122880873
42512 10 3.810059363161604
29936 1 5.020004117237518
37591 6 4.686316238118407
197169 1 4.47281020498385
45996 96 3.946307591971766
61177 1 3.993641125836504
266192 2 5.178285075291752
16176 2 4.8391258916028494
43684 1 3.777185896540735
397651 21 4.740233857276566
13628 14 3.8955417262021426
57102 4 3.7890313178074226
48629 7 4.762323644016995
51469 20 7.143151422621662
263010 5 5.801132203889389
19390 4 4.473589315016828
268526 4 4.191241418065038
48617 1 4.3718031635485515
264780 51 5.55378377591329
135578 4 5.712982723129428
17854 26 4.97030614539433
327791 7 5.0164064111786635
200069 5 3.748471132733813
132873 4 3.702631066076907
8267 6 4.461891109555822
36666 14 3.6932116904557777
31624 3 4.378229322031842
58403 1 3.9378062744294615
41446 2 3.35734915548421
63018 125 4.597767823053853
33999 3 3.736042361538181
49443 2 5.961424664621911
14840 66 2.9731837245281882
267308 5 5.119506202552199
200165 11 4.038982299064063
30707 5 4.303883394368461
21682 1 3.806515164273785
265985 2 4.838318876436763
38676 127 4.6372997626288806
268753 6 5.58635193211396
33370 1 3.8204978036012527
26608 36 4.771986371720077
134186 10 4.507579918455162
52425 7 4.743464568993899
15063 2 4.6145428113571665
38573 7 4.705858373085987
208485 68 5.174568600410357
202090 11 5.330926187747819
13011 1 4.410596650114367
31756 2 4.828829553722419
393652 1 3.9992174766857342
135872 8 4.817860888854615
132198 9 3.978292177805585
15755 4 5.442714721584674
42807 35 4.375397877026364
17190 5 4.011504891444604
133186 1 3.846922951403281
207980 7 5.002424271421328
33099 2 4.162491478146306
28438 62 3.5920598696607935
14366 4 4.354495645751804
3836 3 5.058365725035593
43670 5 3.552193705376143
9167 8 4.7697681583660945
49883 1 5.514438322196942
268694 5 5.4201775845840965
6908 58 3.4370923464338796
198314 1 3.7610167963773726
57448 2 4.207233303229416
198593 1 4.351085220914443
60627 5 6.781228006178927
135006 3 4.767837872308943
28208 19 5.066259265073639
44493 14 4.222808112606869
263861 5 5.369045943507588
203848 4 3.6607836696451517
209300 3 3.4381820255480062
9227 1 3.5920442212108887
266032 5 4.772907968656344
48438 15 3.1083232767373827
59287 2 3.88275071725704
201900 5 4.172152962347686
394812 3 3.9664853839726146
266340 3 3.9342138399333
47638 5 3.088928147325755
14153 70 4.221163705669637
48763 1 4.979081644375423
262785 34 4.392322633288502
43058 1 4.0069721284007
266302 8 4.136522250544802
264011 4 5.013913803110263
50520 6 3.834310592053586
7162 98 4.087768490397155
203654 1 3.7646798000403767
31468 1 4.679708153310009
22588 8 4.183840762720547
47344 5 5.734583724207596
21944 2 4.839667184705038
53050 22 4.673682853800263
393750 24 4.813974836988057
199975 4 4.046603771520716
264587 6 5.229582750475681
36661 1 3.719707497696004
29746 2 3.8160826829430894
11702 2 3.8204978036012527
44592 40 3.838796022501291
135766 4 3.9500792280510213
205523 2 4.1932687575330805
64229 1 4.350677511265996
43561 202 3.008027237048667
14733 40 3.848661582646641
3734 15 4.7867551228972065
393527 1 4.580896709566661
266594 6 4.532743778308647
21908 22 3.8505432479277637
33606 20 3.4818214862098116
59675 18 3.637681432396648
264236 8 4.930157397368118
393582 3 4.450926867563671
27771 1 4.995835778770167
44001 1 3.992963093714251
46252 2 4.2463900467348745
22485 12 4.2234659946772855
139602 3 5.557663620265907
137294 1 5.256310441064136
56444 3 3.116380995698873
266923 8 4.140648855397744
5061 28 4.412106223103059
200513 3 3.7859451229481813
37457 304 3.748987803881298
13389 20 4.321731262647728
268235 4 5.659408733072537
266664 2 5.862080473516469
38319 1 4.475318131968378
34400 23 5.236434604645246
52685 6 4.622244540176827
61914 1 5.040780174031406
25851 2 4.244635128198875
64427 2 3.929877001305573
267564 4 4.842209656503021
49964 76 3.0914215229630506
55736 8 3.7988431160975513
58187 2 4.927928206323991
29649 8 4.030788973250145
11990 4 3.646747240353785
57742 3 3.7842475688779884
49430 1 4.118478287372296
55698 3 3.6340510587759383
63963 10 4.806392832279831
393906 5 4.876999704823473
48541 3 5.890940290053258
37483 1 5.042247063281546
136735 3 4.79714610618944
198996 3 3.769680309489342
56711 1 3.7767426356712073
52495 10 5.2617355129401915
29068 27 5.88907037440802
267330 6 4.633444406627311
28645 15 4.748835051888393
33788 43 3.8392100128153945
269418 2 5.187791155116777
393417 6 3.578784689557532
49011 2 4.05601224320574
14070 4 4.69448576535701
27481 1 4.4706576846533945
264401 3 4.783156410362771
29774 1 4.81188516602303
138710 4 5.791990960863785
31585 9 4.294249237300545
23468 1 3.191065020284208
52772 12 5.17058283071958
45264 2 3.5925549098168155
19679 97 3.1643201926273425
28846 14 3.9555794780287554
52501 3 4.538126671111364
61844 5 4.583127723676546
14212 3 4.866525777176289
19054 7 3.120710688897815
38489 1 4.904779869695836
201812 1 3.981956299891997
34011 90 3.927221215609671
46183 2 4.196948460823986
47213 2 3.7130761841253497
58219 2 3.546904826217077
265340 1 6.098985735199254
52506 1 4.728555439269725
265877 8 5.385458771336621
19227 12 4.59705886592017
52630 43 4.470621100162127
29972 2 3.8614567254975833
48101 12 3.468292990615132
134785 8 4.267463288645134
202128 2 3.8695249086114067
133854 26 4.549947449937006
23097 3 4.324597982686922
62048 2 7.457262342542996
136058 1 4.374558295885214
35347 1 3.7830929652358223
5722 48 5.532400219118202
209182 1 4.193084957370671
15704 99 3.240839721561522
136219 3 4.973796407058321
29838 61 2.9125751112031284
265891 5 4.5067408701920595
264117 10 5.553400274956256
262504 40 4.497904946799724
29614 70 3.729981992481652
60450 1 3.6504697683269116
137126 7 4.589369239819985
265183 6 5.144706183622792
21391 1 4.194226344571966
137817 3 5.01056113803979
23497 32 4.463717895190361
396975 1 4.750106211066803
4809 384 3.3879041575615156
21140 5 6.743907117353005
38000 6 3.703111946686664
132394 4 4.84459021215467
137873 2 4.612744004876414
136130 1 3.822919186677599
28039 2 5.134837644086191
9441 32 4.025736251409228
262449 1 4.113673527444898
265043 7 4.812086344014191
24504 5 6.496912722429269
20068 9 4.043072438669135
48007 2 4.906988370948462
268893 4 5.4516646429363576
268629 2 5.7655361598006465
13977 880 3.606179962418252
44257 19 3.8773729161445
1201 22 4.9997060977789065
2721 5 4.192642355046136
15442 10 3.712323833686998
29545 26 3.0808292403528723
39032 3 5.7051982774331735
60062 4 4.102037108886706
1261 11 3.8727390856058848
132915 0 3.5
51151 25 3.77261893244595
56449 4 4.577463315809483
263941 1 4.338868078646404
262565 32 4.28423819459027
8291 12 4.0698406181908195
132761 12 4.594720684290326
268090 7 4.514157686287516
393885 7 4.214450950388782
59530 1 4.151734337868792
38124 5 3.9099010313854117
42136 5 4.071493451461629
199728 4 3.8143902306966773
4314 7 3.9811876000611166
2259 5 4.40543419347065
138007 3 4.452585130494616
59162 55 4.704042138532547
267192 5 4.875442022011948
393533 1 4.804744111024898
138407 2 5.273757905536459
201701 8 3.2477765146707367
50052 1 5.346610972979061
327687 136 4.278709034101156
17356 5 3.0019034811506993
45906 1 4.91610762682803
267228 4 5.333824519188624
22260 57 3.8362861254737854
266175 6 5.258519039843721
266552 6 4.898149925673033
48264 4 3.8506272821965797
62351 2 5.266437082750369
158 104 3.657422364722053
23599 8 4.5335574869377435
37155 15 5.127986314594186
59517 9 3.8356781779221087
48482 3 3.527124502941845
41612 1 3.8098117008851156
8400 37 2.8308423360644634
197816 7 3.7291767393612822
1814 25 3.8384947949717163
133724 16 7.511841291069942
265329 7 4.882180780699735
131235 15 4.201238221876763
36447 2 5.016253994387129
27948 5 4.742502783118479
204655 6 4.181695954922985
393931 2 3.8204978036012527
136831 1 4.805271631002337
262264 1 5.02975993324926
202025 4 4.135506156613577
62130 4 3.648995982080829
11488 29 3.8183640360431315
24840 4 3.814208231542924
263751 4 4.761414769420083
266364 0 6.0
136277 2 4.385245064413783
44597 4 4.864631306114549
50309 10 3.0388699466377673
8458 0 4.0
266546 10 5.632064964399152
262899 4 5.640641018380095
52522 1 4.538335358310728
135039 1 4.638416866587486
57383 1 5.81976606946845
4800 408 2.9475859392044508
209141 2 3.956330092608288
7132 45 4.196991911212489
51654 1 3.672879445409265
267007 5 4.677586278045995
35339 5 3.3029470415941518
22228 2 3.82843431153776
135118 1 4.024990773736698
14750 2 4.021668103412015
48359 54 7.436443837868942
24289 7 4.112965075911644
393434 6 3.863807725997192
264053 1 4.470441801805316
197965 6 3.288490243103776
6128 90 3.2590190725240467
1289 1 3.9043807682415195
265889 2 4.974074978603149
200889 1 3.7999952468666374
56497 7 5.51257940900798
62977 2 4.543255550574686
9432 2 4.709385706259655
138070 3 3.0163823810488277
55854 5 4.2148398203183195
52916 8 4.775385207768321
201772 1 5.632496942401524
53100 4 4.112082446893313
262898 11 5.499526519582528
133498 4 3.7363805934261687
30423 3 4.198291546856943
56072 3 5.007189065695028
54377 1 4.009163613342132
55153 1 5.716329772255669
38958 1 3.8209823722702874
59757 1 6.747735857758899
266532 6 5.9119871148787855
41661 43 4.261237681875227
39169 2 4.756808577746419
200459 1 3.8435803754792643
50155 11 5.511653483082054
16084 12 3.7623757378537097
263612 20 5.199611614418721
32649 1 4.8770677926342945
197335 5 6.000929303303924
106 8 4.430717837047861
203097 1 4.889239868128117
46055 7 4.12616898118573
48910 13 3.600722701281678
64460 1 6.747735857758899
200759 5 2.955296021131462
6898 15 2.8982629263136
264858 1 4.942939603044284
267162 4 5.081042835672762
267599 3 5.138746962141814
54474 1 4.831317879347436
19997 3 3.8336296617084793
63981 16 3.994186240401543
396367 18 4.247852152627332
264260 5 6.289559718687129
137371 1 3.943865905489093
132935 1 3.60311827276113
133492 3 4.406119625591704
20132 1 4.510366841696891
135208 8 5.038895774687887
18523 8 4.091152292802929
19863 74 4.068966517567058
266295 5 6.5134080457915235
198013 8 3.8062729235457495
395876 9 3.966694561778819
57612 1 3.8312629413561092
17043 16 4.008511011010505
50321 1 3.884846471611178
30761 1 3.4439934127760394
41065 1 4.355760694033615
13844 1 5.324169741617369
51093 4 3.5587275912930996
269245 7 5.772858693979492
4841 1 4.829602006332504
16618 21 4.039912982004372
133381 0 4.0
47187 17 4.244937747755683
393781 1 4.987407229227505
24707 5 6.379308439587218
393655 1 3.887246308550072
37412 2 4.601314697594341
53190 20 4.880401254088726
262651 45 4.189013217840103
266341 8 3.7352536232048785
269089 2 4.697802939924906
27768 54 4.486519134930865
135467 1 3.943962155585343
41483 1 4.751444091622663
16333 33 4.894945502780337
12260 7 3.721708243920735
54529 2 4.7268050272829605
19744 2 3.9271596235417987
266516 8 4.523011297863533
202994 1 3.795461819194377
263135 2 6.514963220056126
39954 4 4.847627831710344
10721 1 4.198481256929532
54574 57 3.7615333792965324
268510 3 4.794972232339479
265010 24 5.1510439754972595
8346 410 4.068469959272713
208072 2 7.616479468540722
9929 288 3.8712626515992006
24324 15 4.246389014765479
24560 1307 3.7060665666809482
138392 331 4.826669068014039
134246 4 7.0172783468432085
20252 2 4.049650122241484
59898 7 3.8351499674404383
34102 1 4.56559854380938
13431 11 4.077597838188517
40118 2 3.8045528230872105
209246 1 3.751431859760558
27017 30 4.30541195803846
7834 49 4.495109693837368
38298 9 5.342161244566932
205518 5 4.703974793442384
6062 28 5.393597009551089
22352 9 4.766918424910894
266955 5 4.221678473866791
2165 2 4.197997217159778
62151 1 3.6763099461278737
25411 3 3.4709829367383493
397113 1 3.754265516596315
51080 2 5.61302634328748
47309 3 3.6979859352680386
6849 1326 3.5288040290098017
57132 1 3.857066022388603
29237 2 5.449967628117497
56082 117 4.921565764126639
49687 20 3.703466304260387
196860 1 4.507614821054844
7131 78 3.748370451676146
132787 9 3.73878010035756
44318 6 4.39787215162134
59482 2 4.295948115065762
264741 8 6.7642879690386675
30030 4 3.97863323848915
9422 31 4.036929988298352
46891 2 4.155173005246896
31733 5 4.215193934051301
41745 1 5.101391399605685
51235 17 7.291529062391308
45899 3406 3.5146297011231424
56541 8 3.9241523987866187
198253 1 3.7539124153664534
267271 7 4.853010110027494
61797 7 4.554366670033976
198492 1 4.601967456006865
266541 7 5.43957747386451
18313 59 5.241369988529444
262617 30 4.249298132862693
133648 11 4.207389595352525
268902 5 5.362053207328121
136808 3 5.371608398973908
45903 317 3.806428632233315
42979 3 3.21880135419165
61867 4 4.496847306175155
18859 102 3.25622776839759
49603 14 3.542539285702721
62820 2 3.8016759093852692
41659 1 6.324680454557301
35574 21 3.042739414463889
48195 1 6.0614722126098854
40734 1 3.781029944722408
267062 9 3.6579733390188287
268271 4 4.911034041769354
205 3 4.629812987896398
16117 6 3.860237691033407
45910 30 3.3736384611267844
198498 6 3.786681227662586
14333 27 3.0681125618965885
138835 1 3.788554558600642
205651 3 3.7814613502131547
54154 7 3.1593406593151334
206499 83 3.623297417385416
17200 5 4.34478194744209
52807 11 4.324391759034616
34522 1 3.9692894407180126
13846 4 3.963350398802473
12789 17 3.926042748824673
202583 4 4.095459797439794
21390 2 3.711386045686273
27811 2 4.525716321959687
8981 5 3.734534173440636
63410 46 4.523848516687757
393496 3 4.414331146847395
29196 1 3.573630814434151
5541 19 3.064346101629777
44543 9 6.890689522931963
24030 4 5.939735684004715
24413 23 3.9887186192106583
47196 41 4.138403518349229
267262 4 5.215615792368175
32932 5 3.7131319232359226
11555 1 5.066964051113573
43743 2 4.009942640352686
41087 1 3.6149147327718754
11942 7 3.6284848805456003
138944 2 5.846873458074066
49442 2 5.641156527186339
32056 2 4.125684411042031
6035 81 7.2053474678302125
51269 22 3.788246747059206
46120 1 5.333351658376289
62649 8 5.402858153182889
395148 20 3.806709008365773
209056 2 3.8576564229364885
38549 4 4.854442628380021
37323 1 3.8075071952218202
264264 1 5.189725818789858
262406 12 4.9585703252075595
11740 6 4.11316050907024
62044 58 3.3777118739096545
2603 12 2.9438427200161854
131276 4 4.372508987217695
56822 2 4.365060920251316
31416 1 3.6905354286504672
226 14 3.090464149861173
202560 1 5.266706154817057
51068 4 3.7561209762631167
61389 2 3.7199175163460887
11097 9 4.310585676732914
18600 7 4.272890592223588
31477 70 3.187308950576848
19940 6 3.7262888059463326
30693 1 5.581429417143703
267037 7 6.47038167618577
50297 14 4.105482842770763
63069 16 3.6311247151215533
31378 1 4.7816211637872845
52465 39 4.369635869252424
137318 1 3.88871224756057
137610 4 5.596925781449592
30536 59 4.276493450552608
6855 30 3.675697687441441
208058 13 3.97653227237631
51663 2 4.884915657823841
49913 1 4.133551520282015
25325 7 4.8270300365524195
22234 2 4.347012945082828
61042 3 3.358421144754264
40933 142 3.4982535617125867
49354 4 3.5539477639625714
4434 70 3.9954664988060737
19 9 3.7248617404814377
61824 4 3.7499142789021906
7045 6 3.8096240616705614
264073 6 4.653653081063615
134842 3 3.7570028830866264
265452 3 4.6599958536981445
196945 3 4.29025451407514
199255 3 5.1858493559500625
62185 1 3.7495116450781474
21729 3 4.2016669443130885
135045 2 5.610488332214523
49816 12 3.8835961284727496
263008 22 4.400733330403385
263285 1 5.997488990842717
8591 10 4.85666546869529
18522 21 4.472799649019795
54673 1 3.8312440466710664
39087 14 3.488617963496757
2590 9 4.197404385110296
45942 26 4.564238177409028
131109 1 3.902695207082825
262559 10 4.262306727117622
264166 1 5.576481240890109
269071 5 5.973865173097026
15553 3 4.1596870081829955
51756 4 3.8817150669791727
31019 5 2.8827990922890185
204938 4 4.398502196429126
136688 3 4.6215440588952506
20793 2 4.632991137402901
139027 4 6.084663345618851
266780 6 5.298273279040197
327728 3 3.7268291832039906
10050 3 3.9332228584564177
31738 5 4.7005535221596775
201675 8 3.7222352657276296
37276 38 3.5875968321817773
61979 8 4.766849189995593
18395 7 4.625678044726199
45205 1 5.012163681245167
265858 1 5.147436620425126
44963 18 3.697308811427951
44407 28 3.588839317920024
53174 20 4.692127799616015
206712 6 4.094678822520187
48458 1 4.261335290325438
44902 8 3.3227469449520624
138522 2 5.5436101379997655
136370 4 5.013326307148241
44611 10 3.373147149634564
202054 8 4.176766743241398
23650 690 4.065665004597576
49432 3 3.9957745122359234
46601 14 4.044861890059032
200736 32 3.781477553613111
27173 5 3.874784578025568
265253 4 5.531452173037465
44387 7 5.487431772467194
26363 4 3.998066279826756
268301 3 5.611106465702569
202421 5 5.287549768011425
1819 16 3.8668903205846923
265249 8 4.813581246007355
44011 1 4.8135484207256685
203195 2 4.340505633519146
57718 6 3.6752794822165553
51122 1 4.869131732991008
39529 16 4.732340678445269
265313 1 4.756194225406048
202204 11 4.477113054860688
23724 1010 4.074558841927867
11798 23 3.8032244418115946
38515 13 3.9158394712693867
11297 5 4.069667787941553
262866 18 5.229863286208088
9419 3 4.035412225948857
12241 5 4.043872900076614
766 38 3.673934927837062
133848 11 4.202016826923112
266073 7 6.053062367169723
57018 1 3.5935391007752417
207254 3 4.293238062247203
22658 45 4.135969973531035
262644 4 4.17003220347524
44851 35 3.766793875705307
52052 7 5.765769368338702
197672 4 4.065873122802392
8278 1 5.137993777145082
62243 2 3.9985417573261346
55592 201 3.9543314811268124
25697 13 3.6019076714162206
27201 2 4.346853524144164
264320 7 6.075556403864686
12148 6 5.242213862672829
202033 1 5.323185797402084
14898 20 3.6652118262671562
56916 1 4.762848978978011
50632 1 3.805343003101624
7296 276 3.34839448486059
206697 5 4.203036513686122
139650 2 4.005521081803922
46971 3 4.881701454356939
138498 1 5.102908448967564
44965 3 3.2314049316234446
59504 79 3.7180500360560225
34390 1 4.60788107783906
36996 46 4.237016983009088
53453 1 3.8016759093852692
28529 1 4.51150542579114
265125 6 5.250719773353794
56727 1 4.373584871614428
61026 4 4.103634077263779
15780 8 5.459107367384557
264213 6 4.049654284025541
207093 1 4.290909973283244
27912 7 4.902236166543252
265405 9 4.577893412393143
11659 11 4.027662131521619
54506 2 3.9719156571584824
57239 2 4.394945095554853
137405 1 4.281420798610865
12693 17 3.0625769370581137
55032 16 4.12801081167193
205766 12 3.960158956676192
205100 5 3.7406969601617615
34764 13 3.2046631404581416
267251 7 4.992295560527827
16805 7 4.541638193977766
43700 9 3.7589016228767775
264642 39 5.72532882034922
43680 3 5.703030756169424
50029 9 4.004788881236894
266488 5 5.4784670427019435
28117 1 5.70187246418363
45983 12 4.309879188380182
266860 4 4.448196031891718
29405 20 2.917380198028973
266206 3 4.8963229508506245
197818 1 3.8789992969385416
44558 214 4.601460358761161
18728 1 5.3234768718768795
328215 1 4.820503942232589
32305 1 4.596677753919133
15987 26 4.52297330802975
58684 4 5.107825570023736
46220 2 4.462700930455687
198611 11 3.680838679317055
18234 3 5.687856508171491
48802 1 3.7769563769563765
34742 1 3.748066461222069
35878 12 6.516758764126736
12507 2 6.065417049008694
47385 2 4.751536744306091
328527 2 4.707631635226052
131562 2 4.41552997267283
135420 7 5.329456965186219
56155 11 4.630408218850859
200081 18 3.880221972984596
34544 4 3.921322721890904
200093 4 3.7173559612423097
47795 1 4.273535023955192
19370 1 3.8026716669573823
38314 1 3.5842273687511783
267988 10 4.8535904602009055
30170 29 4.074270550847749
132295 5 5.607784566475599
36934 1 5.059068824654329
27926 8 4.749177084943385
50643 12 3.6827190427741394
3181 7 3.749749302463786
57187 4 3.9385044847875847
52722 21 4.583838732205526
37674 26 5.182076444760332
6551 32 3.8042170942303346
263620 13 4.531617209145565
35615 10 7.089083213319412
200653 6 4.508154888041017
263790 1 5.128339352409748
48585 7 3.7966149571019074
31267 1 3.798707159631529
196740 18 3.9213459810980047
394791 3 4.438635032006002
204476 2 3.9313167114768097
60825 2 3.9524925098344164
201684 5 4.698819343246661
7029 971 3.5268051315489677
264001 3 5.181265909899995
133953 5 4.900111139171996
268844 2 5.0
262964 8 5.357164341542991
40101 1 4.833161170156243
132430 1 4.75700683795922
31005 2 4.635649564936689
53701 1 4.472758954266185
266467 4 4.5998175634876315
266105 7 5.276086158648054
263906 2 5.026050561087658
395971 5 4.271921467094382
49095 4 4.198674235791994
51678 15 3.849251881877073
22693 3 3.897290749405972
6431 21 4.136946004921482
12341 1 4.295241872972967
135232 11 5.001071744537038
262649 42 4.431422246805547
134939 4 8.018185083353488
16247 17 3.6012282304350824
44515 15 4.866322977298287
135024 1 4.012882511628435
61092 7 3.8169538882497354
15982 2 3.868765804580694
48111 2 3.909429538617326
29975 150 4.076749503069249
266578 7 5.695998515761472
328327 5 3.7210617567665967
201986 6 3.836020973626029
264451 1 5.704351127329039
266144 2 5.220687017084441
26803 57 3.8767193967670712
202977 3 4.406538151946315
12989 323 2.703166107039599
20645 51 4.02757632441548
47635 14 4.431308922996642
24574 6 3.782017304133567
53213 23 4.815224612789469
19125 2 4.069006004482803
47664 1 4.611529657444192
265235 5 5.700106138080735
50427 19 4.25586187449436
53125 15 5.304727175744137
262223 10 6.851308075056
268194 1 4.656719367646074
135220 9 5.411923813074402
198345 6 4.185782511830725
198798 1 4.6940008598528475
54864 9 4.12668493286386
268748 7 5.466357298611508
54642 1 3.8021912670434843
328469 2 4.833459691681436
10702 3 4.052793052796186
44897 2 5.281687868583029
208810 3 4.249351235640186
268385 5 4.760029118675867
265697 5 4.499751708538987
6453 228 3.022584541415556
40907 4 3.5166569283322713
267268 5 6.056292504981532
4926 11 5.131532322629281
269108 2 4.986819750298649
265509 4 3.9972935074412907
38695 21 3.826686770904832
43863 4 3.7416096674051906
63013 3 4.687808978950883
198171 12 4.331493961349185
328131 1 4.649309605633598
61642 6 3.7670906767071504
26139 3 4.203021753876568
33881 1 3.8618566652835202
4528 9 4.577322498104017
266355 14 5.084350380734942
269091 6 4.0618729902185855
16223 5 3.7142745409673816
7004 59 4.1205347330658455
42451 10 3.652020740235509
51210 2 4.557441766880895
5090 3 4.799622897689493
47846 2 3.643242671454177
207104 4 4.18107152336345
31726 14 3.8075839344946263
31713 0 3.3333333333333335
43829 1 3.9323573060324217
199844 1 3.975226427012142
36316 4 3.884700704622164
40496 4 3.052530179587575
328353 1 5.826266893114183
328010 1 6.721759639056437
134036 4 4.356152457202542
46962 4 5.232344885134239
4855 62 3.8015264271655917
136426 3 5.637155887545829
63954 2 4.475294898484033
22270 2 4.933550902303024
266526 3 5.179809919434939
201862 8 4.508678796081716
135090 1 5.976130993196085
1873 3 5.0058955190891865
131299 1 3.594208933494647
1222 2 3.995521190943798
33054 2 4.19700846909645
45302 16 4.008359295259822
41319 2 3.8093726848335145
264704 5 5.129995373968853
393832 3 4.376578534797728
199513 2 4.5557307913086165
138990 1 6.144279715858057
269016 1 5.890261284746333
43151 2 4.472070085691349
48976 21 3.639719435911652
267461 4 5.713708702602568
51029 1 3.853013823875959
41854 5 4.335978217397767
62807 2 3.803156809437598
266350 4 4.791916503168913
9676 215 5.371392610373693
205790 4 3.478429561918175
17843 3 3.935871541123642
9746 6 4.700888826382516
197331 2 3.8223629310140512
53022 4 4.837815340096013
44415 3 4.0026419826888855
56312 1 6.001479157435644
42572 6 3.8359593996470744
132701 2 4.652774481004522
41591 1 5.335438649934449
42468 5 6.077852584346133
133285 8 3.5844659516479864
208866 2 6.960221611013475
15249 1 3.802923867776085
268070 12 6.807659224000883
203103 1 4.974763979665941
22592 5 5.15424816814175
328289 2 4.75687185880427
268153 5 4.449655990557405
4833 9 4.9838176816690645
48164 1 5.9926367448688875
42268 1 4.3132055870749655
57516 16 4.343637584595141
34147 2 3.8289544329021306
15497 17 3.262724579829575
266890 4 4.750103775079146
135261 8 6.887866701954764
265849 2 3.775860042947394
62753 4 4.455823033444715
205516 7 4.553251309864572
131440 1 5.51982421438236
40526 12 4.143974832650793
23111 1 3.8130211259275306
22829 4 4.3616567182488195
20343 9 4.68490693085085
63270 12 3.525130546934701
138640 1 5.003575215326595
34426 34 4.893648477523919
394580 1 4.069006004482803
393696 2 4.4054252556678914
9876 18 4.192988281475056
22731 2 3.617112392094885
201668 4 5.306604505882891
49195 1 5.103329144400573
134303 1 4.611520710330235
137989 14 4.881375485821313
25406 10 4.122041478034401
49544 111 2.971452231062488
136165 3 4.444019177889252
12798 30 4.164845407545128
21883 2 4.760955114337709
18871 1 4.805992069415715
134372 2 4.489177505174602
28059 4 5.541365303823777
267232 6 4.627688277192706
45291 5 4.4950421055529866
44906 1 3.848589929868731
328019 1 4.7703464993311915
24535 49 3.9794172658596856
52850 34 4.248236787644401
37012 27 3.8682111132462915
327 1 9.473852351808016
58090 1 4.131921810339629
14334 4 4.016733994870441
369 34 9.464925107744536
39351 33 2.6664615436991568
7438 120 4.050126391073322
7105 37 5.52395343528643
132724 3 4.638411845414778
50188 4 3.761766233089096
396551 10 4.804936004665285
396080 1 3.9789641176561155
20485 96 2.6955879353541956
267480 1 5.9078811343281785
40166 2 3.959900900405705
60257 24 3.1342931429451513
132878 1 3.5843864358745314
39522 1 3.1759501765114093
267274 5 5.22513122086266
8866 675 3.1474722930265777
30982 32 4.689450180632883
203038 4 3.4839557664496215
206740 2 4.592403807978157
14979 82 3.5063200370044436
49626 2 3.637312216436965
264453 2 4.416688228073021
45595 408 4.081255355880838
31061 2 3.827848575327567
199723 9 3.8683810210841836
11057 4 4.362326833491182
29000 1 4.752097575633093
58240 1 5.67968512968513
62917 15 3.727244637747643
50977 32 3.871475035805036
15735 108 3.939397958706214
21096 2 4.693382684101922
25373 10 4.182760485116124
60513 1 3.7295682861960984
52597 9 4.7815288812388514
17920 16 3.347301917693545
19677 3 4.155290293541524
52148 9 3.9705687105543954
3257 719 2.941255709928287
36324 12 3.0784742653631736
61941 10 4.997988485520777
264791 7 5.217168653859857
136455 2 4.698331686558288
56141 8 4.5158075145064895
57766 1 4.201919509062366
59526 2 6.929198515258422
3222 7 3.966954103283767
32467 10 4.001888787371753
24597 2 4.964094128937156
26554 33 2.9993678591452047
62323 1 3.8894887189530047
265271 3 4.57644612645574
33470 4 3.1637474053037082
35780 1 4.011746141593751
20261 1 4.067935697026761
20118 4 4.339407885779657
27226 1 3.818877290075977
29233 1 4.301801466507349
23485 1 4.015553471786951
266648 7 6.356199659269694
264009 24 5.124389359841526
30132 4 3.013711788415231
30721 26 3.3660728029264724
1502 30 8.49068485079518
34971 26 4.058276458475043
62478 2 4.589133648505292
14336 2 3.93056690517153
49551 5 5.341398311330409
4581 25 3.0095665969426064
206703 1 3.883534444330832
131728 7 4.800842361854476
49749 2 3.7774739149739145
1241 81 3.062245306628379
1970 15 4.43989018380802
35523 1 4.186806997406076
263345 3 5.488703207293686
7184 166 4.530775565297905
4566 3 4.133110874282273
34989 11 4.325302948396307
56524 1 4.697448516312929
269180 4 5.616339118106773
47104 6 3.4072933288949643
30128 2 3.9417258289560744
10278 13 6.456444258995896
9833 2 4.2048946142699295
47746 2 4.559001904947438
20426 18 4.1979323086325175
7358 5 3.811525466044135
132927 2 3.5875716454412463
38577 2 3.8254860395835366
133955 33 4.703670455117232
24225 7 3.9181711567974675
397866 5 3.9333096788785062
198152 2 4.203783678416393
39673 2 5.082893460333486
11349 3 4.491145833333333
138476 3 5.465100182072334
62825 19 4.012305912806136
17408 122 3.401408256201072
8632 14 2.998261652322848
30483 2 4.19921953673758
21691 4 4.0028257375070915
134662 1 4.789354151566133
267087 4 4.521565408221197
25002 56 3.455796282274469
202060 2 3.897634400698268
28769 44 3.7230198570861908
60414 4 3.6276060602908973
267195 3 4.393507549578636
264652 3 6.716196052720554
26324 12 4.453439639539387
42481 1 4.198878476266801
266728 1 5.732949477998738
62256 1 3.703827389541675
396365 2 4.2656862611957695
26599 818 5.0576592962478655
138225 5 3.58684467582894
26346 1 4.195646789809351
201795 4 4.332387363194064
394777 2 4.317993453818578
61860 3 4.927500849930036
59396 3 4.091606106199238
132692 8 4.6154113501888165
50233 1 4.355568073425216
136251 7 4.756979757823678
14003 2 4.306359306619645
58622 2 3.9182402486780483
138060 4 3.8962378667563096
19335 3 4.23935813684299
201643 4 4.732070017088363
38313 8 5.0256584724803
43299 7 3.9117257634923637
15839 3 3.6401001772495105
50767 6 3.7566056109044244
132990 5 6.016856415065076
61811 9 5.279501672757094
53957 1 3.886830181920494
26747 3 4.7872226590993945
206782 3 3.813007580993242
266280 4 5.20683063533558
45459 19 3.8461541032276965
200082 2 4.812469854880568
135760 7 4.599164951053912
26654 25 4.059733441279401
266403 4 4.338509332878651
132504 2 4.48498254186403
2897 5 5.199671294405099
203688 2 3.813984560821179
64305 1 4.906865310388171
23197 14 4.0783681093148765
13495 2 3.6974972704457594
135445 11 4.68883071332375
50129 172 3.5968917445704074
56708 1 4.800041189359076
262622 10 4.966489562317493
204824 2 3.5312081550262864
44578 1 5.909044355088979
50204 8 3.6204322051606956
44882 4 3.7719084372961875
60983 4 3.943717949161874
201220 1 3.7444826623398058
328244 1 4.8098780848780835
268422 1 4.879499701174578
28139 25 5.407297511655232
22884 833 4.708594237233631
53625 1 4.425747357003514
264068 1 5.291489801629375
48687 9 3.7061541205119526
12381 13 3.9249930059500504
26012 2 4.966341472950268
30978 2 4.749460382542532
7270 48 3.5228430117362075
40156 5 3.812368825261801
23047 3 3.0123386320066396
43463 11 4.013764785671629
46696 7 4.04412421601436
30282 15 3.5872331750620168
263445 8 4.372904814171152
200762 1 4.550988033943006
266945 5 4.44937724770138
206326 1 4.38341690966733
204562 1 3.916170720413826
56680 1 4.570400193676056
44696 1 4.20016374070996
53194 28 4.6449954400536075
395415 6 3.9618248691739457
33771 96 3.6931794183263404
24680 3 3.291382636986481
55472 1 5.35752219592121
59367 1 4.496344779559065
262863 5 4.577332313284136
59959 3 3.8704239909170624
53361 4 4.574660036006164
263354 8 5.467584077496336
7195 70 3.4982541975660717
616 8 6.46016535477537
16526 351 4.668507956549124
50214 17 4.609169330178412
263673 1 4.326999190677351
134766 36 4.053988442082563
264351 5 3.9282104142544707
132209 5 4.744486303370541
45785 18 4.57723461490978
263661 25 4.506998347156182
26343 2 4.463246630217073
52676 2 4.568379783543269
24195 23 4.629334187397437
208498 2 4.521651769791857
327797 1 5.550073841502413
39774 2 5.0275657335813655
199483 15 2.9173926072421175
31631 6 3.182421689241051
38488 8 4.092108885487979
208306 4 5.722940453470407
49841 1 3.851223627985825
17495 20 5.002934206604717
61862 9 5.593287720100976
267150 2 6.612003204908531
17393 1 3.8135393039002863
45194 322 5.062964966294945
393404 1 4.187739427442272
136652 22 3.646235794093852
9464 7 4.679797862174493
395607 1 4.463246630217073
32233 15 3.808289721144214
21376 1 4.529175880878666
263522 23 4.238216953829885
19966 33 3.880032404146316
17380 13 3.9006265500322455
131391 5 5.734268271535724
21639 2 4.462364796001905
5078 41 3.0341046869007147
41605 2 3.6653271613731184
265035 4 4.168871477152125
266583 2 4.440131875700892
8603 1 3.8209531665876786
203008 2 4.0139264236440315
7513 12 4.20338341044213
23454 6 3.9121507621174576
19833 13 4.252764691513997
56371 1 3.8724609918158306
52853 1 5.460006327517849
48206 4 4.788588402794068
16973 13 4.440109001192759
48784 1 4.64695092872065
267661 6 4.978158459516995
264732 8 4.497174026639145
203409 1 7.3707267649366015
60604 2 3.8813158789759776
36257 4 3.9074573726950415
27390 3 4.45521022274218
137197 7 5.5279470783255995
5577 13 3.5566101407075585
4769 6 4.0987267568901355
35402 8 3.912783241684901
394098 4 4.429236939147502
137868 5 4.848374231710603
43893 25 3.594572403868403
35730 1 3.8095541215307223
13760 79 2.8752562996494357
198760 40 3.689425959124793
56876 9 4.03461694270746
45403 40 4.05973998972104
134861 4 4.012434052916019
38615 1 5.012587216043702
56489 3 3.7097646766378056
12054 10 4.271131827371408
267113 10 4.877310368458139
206861 2 4.402830697979468
745 55 8.466167229780222
34755 4 4.4256129739976915
199359 1 5.425161610875897
28265 116 4.98866384982473
268286 6 5.154614084160305
51211 2 5.829435240377931
50325 2 4.209300935537292
31747 18 3.906780389590839
28618 48 3.9929006962484253
49301 12 3.7090959962775933
61970 3 3.564853750037707
137163 4 6.012482558796188
4661 1 4.978924055377137
34768 4 3.247375609973415
13904 189 3.9286638212664053
206692 4 8.019082950907995
58641 5 4.66632734628771
63224 2 4.774768457560015
55690 3 4.362288379761891
27727 16 7.507916588428316
30453 1 3.814483954894465
263686 20 4.15192257657063
37936 6 5.57930168717508
39855 378 3.7307042404335466
58944 2 3.659257629850948
34569 37 3.0308671401771354
62477 1 3.81165192415391
267413 3 5.7294484922496505
132527 6 4.43416959439448
266774 1 4.950837755700265
19574 7 4.196391968161723
263847 6 5.476508188926164
62121 9 4.391158157617526
55344 3 6.309066687119154
32885 2 4.0164450444330875
198771 1 3.920849908753134
43726 2 3.8228037717178465
210287 1 4.448907276585848
29680 17 3.3607208323174493
24641 8 3.593023598337891
263256 9 4.790715307347104
197654 4 4.8667039965440875
56257 2 4.988671830576708
16245 23 3.517957999118255
35787 5 3.6618777844293255
266397 5 6.33881585803398
49571 13 4.562072241140923
61649 16 3.85881209008621
12297 104 3.527910881702687
265357 5 4.610082569973594
202792 1 3.9611422144206307
204799 1 4.825853165769131
32540 3 4.644348451827927
56131 7 4.838472168473101
42818 1 4.327935853828711
10962 7 4.024765834354336
21758 9 4.470100288555232
13989 3 4.151164176363538
136230 4 3.614486235765998
205388 7 4.573153514056572
133752 49 3.5686172247164003
133954 34 4.973183052447485
327738 11 4.010104929385877
131999 3 4.1454475152818775
209214 1 4.089922775637062
42715 1 3.866811472063573
8913 2 3.489278606896359
27200 2 4.693117818087731
16848 4 3.6412680811500566
36514 30 4.5678028397314465
200084 1 4.291702760521868
31716 13 4.992216214284244
135005 10 4.593217223807453
25682 7 4.101216100146419
265641 2 4.230846384096121
39290 12 3.942853684610548
204103 4 4.8012410317649685
395911 1 5.1882296250851265
56788 1 4.520342946516944
19157 11 4.56131877844542
204101 2 4.859016284463063
394470 5 4.607159598163168
16468 4 3.8054870075494307
13882 28 4.169641083713499
266813 5 5.760075180123484
52933 2 4.221970325785103
30471 2 4.261946941705706
18722 3 4.473446060805612
28309 50 3.841218105050466
269485 4 5.260591475186638
199598 1 3.940361173124935
4556 6 3.9039682344702
266528 5 5.625307931978431
37005 1 4.426430385888514
268610 2 4.913859062728354
33717 25 3.9031742816737665
197869 2 3.882109262569539
29900 2 3.015958412138944
134118 7 5.543908720559261
201578 1 5.11264036889037
31362 30 3.847643956630626
205217 1 8.145711408642443
43631 1 3.6834923066015497
262720 38 4.4791980088511885
49252 3 5.454472518082879
41548 1 4.808289780140779
46079 6 4.694509114831608
41691 47 3.9882550979107845
33343 7 5.4936858927527386
205691 6 4.199712418648077
131785 3 5.168186607401891
205992 7 3.6974224986874527
198210 1 4.1040488360450285
28068 30 5.170251417543973
393735 5 4.226534035864213
38781 5 4.183437737357683
393531 1 4.199615043777605
203430 1 4.459975794579993
137467 3 4.596274479972959
5507 2 3.209924433074742
19939 1 4.24514032677622
1942 11 4.451260309303907
63730 5 5.273339627756822
5088 3 3.8107162572064843
267576 4 4.169924419037644
263849 6 4.771812332361025
204139 18 3.8045919092254983
31514 24 3.60407045528898
268117 3 5.495425962468898
264409 9 3.8440237940374082
31479 11 3.481161782183953
264503 8 4.4718568030461014
24837 2 3.853462525697548
139249 2 3.0060075997419142
393353 1 4.875367112362186
58599 8 3.596279788705181
49838 5 3.8195407447653906
31000 3 4.741209648442817
395146 1 3.8086102202850984
24005 5 4.1399863835871225
34542 5 4.580368429988807
267438 4 4.072414263743944
59886 9 4.64092692002589
41049 2 4.518515124716561
266316 6 4.287497870841115
27577 15 4.240518571032063
27987 37 4.728897664863395
137635 2 4.589939208232399
52233 63 4.434903505429538
395813 2 3.870410905429492
22102 15 4.425465662422744
35917 8 3.967835547113875
34405 1 4.214715270335018
33973 6 4.585770728114845
39156 21 3.387742647648352
203478 2 3.9559303715539897
131758 6 4.362085135509758
198975 3 4.621283962446852
11038 8 4.0131876759242875
45794 10 4.758618570690935
138964 5 5.677205020828222
27304 2 3.994192626607229
47952 7 5.281151791536156
394468 5 4.056365516623786
44684 12 2.8281474136149276
29827 1 4.470026675568548
10036 477 4.462711288356183
26787 3 3.897919143107901
9831 2 4.744702575973127
9655 17 3.691907233431612
23520 137 3.112091694082643
38654 5 4.807976821805916
265363 8 4.658177002272582
63222 8 3.847287090844946
46269 98 5.223571320635567
269237 6 4.104366236873333
13745 10 4.5976663948521255
19428 14 4.233750306920229
133493 3 5.335139598246125
64227 6 3.0728194633127854
200878 1 3.9203769253581284
265107 3 6.122577365404683
269731 1 6.704722949008664
10532 1 3.8195859957107907
52447 2 5.61374348868491
45166 5 3.880991627267208
14071 1 4.010193602802706
9041 1 4.301143307445829
198891 1 3.8915461484861655
37009 10 3.236805358374977
62563 9 3.687731597296871
3557 6 3.618791551316482
50855 2 7.47702103121574
267559 2 4.51684084300031
32126 1 4.6022905301230415
54646 6 3.7962192911419144
51911 1 3.6427890892176613
136669 1 5.767803278071136
12347 2 3.2871909504145225
266758 3 5.819475694333963
41360 13 3.688280376937261
25001 1 4.126056126200135
53007 5 4.427831931297587
33764 6 3.4455795301294154
32491 11 4.552294341485376
21173 3 4.315943984553528
53595 5 3.846401787072467
396521 21 3.8327479489413725
33588 33 4.176030385259702
23505 4 3.8008954057358104
21967 1 4.678678932816863
137287 3 4.215059713382435
40861 72 3.76526201421266
267636 3 5.0892598326778895
131415 2 4.313710255083235
52480 1 5.136064463117008
43727 55 2.7983221427316005
51942 14 3.9932963871292135
36024 52 3.511444393804181
17701 4 4.511680261203415
269127 5 4.664294582691973
