50719 5 4.695755403506837
266883 4 3.9072351704125103
264992 10 4.3710790182996195
13684 25 4.624127173023145
52084 1 4.498794685681377
37910 1 4.4871990443419
27542 1 5.390592566528527
199251 12 4.63675453449443
13638 20 4.611103254986273
29754 2 4.82133587287786
199046 17 5.026449869774436
50719 5 4.695755403506837
266883 4 3.9072351704125103
264992 10 4.3710790182996195
13684 25 4.624127173023145
52084 1 4.498794685681377
37910 1 4.4871990443419
27542 1 5.390592566528527
199251 12 4.63675453449443
13638 20 4.611103254986273
29754 2 4.82133587287786
199046 17 5.026449869774436
14545 2 4.774768076097176
41159 1 4.702272094881776
35644 1 4.067306767306768
208202 6 4.258046656455044
42775 4 3.9381195230589405
1117 1 3.9807297547993103
21301 10 3.9295257510850736
203463 5 4.240962328618041
393344 4 4.304809874064818
56246 37 3.96334205409686
264298 4 6.485087772397272
21832 19 3.040446372002752
22894 22 4.796357765035391
138388 5 4.847183810329755
43736 1 3.703416223289435
31208 47 3.8840395489150232
237 52 3.854860260084377
43110 9 3.6040091967858285
206565 2 3.8892895232151896
17625 169 4.7646905769835515
52999 17 3.8331441629357137
136190 180 4.056447412945654
37018 16 4.623488632397247
9988 37 4.552571465119605
268028 4 3.9834346914718175
10508 3 4.638620966201442
53651 1 5.302577091442637
263769 15 5.028440018336541
266456 5 4.571576656581003
16928 27 4.18463271081303
32768 2 4.240371438261986
43595 7 4.361031016405326
134905 4 5.0094887807583754
328101 5 3.942640994898794
52275 3 4.932494884159875
57218 149 4.884914946872661
22953 3 4.473706896323629
28181 9 5.656987712411848
135892 2 4.108952347141707
52580 31 4.0227433537210775
61870 9 4.783125506137115
6103 4 4.158672645038569
266984 6 5.553044131309706
13832 4 3.820259624791645
133335 1 4.364708358144318
38663 3 3.9062508743911737
264850 5 3.7751278451350467
22182 4 5.408504892673249
38903 6 5.219140428369406
36882 2 4.849541200527343
262609 5 5.4145752626080155
206350 5 4.704633190802142
266388 5 3.5448026520600924
50166 4 3.9165873706255225
39105 3 3.828304183614865
24980 1 4.361847038737794
64436 2 4.978669437536924
393981 1 3.9444686389144517
9783 1 3.9363790805332637
35585 2 3.800266194506006
41789 67 3.8164683904712318
28968 14 3.602458310798835
63968 4 5.544164327001629
7067 2 6.938653410081981
265366 3 5.022747655720819
50240 1 3.8831443763183393
264773 11 4.5244996477916075
34001 4 4.522827605584196
53196 26 5.63453668338377
62365 9 3.373779991499537
328256 4 4.682760054349343
32694 13 4.014790984543326
265986 2 4.496069975898827
138884 2 4.340055684888884
267100 3 5.386498716322707
52786 2 4.080165275093434
14625 5 4.632412928267591
48680 5 5.102670717732497
56525 1 3.9025056559301663
33155 6 4.717964226843308
9247 3 4.49728542015489
200463 3 5.160939567462018
58281 2 6.048220535906803
52088 8 3.5392012836299163
61582 13 3.7320434159856752
395089 6 4.0015418769631825
262359 5 5.479705580588198
131257 1 4.640750141002466
263357 9 4.1724810105070915
206941 2 4.260719959194583
39875 2 3.595007521134132
16802 1 4.021045224616652
497 16 6.47178485497616
49247 2 4.82744099207447
201952 10 3.7702662557977087
268635 7 5.484405799737931
264514 4 4.867248209474859
265435 6 4.649443998844381
265953 7 4.608959654086206
58842 0 5.142857142857143
200892 4 5.522362987292532
60230 4 3.4634255813861734
4459 28 3.7880997650771313
29301 3 3.937168675761649
203593 7 3.7864556559427043
264057 2 4.984327011008617
9862 7 3.93640563211759
327859 6 4.7400355442257505
22640 5 5.2737721142504865
31832 1 4.2138551969832765
8643 5 5.033665590224659
267040 3 6.617398961149183
33452 4 3.0059403520672707
24768 75 3.1276030030924864
28197 2 4.113497307944281
22680 4 4.275720920355568
52535 8 4.849506692509967
21235 3 3.505157053244341
263427 14 3.9817623029359095
61292 2 3.578530040174004
31776 4 3.8054001515135973
11494 1 4.276354117080585
209905 9 5.108038096877832
37429 7 4.70753548874363
396102 1 3.809367812750408
22276 4 4.375168560760001
205277 2 5.016433698576556
24151 83 4.541874908863899
138787 8 4.596024948178817
134355 3 4.870210940799112
51293 1 4.100973167044596
56940 6 4.596209962110045
135377 290 4.329084926489118
26959 12 4.230655577635462
24524 1 4.9213188254228895
396998 9 3.7292403073185936
56797 1 3.7810763970802292
15344 90 4.393048511386379
201832 10 4.041944231127182
33094 1 5.204536871630467
24631 142 6.698511329346737
38738 10 4.245245091462314
31367 12 4.011250323009553
206013 1 6.906148846592195
396059 1 4.696281794521903
63380 2 4.716911285223722
26938 8 3.7483985020157062
205559 3 5.751469951221625
209102 2 3.918992226563032
8442 2 5.257888989094413
52838 22 3.7531559528637635
55448 6 4.741577328945
23620 11 3.8461197904076774
5049 15 3.730427758989991
11944 2 3.744341353098519
45074 1 5.064551982409125
266140 13 3.971705780458985
44858 6 3.3634762119143304
61131 6 3.9693207722974106
205674 1 3.800266194506006
52621 1 4.517538867354138
269342 3 5.881247881222525
54358 1 4.551903705975955
19957 14 4.224924568480473
37322 7 4.688633920477502
134311 1 3.9773439797683996
52782 4 4.683248252520203
20875 17 4.001611912821967
201087 2 4.663961015363565
262633 6 4.513603286390627
131303 17 3.313598435581861
22948 4 5.401695527253945
266413 10 3.5735451124127997
198075 4 5.0
265647 1 5.149357556328
25375 8 3.0434940979425398
262454 5 3.968988501056452
39248 8 5.99995223287547
266092 7 4.858146894249833
25498 2 3.7801664466239657
22001 7 4.402210539548595
135718 29 5.76376559374596
393874 2 4.841354126990142
205145 2 3.550817767848121
393844 14 4.553163744207636
262635 23 5.554986070719505
18328 17 4.50851472344572
265817 3 5.897296405241384
268425 3 4.2326082983388345
61820 2 4.1490832668263025
10481 624 3.8927484542315307
202322 24 4.142088359177468
136738 3 5.93987332384567
268465 3 4.92674647200576
132438 10 5.773061100710563
394169 6 4.841923162682901
137397 1 4.52557894953523
28372 3 4.569788381142858
200520 1 3.8204978036012527
46612 3 4.047022398948566
43651 1 4.342417254662048
45178 34 5.320761611207814
38981 2 3.6452800730259596
264300 3 6.453598360408695
53366 1 4.199924258372533
54614 224 3.772690287360563
31229 39 3.3102742692582683
208221 3 4.693804578801805
395301 6 3.0285687622366657
132965 5 4.930683534214586
266165 6 4.0313852595355355
37451 44 3.595379504399009
17473 11 4.019678014523472
136318 4 6.0125847299328425
264223 21 4.203453724218848
58495 44 3.9041226624764414
14410 5 3.8311350118047383
205412 4 3.724346185778567
206930 7 4.58016446762583
266559 1 5.418820106596208
393974 1 4.434421618337874
37590 1 4.594795193250526
17862 34 4.017039581198178
16094 5 4.634015769646795
4645 8 4.77755478448283
48994 1 4.2842799248261425
208680 32 3.005405613873985
393687 1 3.851909546999859
40715 15 4.0796621601674055
269324 4 4.5131631335867795
266833 4 6.553814917066148
4901 2 4.0067682908065345
32075 5 3.9312054350653693
60130 3 5.555784824097632
136101 4 6.205296406710078
12734 4 4.246265502601644
11387 1 4.197363277686553
262448 11 4.1718454743407625
38587 1 4.992994820531052
265477 8 5.315248252256381
16889 1 4.6142639106924825
135564 2 4.9585635897919556
42000 9 3.4648813265679865
267350 1 3.8587689292122787
263883 9 5.014915886484893
46359 6 3.813197879814267
61449 19 6.49177125162909
36687 15 3.0913618692573848
49674 2 3.780819296794153
267073 6 5.676781554623342
36253 1 3.986834462370539
19564 4 4.554821639088879
58233 1 5.42825020263444
197585 3 4.342319856862537
60799 2 3.4233654135468496
196698 1 6.009790066142758
203814 1 3.9575903803219865
18712 35 3.1452083123541135
30436 16 4.334213252883403
132343 2 5.325811982729806
11109 16 3.0379502326101795
262949 11 5.005182991816592
269380 5 4.5599001149188965
138456 5 3.0229257316305214
25645 7 3.770864577098118
393283 2 4.642366822222667
198095 16 4.26558071131036
53460 2 4.46542069042069
5410 184 3.1280576701593255
57479 5 3.8797323907283463
3329 313 4.0176910367801755
138602 1 6.389679802955665
200838 11 4.849264988720294
268641 4 5.450466662228235
22340 1 4.198481256929532
30012 5 4.24295306127505
18880 14 4.017825796876506
20100 7 3.8005824602754905
63884 1 4.6187791595223455
38744 25 4.473255812511502
53392 3 3.727078161404294
41817 2 4.784980757207961
27960 22 4.788868308470077
49776 5 3.81784145656034
49358 1 4.752273552692675
335 106 9.463404276728019
23857 14 5.0
15684 1 4.58431063517469
196797 57 3.693183362004628
11466 1 4.148892126544014
263800 3 4.734471143821514
201793 1 4.708163391516043
132515 2 6.787120833007531
134975 1 3.5868601526339625
57378 82 4.3225094015976175
40073 4 3.6352256863248833
208164 10 3.8065053983875043
395643 1 3.8017059659916814
21276 1 4.0182245944629855
62824 2 4.162142035879336
22793 2 5.298141146078345
43130 2 4.328409232768477
267495 7 5.188336519531394
18330 17 3.9491814437293393
267237 6 4.424936674914534
9703 4 3.923572756334456
55514 13 4.105503536631528
39402 10 4.759049388689668
16077 2 3.7423540525710925
11992 35 4.163074924566681
394073 6 3.7153131398389894
132499 6 4.01737523888284
36012 8 3.2456089709486866
14454 38 4.133768314184911
33888 1 4.2034119786220625
29923 2 4.6552296945893
262183 7 5.974199586191768
263971 10 5.35121645073788
20074 2 3.968710093114953
262784 15 4.775820302581367
204827 1 4.052562268964502
55622 14 3.9057143817338416
137425 7 4.414973288657903
5553 1 3.612339937339937
28538 7 4.720117942588464
197922 32 3.3070307059727138
45127 4 5.94556267711779
61962 2 9.75195188271373
3592 37 4.634224073507194
198325 8 4.398228462226821
265118 7 6.272814190916812
139220 21 5.042357432971964
47 36 4.035181203696377
52661 9 4.365608031237055
132037 4 4.838246608162823
262735 17 4.9956307581634025
265360 1 4.492751428465715
6750 1 4.3033916169169615
9533 19 4.097375808708591
41634 4 3.849109871580724
25683 3 4.221174838194099
26941 6 4.444899072180907
49098 1 4.1008195572135655
61708 2 5.188124184197951
40109 1 4.903841859958444
206887 1 5.751681963298045
46171 5 4.724297380283593
9656 9 4.533644246974658
265484 14 4.993768304670786
29731 5 4.723486592218531
138208 2 5.53466248038407
199966 1 3.745501753537467
327824 56 3.871122265378278
44443 4 3.7614081384571407
39353 3 4.660004283237242
56238 1 5.729161578559692
267892 2 4.699469234726268
20014 5 4.244308376623847
393809 16 4.8008665494869875
33137 1 3.8016759093852692
265630 6 5.721481962871407
52821 9 5.397946598989241
59335 1 6.0124738056142
43774 2 3.759166092009803
39058 4 3.8398206280140563
39771 10 3.835779660858376
4655 2 4.727350010285611
264579 8 5.4808678543502936
25687 8 3.9113946517040112
36062 8 3.5519215567992224
60610 26 3.184079245040335
136779 1 3.7777146100114085
63927 13 3.1508887089327233
396486 1 4.11616576545148
24314 7 4.722259226390382
46744 5 5.2389600778430365
62392 2 3.6592695218937275
5384 325 3.873755486808195
21678 8 3.866377586651077
262596 16 3.881396553084403
59996 1 4.946515763018226
264214 4 5.707190309731734
35052 4 3.7626798170739297
204578 1 3.9467528503242795
262416 11 4.754205911475166
38322 230 3.76670493289677
263278 2 5.886893054818993
264595 4 3.950664531245899
265948 5 4.130070874568971
7256 26 3.841808382450316
63480 3 3.7256659634441696
396097 12 3.4266685506112124
40713 2 4.185995205364326
327748 1 4.619521497680547
33055 13 3.5962973675219145
44160 2 2.9569643831915107
13354 49 3.614199525790314
30383 114 3.306384746310975
42799 2 4.08185669988806
45770 2 3.7093685829421794
6025 11 6.877891157630716
47662 1 4.364867554448834
262424 19 5.039246777269061
202373 2 4.3448513607843875
8510 3 4.532285044930654
20765 8 4.76853429524078
133883 4 5.007860197030969
25250 24 4.051531584864629
268951 5 5.955938831210028
327719 2 3.7093484281099154
267658 4 4.898216430955815
202670 2 3.7561241229720705
263503 3 5.541858052564338
44306 12 3.4447166020774938
201081 4 3.5168075830849883
134119 5 4.9819670959230695
200855 4 4.6191425501182755
41013 1 5.086550891426723
22145 1 4.6042215237781745
11750 15 4.47712217114516
26279 4 6.469397618190119
136138 2 4.985918205014786
138811 2 4.892839924079082
265525 3 4.7159157471671875
45 11 3.9435497097659167
46109 2 4.318689709195266
51086 5 4.149937630987487
132432 1 4.327976494691443
42558 2 3.736207446111498
131749 5 4.421647429580564
133230 2 5.012163681245167
328386 5 3.8072130581059147
34536 3 3.9395648403511165
28267 9 4.6526456122485165
10013 307 4.154483670340271
15721 4 4.367891578104316
197636 11 3.883268954381264
49504 1 4.14207013356886
44849 1 3.6430229770511042
36868 32 3.8558060967400998
397300 7 3.846417253742907
138330 4 4.499541874657313
52904 49 4.756654427264941
26991 2 3.861324252720759
49012 4 4.552061170675031
48669 3 3.9073878708599583
263105 1 4.903256595621127
265157 5 5.705377142357105
267264 7 4.137257460734925
201697 2 4.099403203962359
61772 9 4.988438548153818
26075 1 4.189945411114637
137191 2 4.60788001689127
31949 4 3.8164634948679996
395485 2 4.304991371062799
133865 34 4.019486648867256
138764 2 5.295084830125352
13138 16 4.604841133277708
16409 7 3.333269920262037
11455 5 4.48359497778395
33791 1 6.6747146267744
20750 4 4.0561647656134525
16668 8 3.1085887007466235
42212 1 5.465521251235537
8766 1 5.5167628220047575
268218 4 5.18626831812327
63140 1 3.0282099281596264
203571 4 4.895471941690429
52029 1 3.8287908422843344
50749 2 7.884060070220784
56582 28 4.428993936256232
39144 6 4.857272022817427
3462 702 3.89705850209346
328488 1 4.6381821881821885
262825 24 4.835460612904223
8222 6 4.05235032367889
268905 3 4.2707652199614285
262450 8 3.94413657826263
60312 2 3.7281410160720507
49907 1 3.621418844738172
25500 3 3.6992143415449927
19857 3 4.141233968072686
60333 2 3.624525427141036
268967 3 5.472184066559829
269816 6 5.416294146310037
23079 3 4.078917358767508
16344 10 3.743846462902069
27883 2 4.4916416451704055
39806 20 4.070820263666804
16294 9 3.742768498299939
134552 17 4.311124383806526
33523 1 4.525184821152562
53690 9 3.821321058979128
52256 1 4.739326003619928
16 15 4.699761493327354
22355 16 3.5754073117616136
56821 2 4.46234090895135
15779 4 4.077155662971573
45633 1 4.754964705063227
207003 5 3.9962154146993756
46432 7 3.806536732576846
265019 3 4.671598214258184
27678 14 4.551433219986789
262608 10 4.541587129312258
50717 9 4.328500191488707
54819 7 3.690972818622409
58947 1 4.959274013083652
268874 5 6.13961290216837
40355 5 4.184521422076511
59684 4 5.006518530095785
48294 11 3.6812389262820773
32475 297 3.6372300461203535
41783 6 4.245821493830403
57369 1 4.679542018827733
49635 49 3.4839066595627024
267895 6 4.7442386949663815
27818 65 4.64378799912867
18647 4 4.621936915780411
56587 2 7.066941413106276
26220 3 4.200111075523637
28576 10 4.015276214458668
134695 5 5.266977218553965
327778 0 7.0
209453 11 3.4743256659210395
134084 17 5.392778903883892
136961 7 4.609356204127435
196648 2 4.957520813516095
24443 8 5.828704320798212
139195 13 4.94460034085919
32840 5 4.650433238333787
30928 1 4.7326247461715445
61391 11 6.472039992473436
204050 6 3.6047346558705624
31324 1 4.066604233366906
22313 61 4.769031860058007
36235 2 4.3847597275145125
12599 11 5.14799271886209
136685 5 4.5590078653891934
62814 13 4.332675518115947
263101 13 5.325009400583294
43397 1 3.9385612566023873
45316 3 5.577479756757346
139701 2 6.158495336517676
267601 9 5.757678501005189
31545 1 4.103224412535003
49657 4 4.768075009328294
394552 3 4.021081178954212
131699 4 6.35
37205 4 4.730683910214439
46383 4 4.226456399830785
40889 2 4.3483633942827895
23784 5 4.69788796068997
204690 2 4.707663235950158
30396 3 4.016782432741557
62859 1 4.77143510373498
55021 5 4.344687237456081
132028 3 3.854461344383555
205704 5 4.286317297371267
396538 1 4.513605506881369
48470 9 3.7284204413882454
197883 25 3.4568882893021216
1516 20 6.849521252419162
7717 0 3.0
61910 5 4.380038637613846
12687 12 3.6373991274197017
38874 5 3.8941620056975315
37462 5 4.8857153778368
139061 2 5.253081501693871
40881 2 3.024427678797494
12050 22 4.13370773677283
8468 66 2.839275511384147
393998 1 4.8773770072292235
8811 2 5.4012669371839515
268227 8 5.433891084233638
27306 1 4.666607993853074
7968 11 4.4007051699376385
53759 4 4.654929810947548
267120 4 5.063089975053604
262775 29 4.320526754768194
200125 3 3.8008300740144394
10489 32 5.3755395856026995
22996 2 4.202644450058244
263238 38 5.080442965464003
202883 40 3.791878270722814
393946 12 4.223075412950591
4911 1 4.473341751297417
51487 51 5.407377860347352
11030 11 3.7947128130897427
136881 1 3.9393915695815336
203006 2 4.105602723491399
199498 1 3.6369079333365057
263472 9 5.0395537318698445
23456 0 4.125
209100 2 3.016108589062373
206947 2 3.8509482580911145
47171 10 3.7665581628779696
133932 8 4.108088394836615
46851 4 4.049242173747442
30477 1 4.218950550453014
35032 9 3.243314800131464
268994 5 6.041825649989513
199022 1 4.656096891033526
133260 2 5.631109383341528
40440 1 4.6673587435492205
203080 2 4.183694059999479
55805 22 2.9135410669316695
198207 1 4.113974385402957
266687 3 4.954502716499992
13896 26 3.078741084569523
267374 1 5.307134293865583
138082 1 4.786267672170308
264052 5 6.184706330462776
132092 10 4.988096509266479
53080 38 3.812196173909536
265453 3 5.03304703597624
48986 1 4.210285618766379
265502 2 4.772862376732571
28573 4175 4.176154066936816
65544 3 4.981039202467774
58927 3 3.837220667323506
60150 1 3.8531618819253235
269197 5 6.149921276629927
60162 4 3.510555158203205
11816 121 3.710266639044246
45277 1 5.2058892896238955
264651 4 6.740464752950989
268782 6 4.706315767099103
22663 21 3.187317813898828
2108 8 3.8334783892724342
18499 5 4.592703517672647
26190 4 3.9746225526254735
14019 1 5.005731487997498
2716 23 4.251544854882763
12460 12 4.0754501407228085
38219 1 5.022485957605005
264760 2 4.543199885318112
197648 16 3.904217289785881
3755 6 3.9803551632453327
33817 5 3.5923841724655703
9394 2048 5.301966568625381
8879 6 3.1858818768722506
38860 1 3.7749352257849798
202932 6 3.251552687584667
395779 1 4.986493224943685
201017 13 3.7232938752794644
20221 6 3.9831822139732433
14135 29 3.6925180900254793
262583 1 5.30038168818957
10392 3 4.832711810647323
28051 8 5.488564169530772
137659 2 3.58294343443153
43794 6 3.8529599619735615
8218 47 2.9285686670335593
57720 2 4.242142040574167
18129 5 3.7022818230005003
52221 1 3.831268778657942
51460 3 5.818549803460501
205517 1 4.091413855863773
394111 16 2.9881856126737105
39859 1 3.989083256507919
57782 12 4.012697817303709
27924 33 5.182910223520802
56886 1 5.25504869391424
262253 67 4.0429213095242105
51492 2 2.867092179558733
204092 5 3.7900169424606194
3259 25 4.347197678923651
33769 2 3.955875051406205
135468 5 3.864359552298986
203509 1 4.414971093332438
196778 4 4.674453909311885
42780 1 4.718567521170427
18419 70 4.618599710852901
28328 31 3.869711323852038
134850 4 8.018529421985908
134572 5 5.825303044634315
262892 9 5.64489929421624
13688 5 4.19531887275774
28707 3 3.4645363678691465
28849 15 4.382928106732801
262994 3 5.136744413282953
63238 4 4.505830489783751
47731 1 3.7377832069877854
30740 6 3.116875864381953
6307 90 3.9399909815228282
52523 1 4.601258889805687
17093 5 4.021401957188189
132610 1 4.3511729845018765
23491 2 4.153589613269416
204653 5 4.573054880037801
33942 15 4.869609088095563
15954 10 3.241901588050763
200547 15 4.211835435609008
18185 8 4.169366177231259
22044 1 4.182089112918342
138829 4 4.770819114815839
266917 7 5.503644308502271
6842 2 4.62438761997789
3465 3 3.06827356690902
266282 4 5.594430542354573
263394 3 3.878725929484026
24380 10 4.537346022437745
263809 9 4.889617669471727
15170 1 4.005829235385987
54593 1 3.604614261855641
138655 9 4.29220416739019
133457 8 5.711387554244697
328371 1 5.038915174331841
265850 3 3.7629905014619545
15426 6 3.97015100006721
62055 12 4.840464043493483
9288 4 4.890790822933679
264153 3 5.667543166521669
56989 10 4.928511077102703
27625 2 4.496236008366313
131428 10 5.357771893694551
135787 2 4.67898397898398
206316 17 4.144301025722852
203759 18 3.864989460141752
135772 48 4.993899630094569
1208 2 6.468358655859142
7153 6 3.6582636255047962
264103 4 4.603583305297595
198521 3 3.754994158113821
16073 14 3.729376619210067
209074 1 3.7949469497738435
268772 8 5.195099315302376
48508 3 4.37606463121898
18960 1 5.324169741617369
37990 4 5.439374535376662
327707 18 4.706209556648719
8484 1 4.067684828399114
265222 4 4.889252018382849
56461 2 10.379394230242475
33211 16 4.352914960904066
267137 7 5.377531556718448
45815 36 4.3387079713097405
1637 7 6.9434505099037
59201 1 6.83763436234041
26021 4 3.9517062519894828
132971 2 5.622228425799854
196855 1 4.354294382865812
43771 4 4.100198657186074
52406 1 5.14207022193886
134781 5 4.880998816823957
52101 2 3.7194373813888384
23525 2 5.066902086172213
204127 1 4.516939442131847
12748 4 3.3543077094923595
57702 1 4.109529822555033
393383 1 3.992172650408849
28432 4 4.722858882979917
40965 1 4.6519732430746625
30021 13 3.8795310399120972
199560 1 4.0861457325743045
59341 6 5.688240091724986
53086 13 4.113806133515573
262500 8 5.166153071604554
393798 1 4.280084688163505
58634 4 4.705309487190102
1109 1 3.995198645042194
44203 1 3.9767520838949415
267404 5 4.974728584062702
4374 2 3.9922673756019598
30688 62 3.0192514007653464
64426 2 3.639414569479743
10688 1 5.349484427591054
264883 1 4.871138385424101
45991 8 4.973513059123593
135921 1 5.816499054676394
18779 387 3.404427538417253
264957 6 4.530284496718446
135908 4 4.192645693556369
206424 1 4.081043691757978
202265 15 4.038299877357485
134626 2 4.576979316385892
16903 2 4.82297665585454
264733 21 4.252121830556822
263072 16 4.284007404128854
50375 1 3.781046912177407
60854 1 3.685272855223594
8492 108 3.2348108620918277
49427 1 5.042627558538888
45028 13 4.229430961118269
64019 3 4.051712693542194
57085 2 4.773912007954153
204159 1 4.367760988377119
198479 21 3.630040872053781
132108 5 4.2887251358264695
263133 7 5.356713090079678
198835 1 3.704798129177012
206979 1 3.45904100368386
7506 103 4.204679429069627
264931 6 4.776069206629293
45781 9 3.951065604260867
22491 1 4.1536472549526735
267701 2 5.017579068018102
38342 8 5.155923837671155
25235 1 5.221757677806066
53049 6 4.5477628318537855
59728 3 4.577352511330231
33684 1 4.198481256929532
205075 1 4.797284005875718
265140 1 5.18038812735036
13369 1 4.645708532621571
49526 1 6.2730780773848
45748 4 5.158542207282473
55175 1 4.4743822301041964
41364 25 3.2888127183740696
31085 1 4.958569245705946
4665 31 3.936108107955385
208814 4 4.848396839399528
40424 4 4.119418465588416
60941 2 4.012387018592839
206871 1 4.724877202709715
12348 11 3.7953816334609902
32440 49 3.6291221790169423
202835 1 4.242038750754102
30678 16 3.9144981765995097
198765 1 3.9989898053945088
133270 4 4.582666540833762
264605 6 3.9532574532978217
198321 1 3.963869961348953
39062 3 4.929143113254225
138629 7 4.0391467829179755
205735 1 4.029967733452757
203061 39 4.431332232917252
265358 3 5.628827810817814
136512 2 5.745041925026042
328110 1 5.666377503704692
15625 56 4.607600129531176
264310 4 4.459204194273802
53707 17 4.668987636718971
42960 8 5.319981851197952
15213 4 4.418427437137871
54076 1 3.9845428023028107
201706 5 3.591950824228806
266170 3 5.830090248752523
266563 6 4.875970704366524
11238 5 4.232630555224107
22683 15 4.378126715130331
266650 4 4.1615415646264
59861 4 5.302686844867936
17825 11 4.740115715635358
9830 59 4.0353874602390905
395354 39 3.6801889169344455
266002 7 5.022580635025874
268355 5 4.1375376451279315
137956 1 4.932762644329763
29851 5 3.803156809437598
202999 5 3.675476171896431
60746 1 3.8298545258303807
328347 1 3.686732138869207
208703 4 7.145157698786408
34000 6 4.1300585399014045
204236 4 3.795587488256661
9752 12 4.5527903643850065
396208 1 4.802165410212712
11872 21 3.814924660879762
268298 7 6.4131913712843085
47777 11 3.56995055348546
206672 2 3.7858552068640807
44666 1 5.396579383943917
6850 7 4.83534719374739
264064 3 4.658264023331327
264077 4 3.6883205249880264
266471 5 5.556928316585657
16300 13 4.0874359826602085
263113 14 5.2246704084066975
33845 5 3.265884608079751
26290 1 3.801971486823704
44429 4 5.228349364608185
28531 5 4.6341820853439115
138761 2 6.013293151232396
25451 2 3.357658876580886
22637 14 3.812265997398088
266285 3 4.532640335280087
27137 11 7.845218354695565
200328 2 4.598688929947952
32951 3 3.9000936089296205
38788 10 4.171460383221036
52207 62 4.323972477844267
26247 18 4.327196423128474
6913 6 3.812227209293102
30286 12 3.730048805865189
56147 10 4.47798412831411
20091 4 4.346793430506089
27329 2 4.0083087584705845
206754 6 3.990442857989482
637 63 6.885379004688356
1236 27 4.180265819151931
198168 2 3.6839454571108115
54695 5 4.098883492936119
9770 292 4.636936816541085
135054 6 5.415165261646841
39149 2 4.429156166796853
131776 3 4.663346340351474
205831 2 4.03569714961461
132643 2 3.875772322312482
34683 6 3.544716632793853
265495 5 5.1726399414134345
25596 10 3.152358786046586
262417 47 4.571351549829384
133841 7 3.94000154481722
40248 3 4.541244769988425
56844 36 3.726357497889454
51372 1 3.8158803314539607
55871 3 4.9750916290247735
265503 3 4.235631551481449
1907 1 4.500702629850096
266142 6 4.231872219030944
266375 5 5.6028207416792
327828 4 4.854000101850717
209770 1 4.439835049742884
34535 6 4.644972798895705
35689 1 4.725591846722518
394545 7 3.918702305781206
11403 85 3.622496612559751
268413 3 5.632277700074162
41974 3 3.6230564833635075
265577 4 4.945684696434675
14120 7 3.8749010748717168
12465 1 4.191914846119915
262710 19 4.281257634897432
39303 2 4.430326355607484
263917 6 5.093210218608827
9757 62 4.206814748671137
8310 1 3.983292236626728
28685 30 4.606206198515143
56779 7 4.4882539618063655
61241 2 4.787851268035599
137162 2 4.683825956891433
265946 4 5.31378911799987
266637 3 5.384113701791048
263596 20 4.653176103764222
64037 2 3.9566581278386583
328301 1 4.027992595299887
34946 12 3.919334410918597
262 3 4.55554394246069
17685 6 3.787054553414243
11035 1 4.913620577993598
138873 3 4.50532043436482
12756 1 5.219202324901359
58391 3 4.72951954036277
20479 2 4.3733891204580875
44009 4 6.0199604260821085
262314 16 4.555382349066936
39495 1 3.608458994090105
47896 1 4.809751186241091
18110 2 6.943415229422654
39741 8 4.29892444448642
60283 4 4.093540685201899
36149 14 3.562266415633416
44916 1 4.648995109104339
60703 3 4.248565212378251
35064 12 4.126565265456743
14638 265 4.519710061834376
266327 4 5.06486467914616
203851 6 2.9004402210167717
394404 2 4.340451707907134
52476 2 4.43798237022459
54473 7 5.361714745502824
10947 5 3.08990638569027
44075 4 6.399484297567158
266596 6 4.781175950766344
268983 8 3.693964752059459
57270 2 4.5786836031795115
36546 2 4.172360944611911
3832 18 4.829281167426577
48143 5 4.143525892790133
706 25 3.831341022420438
48951 55 4.009969478392435
21788 8 4.562070905197776
263130 10 5.088986572002095
12065 2 3.967728071724701
202316 12 6.726301463217574
52510 12 5.533134040432043
202506 1 3.902078244689082
10847 1 4.5632687418401705
54040 10 4.125317908674976
28653 4 4.253720691690618
132649 4 5.0304719264662525
28202 961 3.6243361855973086
207069 1 3.872538440395583
29935 4 3.8204978036012527
15013 6 4.1894099748901725
29061 38 4.512226463645764
13272 7 3.7869744315866063
269362 6 5.006077282762335
197416 2 3.9523605558533474
266708 1 5.702291597899151
393536 14 3.8846064873788073
200686 1 4.075956318813462
25141 5 5.305954111958052
21595 97 4.2161058606836885
61913 1 4.841993738125295
131356 3 5.526964614000819
28661 67 3.8979613800180166
17001 4 3.0601855035290932
22817 1 4.2010580452206066
264562 6 4.121798181902025
265420 4 4.480310146089088
13687 1 3.006415669827588
52426 32 5.9525899500564865
38683 1 3.93205174522184
62630 2 4.5608210903314745
47940 1 3.7575255448042797
48197 11 4.103807139995198
42567 9 3.2022531073053724
131401 2 4.996643757406715
25391 1 4.592989348787062
11126 5 4.944474329004165
1540 284 7.511311649250569
11710 2 4.534226605663387
131737 1 4.903648128223164
199941 3 3.454967253678598
48067 4 3.7201693527493207
197485 2 3.6400068255530433
268223 7 5.448839042278569
60541 4 3.8012520475328353
2535 46 4.013357925392061
263668 11 4.3624514985374505
39375 57 4.04236174729811
21960 12 4.493109775648388
20524 2 5.7791151967463765
138823 2 4.976418611227285
27149 2 6.462273220910331
132835 2 4.081681914144967
263281 11 5.419196608711103
26171 1 4.194513002961278
137316 8 3.7349066404195845
3605 25 3.5734762731877394
31732 30 4.15327062299606
10755 2 4.323208611270177
49757 8 5.616321276590263
203508 1 4.001032801032801
266445 6 3.962171273033037
4922 64 3.5156014617201627
44932 6 6.234941924352308
15613 2 3.73845264671569
61079 2 4.9051098219070575
137310 4 4.907974957377246
44575 11 3.8825857229840572
199363 2 4.078419680228186
33534 1 4.155290293541524
205749 5 4.027115476729206
38930 11 3.560467336856758
61230 1 5.018467877009203
53829 11 4.190113580544614
7087 0 3.958059304243515
328442 13 4.1227521918013
267649 6 4.261832445347304
27890 2 5.981808141089876
16095 19 3.8278303807600906
135549 4 5.4349757717291824
52962 17 5.134849677618221
47316 8 3.702274109230226
134682 2 5.219574066015588
200504 2 3.8436612835554236
53836 3 4.093660166617452
51054 8 3.7055602395114846
267189 8 5.621062768505958
42163 6 8.294360401056869
263052 13 6.412121406227122
51759 1 9.999204543252164
394717 2 3.5867226916487995
263075 18 5.012006990502671
55960 46 5.109087046618784
7738 637 3.2793344147470926
317 1 9.473440065681444
327893 3 3.6835519535959214
17288 1 4.594725121014119
266535 8 4.2747564462663075
201651 3 4.369760089727854
8037 1 5.324891242338869
264082 7 4.8040478108477895
136942 4 5.284030334191433
9149 1 3.7047632973336966
395338 1 4.1441205382831
203140 1 3.8735218797872437
131447 12 5.67551173250405
12253 10 3.9376456492879504
26394 8 3.8130561179177507
33287 26 4.007105303936609
263606 5 3.853998656018712
36740 1 4.5489666466842165
34416 12 3.7813669386644673
209276 1 4.819852081871786
268761 8 4.523731113803017
395610 8 3.8978233078706443
266236 1 4.525034083777927
196903 17 4.499871190464427
198017 1 4.194313836018905
49612 1 4.519078765605859
24126 70 4.098015716364474
55382 1 4.5083309547595265
47250 1 4.016160161853789
47253 37 4.014299589990167
31699 10 4.464385876936255
132417 4 4.1337003454007535
264616 2 4.80140282146333
203568 8 3.147110289151614
198618 2 3.8741583226894285
27422 4 4.726329688783967
47916 1 4.708059364463305
204373 9 3.750534297716447
3599 22 3.6057013556056527
205413 8 3.8153523284081374
38416 33 3.8312774428204173
36540 1 4.5483477381342725
48281 2 9.09012424695077
30909 1 3.588958642160613
134333 3 6.014562578150428
4802 195 4.806429743748087
29252 9 4.45476810661707
30812 2 4.38602597183878
61865 4 4.63722285960953
394901 11 4.109946067302886
28173 67 3.4305328291879227
49389 18 4.591721197882013
132267 7 3.6901698002179235
201328 2 4.014783843704923
267215 3 5.916759293854097
14537 114 2.9299469179252293
57784 1 3.9312136399451667
268363 5 4.827411163382484
39737 109 2.7167081785432297
63673 16 4.3552349195021645
3473 17 7.491962286663475
135496 3 4.581973995881757
40222 2 4.321038498190048
264339 4 4.190013548888378
263639 3 4.258789827533811
263918 7 4.626815490311311
48349 2 3.7260754763945263
267634 2 4.682454369192558
20093 7 4.464236137380573
262832 61 4.551374760678574
135801 4 3.644044104192026
63494 5 3.9966725903371434
48884 7 3.9280690947271673
52820 2 5.379735573724547
26743 1 5.500057194333672
32195 2 4.762944389877163
131582 2 4.082108752036364
262428 50 3.717173654289673
26936 2 4.416388689351486
58021 2 4.262468504357056
21877 11 3.9448634391083472
266925 8 4.308083387456484
197554 1 4.125558700558701
47334 1 4.47971650476981
45559 8 4.776430296132515
5110 3 4.151993630343384
22488 3 4.470661161249363
39669 7 3.9979721326136466
28284 30 3.3600088528419163
42948 1 4.291544929937787
55184 1 3.8087734423941324
64005 2 5.6246256331395905
137020 8 5.70443846863454
395077 3 4.844121168643328
1411 33 4.480349039559267
21543 5 3.9097789657072175
38367 2 5.638390134674558
46461 3 3.9770343259438747
56037 5 6.088963790126507
328062 1 5.0367613260059905
7170 2 3.8093759758958194
17446 1 5.356423195715068
45461 9 4.583745570265352
3853 3 3.8217970660078953
196686 1 5.069173326460192
39008 1 4.503644929912211
131078 1 4.198150517304868
210253 2 3.731530825496343
9951 1 4.327818701094564
42711 1 3.671329119930975
134827 1 3.8475090748242464
206351 1 5.253345250589073
62587 19 4.048331638190656
268060 10 4.754171554783879
136214 9 4.134610249529169
57795 48 3.745870253570071
23218 1 4.965604449069145
136931 6 4.225560806352071
34455 1 3.50518661232947
6263 18 5.757447612108183
45926 6 4.344271565702013
196838 20 4.852697316898698
23243 150 4.671068247301294
327881 12 4.77858998125622
52525 14 5.25748683247718
28541 24 4.802975264170762
50365 8 4.444432236291346
135723 6 6.387726261570888
35161 1 5.8121696331856425
13359 4 3.209368123522259
135602 8 5.013212270237604
269512 3 5.047339061827515
47849 3 4.105183055906668
61829 5 4.891136324201439
3445 5 3.9525213453296653
266036 7 5.236396584984093
38066 12 4.0003432218439
15022 8 3.448844687329327
23669 35 4.543427593721271
59552 1 4.425127828909341
36244 2 5.026614713858807
263190 1 4.5270945985231705
52923 17 4.874194542967641
35278 20 3.5236918211393706
395380 1 4.001207511681476
268257 5 5.267483959530062
266024 1 6.450698598974461
268157 6 4.152687389825734
46283 1 4.770043280170538
16979 1 5.287970722579303
49380 1 5.88938411359256
207967 33 5.473508322679476
68 9 3.9379524178026992
53989 13 3.774545840122056
263006 17 5.8469083928315975
31174 3 4.3815813027821084
19758 2 4.675344565140671
15224 94 3.587981105793529
268250 5 5.159998353921104
136054 4 3.675095514369369
200970 3 3.847803025802078
134065 9 5.346974531310551
10106 2 4.324892035259599
262826 7 4.062520020419115
42189 9 4.9907720970656175
61950 3 4.605142551599677
46047 4 3.9603513905965464
52439 21 4.700189885309913
202193 1 4.075429310238163
46097 1 4.180544748993024
269070 10 4.665869834499579
134525 3 7.182030022782373
38841 284 4.718891976414568
266148 1 4.484165437736866
266590 7 5.023021969770132
133894 7 5.456767371830528
57550 3 3.6855534002712047
54883 2 4.688676121597721
262707 18 6.617977780019404
44285 60 7.472223012146226
26827 29 3.450974438636563
60203 33 4.186206614118303
264683 3 5.04126579127132
24467 21 3.9486756908532974
31835 6 4.151858982527259
63393 4 5.10270101512477
40877 2 3.8038894101701985
50502 1 5.101408148729577
263004 6 5.551101864524459
50211 1 4.843839365959182
27495 16 4.1173338219330375
13522 3 5.0101861516650255
54276 6 4.6660190269629584
205755 5 3.8659749865328052
138691 2 4.901505978051427
44584 1 4.2301046244323555
263785 11 4.442188729131703
28910 6 4.002079715807978
266710 4 5.737210285789447
393313 1 4.462364796001905
58186 1 3.909963715328406
25980 2 4.452585119870575
49769 7 3.6280345342357854
136363 4 6.016522488944493
58022 6 5.427240516586982
132566 12 4.596994006678348
58480 5 3.833831983142094
50403 1 3.6924921274674976
37163 13 4.639285574871993
48345 7 2.970661637660283
201813 4 6.810304797943345
48297 3 3.3617864311656676
38851 53 4.699446244509286
263042 5 3.3871217820017847
267957 6 4.583053417912024
42010 19 3.127088222573643
263465 20 4.12262406272713
54118 2 4.875586050512158
196803 1 4.0142670727676375
15525 35 3.7031131758819034
267719 1 4.733449218178282
205294 3 3.7599446113385104
264471 10 5.283730797878132
63951 5 5.219209736599249
197480 2 4.489048914048914
55474 1 3.592788450526546
29013 11 5.145243211125996
33327 10 3.8705192575717318
208774 1 4.251817937742308
47552 1 4.0666390644117225
49986 2 4.625594071326686
38669 123 4.885859552111064
14864 7 4.216765102816979
56192 1 5.793302219755054
40761 3 3.9604372007710062
203226 57 4.983638754618578
266147 6 4.044010638728464
41956 7 4.99021088822813
39294 7 3.5381638943038163
35532 6 3.8518954619731134
394994 1 4.789076472697161
25910 1 5.335644427335725
264934 5 5.209583229710513
58637 2 5.029699884460374
7486 18 4.5981735258929275
63919 5 4.213128746138876
20493 3 4.183806094985138
138316 1 3.6150416767976297
51032 8 3.6805065677370523
132137 39 5.055502774249679
10265 1 4.225894892477145
197588 9 4.695656083993816
19264 1 4.918336389026045
134196 30 4.352973151159977
43974 0 4.4
37491 3 3.917597006965777
199788 1 5.150346833611544
203536 8 3.3895052006206945
133234 17 4.581345484934263
131408 3 4.209963370031991
264293 10 3.6563258294677623
58818 4 3.8196230148666594
264206 6 4.956100315127485
16742 1 4.730943719192567
22332 16 3.930752744734702
206474 3 4.7863784326182195
268788 4 4.243286636185839
41816 5 3.8069764160464707
56346 3 4.2814823804667155
268009 1 4.8621624705368545
12912 8 3.888556136664
62384 3 3.783307854451327
41901 2 4.110244712457993
59835 4 3.8599254625288997
53396 3 4.693337990571176
262742 41 4.127192688644737
41506 1 4.028136942422656
205368 4 4.854113816198759
51141 1 4.574328416292702
209582 1 4.081965126338958
36567 2 4.190818176193362
138739 1 3.6150416767976297
58364 4 5.090759063160168
33837 3 4.73823205105188
137826 2 4.746486536567943
53014 10 5.892938786454635
38794 114 3.940114381954571
133617 10 4.187097004087204
264185 2 5.140166885989543
23820 18 3.6418675079169986
4134 1325 2.9812847508261733
26265 8 4.019619204862094
49588 3 3.5299465101799994
54508 1 4.589720246074528
26085 3 3.4797712993321332
11571 1 5.5252913528118786
134645 3 4.61787395308162
205972 2 3.77948363670757
204279 9 3.614944023385201
28549 29 5.6516308636621835
18931 2 3.9684884401941876
264512 11 4.267966171037924
266682 4 5.3598870629269895
138631 2 3.6670076765879918
60832 5 4.102212289760968
34111 1 4.951623127883632
265806 2 5.235107433451268
394656 2 4.794667099637887
201820 2 3.6788775116733543
1444 4 3.8117948983732655
198328 4 3.7938752716042665
33491 337 4.101665183015139
44933 4 4.479312175484599
27647 11 3.575052626934828
62467 2 4.259900866045259
198754 1 3.722347743667651
42683 9 4.312863135369744
11228 15 4.149278369342618
265491 5 4.078569578529092
23387 28 3.864500490337269
262807 60 4.1460714502185505
48043 11 3.722120242931577
11730 2 4.136044186991607
266976 1 5.6784870848910245
14616 8 3.687878470061123
56342 2 4.338338583891741
10617 168 4.915941130532434
60341 21 3.721459569447068
209715 5 3.6653155023600488
49033 16 3.296388363558806
265311 161 5.36809556195356
63885 3 4.039552806448145
44953 3 4.649597653227926
52606 5 5.687718723003822
6998 5 5.191964581550549
57235 10 10.017518173278129
267006 6 6.569973940545919
6734 9 4.553019006051015
266315 10 4.725490663362124
56753 2 5.914573237592333
197575 5 5.707052755071844
21491 86 3.8615882855075645
394328 3 3.9408672609830857
17177 6 4.1802199465216034
45763 149 3.885567930526606
46844 418 3.7336792978166824
43718 1 4.3856007101105146
2706 107 3.8636130942456766
137995 8 3.26887971544524
202814 9 4.217412099081158
204136 9 3.6994891502914387
266506 1 5.585825051863881
12453 9 3.405814315623962
44234 5 4.806467691508739
52143 2 3.4458994964755325
13414 91 2.786563252673131
29674 11 4.8500874612321665
267207 3 4.636947115256474
61009 1 3.836371697613059
328579 1 5.66800218887157
39045 41 3.656595169932315
134043 2 6.517677127044945
199236 17 3.7688395023086363
35215 1 4.592142875898636
200135 1 4.151491649361832
206366 12 3.576396619413228
47928 1 4.112777065151929
199199 1 3.7439345708182774
46707 1 3.9689151722385607
46164 30 4.2115348454265185
40534 2 4.188268174699273
266143 8 4.556838405999899
47244 1 3.917848218506691
11747 1 3.7905305666058355
28580 170 3.625330882179439
42732 1 4.69610177404295
19472 6 4.803508738131326
50137 1 3.984395020232459
15174 1 4.588837547907811
265869 4 5.746033592555796
262607 12 5.325341868804254
1412 3 3.8673555826750534
205511 1 4.606029670931148
57004 1 4.125893966482541
393899 1 5.321568595608005
207201 2 4.409521783992187
21741 15 4.831623600164042
136374 4 4.868468206199225
63983 4 5.324169712259348
57691 1 4.008890403058862
28136 18 5.764399570475607
32012 3 3.8277144784722155
199138 1 3.8231911527803155
198508 7 3.886172462928582
266361 1 5.361508863554418
138520 14 6.064206872547227
266271 4 5.017327644020538
263687 13 5.734033075761462
12272 4 3.9753245309066134
38279 1 4.236026554943605
13876 23 3.851746285160485
268007 5 4.532731790264207
203803 1 4.303273231151697
35567 114 4.766251248871088
33300 1 4.719084519377172
59194 5 4.788342942130211
138312 3 7.014396095602993
43087 1 3.8324859259048742
395611 3 3.381736173981413
199420 2 4.176052314116814
50458 9 3.4546113540237866
62921 2 3.9223675865058643
39585 1 3.9501713020965497
53457 2 4.2720700841467805
38736 2 4.293049186455722
15275 1 4.5141366299968455
30595 6 4.194332215909541
58307 2 3.0011219476738384
136110 1 3.9000611675525256
39477 12 3.7817036375978095
40165 24 3.693866402583385
52797 6 3.783716132888861
28273 6 4.7923586837226875
262452 4 5.029111025129372
201505 2 3.703839688658374
263980 18 5.0912016054365345
27845 35 4.755941978076588
50454 5 3.8842717080155547
21220 5 4.633654290695886
9120 16 3.9266657467344186
13827 1 3.8115374002298625
262456 16 4.6597611733699775
46407 4 4.127362037977812
267442 13 5.606904016703822
328203 4 3.7429354943985835
8544 134 3.0531850979921313
47841 4 3.2714104221785694
136102 5 4.612579791691481
28723 13 3.6630615706087744
26904 1 3.80240851011787
61985 1 5.0687088252036405
45131 5 4.941633607044136
25770 2 3.803156809437598
52970 3 4.9239064422310825
25920 3 3.994002525759749
31451 1 3.5524109289823116
28426 1 4.555966192173088
267022 6 4.195521053991586
264394 6 5.160569407226939
52008 5 3.8252899853125033
266019 2 4.081616591010792
265147 6 4.609375686126238
6852 1 3.8172036787244163
202389 3 3.7529744770569056
12812 9 6.045605522523905
19400 14 3.8204764992199745
34990 8 5.061887677817671
39740 1 3.8371569732443938
137087 4 5.267518156522456
6503 1705 4.212231349476791
136071 1 4.598820479645705
31559 1 3.814610993129117
135834 19 6.138548450504551
133240 4 4.26380243181502
265190 2 4.1394304116142
136007 5 5.594468500625972
26989 10 3.9436421463401827
27508 3 4.583730253543338
12312 35 3.1119299974641117
4972 11 4.199475586614649
209497 3 6.071916728303816
18127 16 5.178291355514476
395409 2 4.837248318708724
36484 1 3.976559100487474
139571 2 6.013238416694903
7418 100 5.035832950336835
133219 5 3.984690633850838
24233 22 4.2784367593225525
48278 3 3.7469346917038475
136714 3 4.628908134550895
45879 14 4.196225987386391
57728 4 3.478867555530986
8192 20 3.7139008982426778
57219 1 3.777688537212347
58972 10 5.604365350759842
7 19 4.2944822583999045
2715 61 4.27318489690549
39264 32 3.7142121735212714
395932 1 4.043607876852304
44036 1 3.8489306989306984
197878 1 3.9453797273469924
25464 2 3.5883620568144377
59165 20 6.884827777717677
11955 45 4.420743262383383
209533 1 3.694639348620502
39063 4 3.115057893013309
11397 5 4.387699138752703
132896 3 4.962089685603957
132145 11 5.1633829761098555
41871 11 4.046941737290182
53850 65 3.016511634964658
206206 25 5.175074207684582
20048 1 4.656218535759627
206024 3 4.117835115361498
58664 23 4.171890828219516
46130 1 3.5833105181627354
268773 4 6.6567009334932035
46913 4 3.9909273945940518
265684 15 4.186732609105495
132485 2 4.304772227647113
53568 4 4.551160411488196
137811 15 4.9222151735224475
37580 4 3.7786665690280494
55486 5 4.956368174341455
200108 4 3.5615243291030043
22963 1 5.332469824161121
50435 5 4.96644366673512
48227 1 4.9055389837378565
34450 23 3.6547456711483215
205692 5 4.0225058525917365
50065 3 3.9144846866823104
34010 25 3.4605922156109754
263587 16 5.645715732091164
263692 4 5.030650334994005
12768 118 4.286341460066275
198728 1 4.075968176301414
268543 2 4.59570370790545
5484 30 9.333922678934497
57594 1 4.786117228052713
56126 4 4.199665520882711
36035 1 3.8046307323400916
263077 30 3.9596537918335803
265192 4 4.79292574142555
268198 3 5.679635967331335
208641 2 4.836734936892954
18941 3 6.279887439818302
22247 3 4.293687397258826
39707 17 3.8861773676846694
59332 9 4.083232788954321
396912 2 4.514837729327174
206582 2 5.808529242149932
263194 3 4.707283313112275
51329 1 3.6326865635732637
13237 78 2.758682831324389
31503 1 5.458391444105729
44117 2 4.786283792761907
50150 1 4.649737167594311
18415 1 4.884769463340892
268403 3 5.599931419537245
30723 3 4.567510612366713
29757 20 3.124186714966461
204457 2 4.649498460717495
41174 2 3.7669556635934263
22051 55 4.6965047523515935
31626 5 4.592054219685982
27866 124 5.729669128239627
49237 1 4.525655561369847
52191 11 3.7713128748216214
265851 1 5.9756133910485305
44279 2 3.6931146994856205
54697 6 4.911913873384658
47889 2 3.820035692836187
267954 7 5.917196907288047
47148 8 3.8534555289066086
394695 51 3.6101143220528633
30848 44 3.3386752900778305
48075 18 4.19806165667574
264567 7 4.127880156719935
44404 3 3.6650144698253153
50079 6 4.164579217583513
24530 24 3.9277395225209286
16246 8 3.6091420574397355
58895 326 3.9759941728164914
48322 3 3.5950405414691127
263164 6 4.605403414206555
135827 3 5.981024919112361
136073 1 3.771617895707259
51918 23 3.1616370193996746
16353 20 3.282137071867219
57134 8 4.80323031010223
54201 14 4.250893400115499
395158 1 5.4745268469899
20164 3 4.563794038731821
262808 61 3.930405294475097
21459 8 4.454796845303861
22608 15 4.445412249702292
262873 4 4.352392576203482
33823 12 4.677434104909454
25119 1 4.534051027919535
205659 3 4.024254673385109
36874 23 2.9173988541431024
15126 1 4.8214365473971394
20312 8 4.977910829041923
35066 1 3.886372611074992
264983 12 4.664743174407743
54699 1 4.005683443369371
47761 5 4.690629385005663
263618 7 6.474622236905644
37688 16 4.227325060662873
265155 4 4.9058505833290225
266086 4 5.015332574917385
262523 9 4.991336465421325
63209 4 4.454527119720008
49610 1 4.592430089780523
36947 264 3.814598191740298
28717 24 4.1936722106202975
264242 20 5.101701343361097
268039 6 5.288894661561116
1326 8 4.18052576704127
265339 7 3.9236919798978467
134280 2 3.58294343443153
44112 16 4.932746683196079
1764 79 2.7941300914729994
267971 5 4.404432873960183
11817 12 3.351551111329516
132941 6 4.584127406967137
29580 227 4.518265058744815
27981 6 5.7583154355453905
267562 8 4.034905004398956
132264 15 5.007704595441952
52634 25 4.198492225714126
132839 342 3.048054866224117
266414 14 3.7997747887443647
41484 20 3.067521222583178
53159 3 4.157544488626329
44395 30 4.0222503588612515
12697 1 9.145784668715702
40158 4 4.489042165077033
38920 2 4.7621372016689625
134944 5 3.591949321298788
267114 2 4.2228644572052065
53214 2 4.479602677013804
131754 1 5.39197028751216
18597 4 3.9534106137276073
17224 82 5.195953736620814
7774 3 4.020799966445946
137390 1 5.274807525921197
14139 1 4.198481256929532
134294 10 3.593829530329655
33339 61 4.046835239662302
8427 13 3.7024833715690044
31872 1 4.941893829725397
137409 73 3.1981720712142203
54175 1 4.1768964915762945
34118 5 3.962677277279812
48072 46 3.658934631569596
42282 3 4.705213120604191
702 281 3.1363986744008137
133276 5 4.193005903675894
46652 8 3.926713468499446
396319 26 4.026170276425079
394116 1 4.554262073194486
36997 26 3.678362583492494
17150 5 4.418298149085031
134624 1 5.414224759914415
4616 6 5.681089401847663
31961 5 3.9960102852763955
57635 1 3.696007579130829
59330 1 5.205145242004848
133468 1 6.388797968740497
52555 2 5.02728045449781
266952 3 4.569267767352105
265694 1 5.027348604688505
46922 1 3.732470078118683
52530 5 4.678392502727899
263963 15 4.314079655165518
47796 3 9.388966428190168
52531 18 3.9805962458303603
18937 2 4.289891193716947
10057 0 5.5
30457 4 4.267623568765084
202448 36 4.1365361277270365
17622 788 4.700575760035916
131636 8 4.744290030071541
53130 15 4.151355684896215
16664 3 3.895234372016537
45193 6 6.043283145782576
