264443 5 4.809971216326407
36607 1 4.402206080610656
61235 1 5.716712159569303
61239 4 7.267879571703916
54077 3 4.135834356938112
50980 1 4.736985075597314
1837 4 3.920967800710925
393301 12 4.256310617978121
48903 2 6.36094662037554
49849 47 3.6657026553271344
12553 2 3.2953686420427863
32 3 4.334284315604132
52848 5 3.944302207602847
209609 4 4.030428332057452
132678 4 3.967695799891858
267060 3 4.586262471196444
42802 1 4.794951111106645
47897 5 3.9460225365788246
35986 182 3.7399245650493933
50687 1 3.6718366289794853
61707 6 4.2634221361406865
17810 4 4.675003166586859
10718 5 4.767912678506066
202173 6 3.4583824201717186
10116 2 6.721401414600664
264241 17 4.567630007727244
328409 3 5.8381159592405805
5396 35 3.3676697140394936
39915 12 3.7727657091514057
269734 4 5.250062466483158
205783 2 3.7809386001325613
45270 5 4.151401839749869
55722 3 5.837500428550174
50569 2 3.7719127151446217
328276 4 4.927513193120306
11572 10 4.453546254896316
394900 3 4.0866570004586285
4770 15 4.528838102121321
201343 4 4.008050973371831
22567 3 4.199146181533912
263567 26 4.522098875849058
61369 4 3.807075327250639
26749 4 4.237949035134044
16714 3 4.100416723324954
62809 11 3.0218853011629205
132808 2 3.831790769084647
36526 4 4.404841453641109
21764 1 4.4337134731716015
22213 9 5.7449157946137355
28319 0 3.0
64290 2 5.37066012171694
38156 12 4.1326049939731515
262700 21 4.4916975425029335
268894 3 5.228855512075955
15600 85 2.821287513570634
37252 3 4.563372512723235
54869 5 4.394900497749392
10282 1 4.19539336689583
203325 3 3.819842216988431
27289 2 4.874053330372878
63765 8 5.307394867313302
137478 1 5.54884522165347
268043 8 4.351738661180629
40010 5 5.2052005135355435
51639 1 4.812113385607522
55990 110 5.288321194529819
33015 3 4.200591844754406
42516 4 3.5203291567340576
41849 13 4.235103764075758
21555 4 3.9095020428076905
14824 0 5.0
263527 9 5.556101397605154
204987 1 4.851772008759586
13412 6 3.804234010877136
132000 4 3.855818875885855
703 102 3.5546241067794617
30892 8 3.3324079585680164
263545 2 4.939929725748821
25252 43 4.448251173676324
27765 1 5.742139209996352
50523 1 4.102323015943338
46587 2 3.9164361937917906
34518 19 4.607727984930865
268136 7 5.15460769128429
44008 2 4.88307409633018
28257 4 4.024225691961594
266610 5 4.150060423374263
22792 12 3.546949850917055
268695 5 3.880478669025467
14174 4 3.0371521933772385
134340 5 4.682586686975223
37160 4 4.065619378796718
12456 1 3.6474154044830076
51189 11 3.7329141042325205
201873 5 3.9528392531026038
61141 1 5.4864923747276695
205462 3 3.860307329354949
56092 4 4.267638222801436
264253 7 4.861651784262618
52966 3 5.713861548149238
61981 3 4.549592870668232
265679 5 4.736980880177851
263571 6 4.299478484411751
267419 6 5.500684782172682
17686 17 3.952886145288354
40641 14 4.3524965723949505
43268 5 6.285171614801558
2472 10 4.314913966811973
19038 20 4.442155594314461
16929 1 4.804178340056829
37028 13 3.461085881209775
61242 2 3.7956998952945225
58250 6 3.793009471297039
50837 43 3.535328500366301
14452 2 3.8063659878016245
137870 2 4.298672737588993
137367 2 3.066142904509284
47805 8 4.743145292926266
132772 7 3.5848623599719787
49393 4 5.66453891843703
135244 21 4.5135241549371745
266260 8 4.608210789543385
23464 3 4.201994195637564
52937 18 4.0884880085181905
269143 1 5.479344725338258
47513 2 3.980788252934484
133054 8 5.013161001143168
262606 28 4.590898972028451
10129 8 3.8441789864689326
29134 3 3.6256959065254906
43094 2 5.824558952402414
38260 17 4.418077241010651
13925 5 3.014060768809016
22062 9 3.101448050355622
393605 3 4.628421924757573
37653 2 3.693068628158509
28408 3 3.93615100074402
50512 40 4.374881336755828
134970 8 5.765499346824153
202220 4 4.719217705113246
38224 21 3.6014883829235496
30484 2 3.869369864460176
9084 13 3.795956943665441
52440 4 5.257814541748267
51930 3 4.763025095238163
35847 15 3.0674232208926773
36460 2 4.496680380374961
5582 3 3.9309402704610363
205107 1 4.325921697350269
9949 25 3.9316453082958924
21496 1 3.787583051868766
198412 8 4.615055070124383
51613 2 3.762464888824947
328334 6 3.8650843086710363
30856 3 4.97022019129693
28088 2 4.0360413918538525
63090 2 4.760476581437173
197502 1 4.1657776707781595
49337 1 4.009508464186531
42716 1 5.101679209998176
19357 2 4.383713528762789
35710 11 3.6294773092573758
11854 5 3.592471427532429
265762 9 6.4528907830611
198425 1 4.413162012226052
8769 6 3.5165432076654666
134918 4 3.677614925930018
263695 3 5.441209140387097
19690 10 3.8629327962324576
10148 20 4.358562234556195
12363 4 4.351385541166635
265421 3 4.679325530370811
132124 2 4.959684908099088
20462 7 4.565449629325324
1931 13 4.214521338642014
46691 22 3.580491617714553
43833 10 3.0553369546683165
59460 12 3.0918268564820486
56001 13 5.146319592509679
134802 3 4.907677830828543
13518 2 4.976707791083817
206269 2 4.755614365203355
61197 1 4.001970796088442
48415 1 4.6913437830186595
44959 3 5.572512068213001
7860 2 4.595970026703718
204026 2 4.574469645137748
131269 52 4.394936068272715
204430 1 7.546313918516962
134993 6 3.273399293261712
200864 12 4.378529472139336
21777 56 3.211992782015177
26198 26 4.099913465878189
265636 13 4.882970256250532
52155 4 7.792430394124469
49767 3 4.358896459276529
267615 2 4.93065762840669
63000 1 3.6031011893901876
45343 1 3.8200726732343915
208974 3 4.93973214472739
11374 6 3.693286206427525
8856 28 3.7276337926712024
136260 1 4.821089771157506
59272 4 4.468175088059844
9802 28 5.240184217643742
43279 5 4.264648534045169
41005 2 4.033375431532114
12266 10 3.0755964584007978
203770 1 3.987508194759737
209546 1 5.068191534954208
30283 5 3.957241720971472
20001 225 4.32551924493411
395818 2 4.46712670076381
17244 6 4.710449565375689
29443 3 3.9410125751066363
54822 8 4.194077725122643
262550 10 4.616399436407037
48102 1 3.8091787530863166
36905 3 5.502715499460048
268229 4 4.177471199539899
268307 3 5.307855671246349
209198 2 4.1444314467390715
13771 10 4.694315745392698
15895 15 3.0039390616511117
52527 13 4.4747404837529885
20141 74 3.397694869505566
197947 1 3.7516011083064753
269039 6 4.712468242678212
43525 2 4.159191628274381
136366 6 3.5847875082002063
139300 3 5.406070351108225
44400 19 8.323642127116555
35733 6 3.347910482684137
266239 5 5.0461464557351245
203092 1 3.542760414188986
264973 8 6.358817733095709
62656 2 4.245519463793938
60802 1 4.846840175276066
53081 20 4.500684992119683
21830 47 4.728249578667861
131663 1 4.4446386380222584
53115 11 3.7655221657148834
134137 2 4.9390343339321685
52395 2 5.026488682967089
56362 1 3.6825479597502198
10834 185 4.1542271155679895
8828 2 4.1250798799326605
136838 4 3.7950617581016255
21240 1 5.104817239638668
9913 8 4.863947203869969
328035 4 4.0137811425761765
22106 6 4.039984881493353
53873 3 5.2168743718088955
12635 2 4.54090142507376
131994 3 4.941796879019683
46562 432 3.6193650400793493
267388 5 5.325159336306244
203584 4 4.883128582566947
3108 3 3.8441563485991037
204408 1 3.7096480297074326
264998 5 4.451810996016909
137433 2 4.856581390940998
201393 4 3.7433155910326312
201961 2 3.9236881132381276
52897 4 4.871386333092103
36169 1 4.804526867950512
30278 5 3.8003162773139367
135686 7 4.622199796830257
28716 33 3.0292775612652654
48351 1 3.7854525104525103
52173 16 3.886891377091941
37545 35 4.27787088238522
24691 36 4.321446953246759
50998 3 3.0101073561858644
30519 1 4.875367112362186
1237 187 3.899861612904077
3058 7 4.1915888316155145
49535 10 3.633563842676467
45295 11 3.9891154938489004
39832 16 3.2432940727592303
63859 140 4.087238468276857
11711 10 3.720117916291901
198038 2 4.30827950196721
55160 7 4.2391893058357
26567 4 4.592056200587194
268284 1 6.330959537987188
52940 15 5.24208859779814
396079 1 4.084264304386386
134074 2 5.638794935110706
41947 2 5.227413973121652
265505 1 4.443085594175429
28907 29 3.4296585435316795
32998 1 5.905416554287365
264173 3 6.093111154718298
33167 6 4.688162324695508
42353 13 3.5480463681212817
205346 2 3.83263148001824
59096 5 4.432876350456058
23366 25 4.645787001884422
619 2 6.83988214155394
267505 5 4.7088468825708105
62647 2 3.821230404333854
28773 3 2.8615587773303983
52928 55 4.4514924278751185
15919 7 3.5689198038123147
134930 4 4.582041174408123
38511 212 4.089816130785217
19356 1 4.473695748695749
60721 80 5.263579656123151
31042 47 2.7415228542117642
56445 1 3.839543694381115
19372 4 4.399833694223189
394265 6 3.873577909728912
133720 78 3.8927644197331186
29696 14 4.315145622878827
7712 3 4.483077908951215
60917 8 3.3643524074407622
22671 3 3.8090693389299926
50294 3 5.283990406959622
45543 79 3.7281416656847686
30999 157 3.571159576494918
266235 6 4.848091017364149
31044 1 4.660661932612093
395269 1 3.9870133052728622
19079 8 4.570764539237447
39709 6 3.6958638490239615
24451 2 3.8783454118189047
33927 2 4.05966485312021
24187 85 3.9119615936030137
268747 5 4.597038122104509
263738 1 5.0946918161203865
26663 3 4.279734419999673
17667 1 5.348835647605147
63231 1 3.8016759093852692
268044 7 4.786915370301105
134371 30 4.500805402567767
31712 4 3.6020811142751743
55865 1 4.822960366429956
134705 1873 3.947299391684187
265549 4 4.626283143967873
199473 1 3.9202008153688825
265152 8 4.54201502372918
136134 4 5.401654752797485
266705 3 4.854826234681046
201174 5 5.461906635969114
55433 2 5.508745865371402
198753 2 4.398503582210604
137239 4 4.341134165433642
205619 1 3.820022248540372
11078 7 3.978880033713372
18040 1 4.543306737354355
18934 5 4.616562547572949
209984 11 4.277444993236235
6672 4 3.4691748532074835
34360 3 4.3123886616821085
3474 33 7.463169303238057
263014 7 5.323011662579897
18599 1 4.61671964454024
47559 1 3.855132133185129
44347 9 3.718266780643793
131310 22 3.752023842210091
31420 30 4.2942982486230035
47057 8 4.2281425185431445
25394 32 2.8706457026631678
396040 3 4.687628695204288
267048 7 5.450972274255418
12714 196 2.8922750553610976
138291 1 5.282848607848608
55156 3 4.682007621369504
41960 50 3.6858558401824255
25714 3 4.486586617545813
51230 1 3.8970327954516364
2631 14 3.9111967943472896
262647 6 6.507344371968933
39311 1 3.9869552484885444
59105 7 4.44193430996423
136919 1 5.3585894332522175
17470 18 4.2975201526184765
28873 2 5.1699052693625145
328282 3 5.344366537837945
202526 2 3.771882995931054
63629 3 4.968033523753307
205085 8 3.8629036834943498
26768 1 4.182089112918342
41085 4 4.377037751207207
15495 4 3.963945320538513
24926 20 3.629505262698353
21341 28 7.422442560610093
49690 4 3.3376690127966593
393513 4 3.656270161367684
12159 2 4.337587354775348
394297 2 3.408241393008482
51540 35 5.106644973783534
20626 8 3.8510984229368583
394412 1 4.893125048870123
266803 1 4.578516700109475
133712 11 5.045137215159555
137360 1 3.6177749419128724
328146 4 3.003332061175198
134653 1 3.673214762068449
328064 7 4.518995104827893
49779 9 3.7247728537666105
18124 10 4.555658859938789
269475 8 4.6293889002101904
393296 2 4.4913296596775325
59477 1 5.110679898486259
57309 1 3.749709946138518
262669 127 4.313753177617742
131662 6 4.290971315990214
45587 8 4.352858491685162
32659 1 4.247298445943766
47260 1 4.112891270418153
131444 7 5.072742509449799
397293 2 3.0304927406571758
64484 6 3.724973726041362
56054 12 4.716838168140716
262595 46 4.406754009614442
32554 3 3.999722009140776
134964 2 4.185922647949305
135744 4 5.820862049070487
26282 2 4.1064378532812515
21980 34 4.251170909514623
22500 5 4.385560506898299
265137 5 5.5953972857227825
6910 156 3.0873332917396388
137406 6 4.878829578552569
40632 2 4.615250384053296
51059 10 3.741662013334054
50761 2 3.9321813366625986
209858 6 3.8024944139218397
30882 8 5.778287118002867
202069 6 3.3683339341761873
202599 10 4.705673532038703
18072 9 4.810084990349578
14306 6 4.82126611415584
16637 125 2.976087674890398
395442 1 4.596856352915466
44466 12 3.8871659204992532
25919 2 4.899580772456245
28920 6 3.9231386213716197
264482 1 5.192741030787007
131920 3 4.217615398649881
267943 7 5.833642691559121
132639 4 3.7767861719016063
62068 61 4.313216850125423
397834 1 3.8016759093852692
54135 3 4.523267747226352
42994 10 4.2387773665278035
264469 2 5.3220483850197535
37568 4 4.401609851113615
57093 5 4.751973978582423
263940 9 4.597160105060045
41589 16 4.072008151795556
35242 4 3.522941737083465
23308 33 3.771306823424529
138474 4 5.386427290981159
9081 3 4.099582424036888
32156 9 4.423748233492481
13093 2 4.298858417771005
199059 1 4.371537788672436
266333 3 5.048809656066553
263632 19 4.646337617979682
62450 1 4.78584358189869
10000 20 4.252005314058595
263912 7 4.037869411597147
41811 13 3.1236754049161717
17003 6 4.258175880638667
59404 5 4.693015699496002
266181 24 3.5587539459235105
203380 18 3.8889652168991082
17429 42 5.055622820434806
52171 1 5.077032204395942
204213 19 3.960151189933119
58852 2 5.411764705882353
56265 6 4.316293528136546
2646 1 4.772179151354028
54017 2 5.1371271385064485
35466 1 4.485444512183139
132116 207 4.351912804186159
57832 2 3.918403631580971
2003 17 3.946305742206532
47455 1 3.669738692036577
1982 12 3.7050737448348574
53927 7 4.174049989666723
53227 7 5.042699590758955
49035 2 4.024637356641621
266274 1 4.825012626490459
201695 2 3.6234567901234573
16282 2 3.831700827121334
14442 7 3.6832789797396095
396966 5 4.729435855189562
265445 10 4.536541944731258
265672 4 4.036196450876254
36223 66 4.6158753748281285
1142 6 3.769134275925
29442 2 4.759189510266033
202137 2 3.742423840788998
22773 4600 3.049376060241108
201686 1 4.801679023549877
39728 8 4.928257801199319
266484 5 3.9760438969492475
327989 4 4.882187597692342
266241 6 5.792019779216642
328025 5 5.277288822688201
47589 212 3.8902014023338447
136063 1 3.8819983571267134
8158 1 3.081362093580869
24812 13 3.7914132598579267
266545 5 4.98371156026178
209543 4 5.2836223744024995
9934 27 4.520261576828418
61198 2 3.8057845423495644
137641 1 5.048603154712177
22442 66 3.4655581794015093
263622 21 4.802655186469479
61044 3 3.809988566067498
56000 4 5.229089526535391
61031 4 3.793200618154856
7587 3 4.0113237754979405
131230 1 5.236789361773968
2740 1 5.9384654159469425
198003 1 3.7589000973725835
396868 2 4.137080118197909
205678 3 3.056283222131112
38595 6 5.954558713483852
9789 2 4.684157498404334
46258 5 4.586541883586219
132894 4 4.087507755977965
268647 4 5.36654370701897
14325 18 3.075880409350731
49667 1 3.8238832595975456
10240 3 4.556035235062328
9999 11 4.006641841231501
266162 7 5.5804099321587
49945 6 6.695561551641711
133300 1 5.194942105954011
27697 16 6.508212122896334
57265 3 4.38984722341457
17577 74 5.220127246285707
135373 52 4.016685857847908
31875 2 3.9059315096873783
62738 45 3.9212045879649016
18015 11 3.8386653551412526
262746 4 4.69541449879024
134375 46 4.288924388962818
38409 5 3.826136896022118
14778 22 3.4292483871921995
42427 19 4.225690433143787
264118 5 4.64473260099978
50412 2 4.586990145731696
202257 1 3.822156555799747
10662 37 3.796084755848345
265454 1 4.558893109262567
38398 66 3.8346849808508408
202965 2 5.80834612888779
266734 2 6.109796323745182
268434 23 5.043884974947507
207936 10 4.5054349780272265
201068 1 3.802584326316884
267741 4 4.819063622196714
262773 50 3.022119887755431
25385 6 4.671010935447287
266163 5 4.865354762299531
328312 2 4.379484671796477
61944 3 5.554119729042112
268473 8 5.287327945832233
28512 50 5.710852914015037
30566 1 5.302577091442637
196801 1 4.089085005307147
63917 2 4.309722912327593
262414 9 4.523271889914879
132443 2 5.464477002266507
132690 3 4.184757337519466
52032 1 4.648514745015761
32504 4 4.617650223782046
35729 15 5.0410151219502
131427 8 5.357015877208341
13307 11 4.53271568026192
267451 14 5.163205413403601
54132 3 4.392507227679203
49680 16 6.875197895433315
6591 42 4.471954229503363
63506 1 4.405827419153072
206314 7 3.7996451741666757
133710 2 4.927547232739866
31245 21 5.98782542862524
44124 23 3.943174625368104
133125 10 3.832061017458749
18790 2 3.9998381882471032
209253 2 6.167831869978443
196939 1 3.8534581481527423
33017 7 4.18831262901931
19783 7 3.586988888903133
23155 4 3.0144931585345995
14792 15 3.8389752972518507
17994 1 4.9555209108563725
394536 1 3.6954184704184696
17443 3 5.348657280406984
199771 1 4.426521959025156
5668 2 5.474188359533186
23664 32 4.4583081829115425
210270 3 5.329810949611655
15517 6 3.227565978087599
134867 2 4.596560278164975
49182 9 3.674593824935538
15305 27 3.443155961886265
19180 82 4.987513059607871
5731 3 5.202071989452672
30969 41 3.910611788269032
26943 2 4.525781453649351
43174 1 5.002446754121632
52886 4 4.339023559158619
197310 1 3.814842732556723
44812 28 4.221852845148572
22911 23 3.5576945638345436
269277 2 5.312447344608392
43531 10 2.6277610798485527
394472 1 3.807569282569283
29992 24 4.174912412001673
62140 2 5.966218090112007
62039 1 6.742825758897187
267103 7 5.9853837094702556
9600 16 4.648841732477225
51231 1 3.7421709023879424
132384 23 4.852022116092129
22190 10 3.7840404951617574
38244 65 4.380398036411004
43668 23 3.059752411612437
42886 5 3.763535511958936
36623 2 4.4062068965517245
209864 1 4.346297582791836
46224 1 4.170789080809176
196716 1 4.526031436711838
12036 6 4.3847591606631795
44811 10 3.96124267122979
45530 8 4.110629539194512
135478 144 5.471642912015652
21854 16 4.819234397919102
1355 2 3.80240851011787
269581 3 4.826625405303649
52972 54 4.777752621892156
22835 1 4.179473950303179
13649 692 3.656750667748797
131618 25 4.483866286044518
201976 8 5.1679655993276645
57946 1 3.719133085722947
61839 4 4.206050838236754
136362 7 3.587712756277623
40486 3 5.111127460919626
137483 1 5.548782233495244
54048 7 3.252357821475403
41495 14 3.5129980656110753
23151 15 4.720594254349543
42955 6 3.7214167086334577
202743 3 3.9723875390751044
54633 2 4.381776587093649
1608 1 4.483026539233435
54105 4 3.7982155007507137
268595 1 6.441773531031285
40739 1 3.794303239836637
37569 5 5.889206189786601
268817 14 4.1586587393365395
63545 2 5.489437501057208
56577 4 4.393028582936209
39851 1 4.764679800040376
44806 10 3.9384156758915134
28075 137 4.967681403784825
50434 9 3.8669966503751927
35163 13 4.803066252146467
12480 15 3.0413184975018246
267625 6 4.021426080141409
32807 1 4.178639987088262
328420 1 3.970639791447325
26485 16 4.0204658842913155
37342 479 3.8511901020836707
328367 1 4.42478834976372
16371 97 4.73427277122578
46784 12 3.739754695601199
41963 1 3.581653392741626
356 104 9.461521184279844
11429 4 4.811585711632682
27992 6 4.022074535325465
41710 13 3.5652306541598904
38978 1 3.898558055700913
204175 4 4.990662794264581
265923 5 4.789080996204028
26535 2 4.2851629794269614
265022 4 4.175828375249229
64431 2 4.065700057060372
327992 1 4.828159215351333
262926 1 5.242893041095011
16941 40 4.122726156277557
133488 4 4.534396295723371
197289 2 3.9850296276719774
1851 9 4.317017775874174
36669 1 3.8277370977863594
394976 19 4.154441446455319
25529 1 4.712582187291805
266145 8 4.4195564514954695
13280 55 3.9823587067806767
61921 3 5.42027329872926
24441 54 3.4800542969812276
134913 17 5.006969734761213
46498 4 4.65492640989644
57333 5 3.713272970415827
328360 1 4.585703578245595
328075 9 3.7197603233463843
61090 4 4.20370335469075
36032 21 3.9981826890608523
31302 23 4.4215065903537205
63299 5 3.8201857698243464
133399 5 3.837796788888259
264699 2 5.638494522762757
21787 33 3.601438940330457
12338 23 3.7309209623929314
56700 2 4.669598044566722
263223 13 4.742942382004039
394543 1 4.199924258372533
38557 1 4.081220664256379
205164 1 5.259880475487687
266455 1 5.00999981955647
25565 1 3.956826638969496
14593 2 3.159949293541274
57973 1 3.815287988782126
54603 4 4.164209677189859
135737 3 6.642156931738211
135030 3 5.954585057908448
60811 3 6.866696024053557
197952 1 4.02833332245097
28407 2 4.959120477202732
43824 22 4.776146691116372
45658 4 5.068278717680956
200485 5 6.348341693870259
46892 47 3.9998348712968217
202005 7 4.01464461093112
18118 29 5.076637723234669
13516 2 4.324053323068101
262568 6 4.699301792361578
48546 1 4.552427233729249
24609 3 4.685538834136726
29553 3 4.410498566122199
27742 75 4.604222303985937
264666 1 5.039242898628162
36201 10 4.329863359136757
40581 17 3.682167413059985
23175 14 3.6136031591700677
5413 95 2.879208008038023
53306 5 3.59892629736084
56875 2 3.6969027902834135
262611 10 5.995432144717298
24906 2 4.514792614792614
202540 6 3.587383728798811
47836 4 3.3050111850109145
136835 3 4.904052572173185
266353 5 4.391167618212525
263221 5 5.200836987229951
14745 53 3.4594367352080195
136655 1 4.594452064690161
48387 4 3.8831757912794984
50935 14 5.134290998701609
57496 2 4.094044946617049
35618 4 3.76820417904055
59806 1 3.806941940562631
201296 2 3.6969027902834135
6799 118 3.669189155064908
199717 10 3.800458458614448
61748 14 5.326661104482655
37088 48 4.88823644996109
8445 24 3.5289324010158705
44709 27 3.8112193485458654
18882 10 3.65871411412268
394806 5 3.8783162465517074
196829 9 4.669194183041779
8639 1 4.375226907739223
137351 2 3.5547444623463607
377 8 3.936990858617583
16597 6 5.088599234353371
40074 2 4.086022587404249
31365 8 4.7696297735127064
135313 1 5.23401158399619
208604 1 3.9847432135247267
327888 1 4.661775815234829
394815 3 4.448025648093206
134872 12 4.859456756175111
63764 5 3.9992574216769463
47705 4 3.8554581297192128
50147 4 4.071140189196457
50004 4 3.764876605551658
18108 9 3.989586525467016
328246 3 3.790820062644886
31995 4 4.300318566811732
36673 6 4.00585888431265
12486 8 3.9367119882493813
198228 7 3.4469306868712177
265189 8 5.227497354899983
268190 1 5.80789843101009
2596 2 4.239192194492697
30083 53 3.646812801758544
267829 11 5.572251379195909
210283 4 3.4653780645216843
39468 2 3.7623679261468888
27379 1 4.635246014704142
57331 8 5.285375639417945
268161 5 6.173504723518138
15907 1 7.747715204427028
135214 13 5.166512795288435
266356 6 3.873864446966607
60220 9 4.157773571671181
3586 12 5.516058828661456
23535 8 3.011634423486633
61687 3 5.267188484351259
26758 1 5.186313157362009
43997 3 4.851692687564017
262462 8 4.228895694267628
36207 15 4.277918948345233
200801 1 4.019660762517906
28492 8 4.788577615342516
137658 1 6.016522488944493
40864 15 3.9496654288140562
53054 17 4.926676912378179
393501 2 5.53080367915128
24271 7 4.080342211908291
266990 4 4.223270498886262
57758 13 3.487328643558159
571 81 6.464040997380981
8409 1 5.069309301951391
61167 1 6.536207656753634
262473 10 5.122324475181567
35407 7 3.74037023457743
23869 5 5.8784316153562814
45773 89 4.288162084917717
35198 1 3.7114719098003723
45945 8 5.241372780101751
199324 12 3.4485196981526567
17564 11 3.805945690526425
61730 8 4.643590296681374
25220 16 2.9128212770209063
36909 28 4.717426802358983
266656 1 5.7135241423418766
18952 2 4.199615043777605
43626 2 4.333907538112964
16751 13 4.328785835004836
3488 8 4.482387656492413
205859 1 3.855140502951563
199104 4 4.063430582812181
6233 39 3.7229263905951804
40616 2 3.8114275088166725
46023 41 3.9156876756754766
27789 37 5.499606535992859
12964 2 3.746838408323002
28126 33 3.5359918565954134
7718 18 4.816371225845952
71 79 4.232415596052923
132925 1 4.621788567473091
267411 7 5.38675775833164
268546 4 4.2615528493217525
63071 3 3.835440239039377
37613 10 3.0270382665771227
29045 4 3.9387874972002086
41308 1 6.0629635080527935
41502 2 4.135698726533225
9237 7 4.0178718009064465
21260 18 3.8127585828856647
56112 2 5.201086304053241
48832 265 4.057471107818816
46781 1 3.7736725808400684
39826 6 4.8678642100819
20679 2 3.6915146001488615
396106 11 3.93213008255229
265876 5 4.49707809714347
44418 5 3.7914511363079506
206906 2 3.8901131315532367
29727 4 5.4290659327142485
138241 1 6.653891625615764
32702 1 3.9873912342222195
208398 1 3.0067817538029797
205941 1 4.931005224023631
9930 68 3.3596439882668117
55527 1 3.851222598895417
60149 4 3.628093209733109
50926 35 3.803120864451637
43247 24 4.232428410570494
328448 1 5.337981131694286
263756 8 4.806864261505207
16583 12 4.032462436845433
264892 10 4.111095393391945
28118 449 3.7711818856371897
44390 1 3.82553191439746
266938 5 4.595750695893376
36064 1 3.811460523299604
5702 3 3.807616964260858
262476 49 3.67730053600827
17476 1 4.000656074395571
17167 1 3.9874668200120906
200460 5 4.551603908322713
35301 1 4.498735922107771
134623 3 4.001257627644397
201748 12 5.277262838439909
206669 5 4.090633270649096
27969 1 5.025450552178663
49167 4 3.6392392952163553
264387 4 5.8080780626764
51862 20 3.3481801662058426
49561 5 4.548260173282081
136855 3 5.498154006767961
36864 26 5.182119724034425
56676 7 3.8159851639063183
263167 9 4.521528250550247
57929 1 3.8214638536067107
27357 54 4.3378447404749645
23665 4 4.092145417476229
133834 2 3.6692881523238663
38394 113 3.834096603016646
22421 4 3.801939580745286
395206 1 3.957274724679151
59731 2 3.686093338676597
38438 4 4.84536143953038
15992 5 4.691309902518167
59768 1 4.5421847592290945
12594 6 4.399830353366442
200506 2 3.929871611423783
263999 1 5.202488105763968
2799 4 4.756349160994238
50415 2 4.266235732966565
58414 5 4.52075103584507
262756 35 5.198838274006802
267650 3 6.553814038528595
207176 16 3.469144684201986
263117 6 5.568650293572205
262151 1 4.761837536968899
35663 2 3.547927196701823
268824 8 5.251619286325739
134642 2 3.779414693912087
57508 4 3.9828848766850857
267996 2 6.0835511210653515
328097 3 5.989323717460515
268177 4 3.911596781650645
29449 3 3.206146159469888
266345 4 4.488783514437411
63135 1 3.9071205944579126
31643 9 4.427158045508479
12842 17 3.7254489000825624
19804 6 3.61536794398966
6527 32 4.47090294618351
200687 1 3.845706593907554
56339 1 3.6721568385433936
38470 5 5.450850393541007
200722 1 5.038742881643922
202781 1 4.336225839854054
27779 1 4.74528405244333
5486 2 3.7622453404556615
32969 3 5.206146323933659
137276 3 5.409232594586002
60256 6 8.539431820628272
48298 11 3.9903923720656334
37051 1 4.745640939777799
63916 29 3.7072395040614636
264299 6 4.98349584494139
50798 1 3.243055555555556
207168 2 4.278839787290634
134896 1 4.240969569451712
12217 44 4.198845800989515
328425 4 4.058212163650865
135797 1 7.005990868889063
53186 6 3.941135135891907
21771 1 3.962051065201059
267218 7 6.536526832687004
6984 32 3.949624844056374
395766 1 4.165398068452255
11745 3 3.888465849685786
12406 18 5.1173402771857655
45015 6 3.5869282154047486
53652 5 4.637015493063596
269533 7 5.3577700493753
13635 4 4.312452881170579
267418 7 5.873852947639362
45881 6 3.87316467254301
29868 1 4.4705944521016825
37410 58 4.599156774613397
265570 4 4.8356416628249566
60531 2 4.486176640461398
49963 3 3.595443097151217
202945 3 3.9019285931953065
43343 32 6.749704758146914
36079 2 3.8129804016728635
55383 2 5.605265559865715
204305 1 4.610601707748327
48205 2 4.4038792360858885
60580 2 3.562931664341439
394731 2 4.710549886161111
9902 119 3.5376831816829912
131410 1 3.8907534644414
208591 14 3.0050336184287043
27334 2 4.343010802419405
26727 18 4.478734367136703
29194 9 4.662626812567693
56351 3 4.102068886431958
56048 148 5.119839767798903
397432 3 4.772648053736744
133815 21 3.621947131983172
28224 72 4.454420163515414
27565 3 3.8243924942501053
12611 18 3.724960251993122
44153 1 5.311423400495895
30346 4 3.9287850854588853
204454 5 8.924619150266055
21236 13 6.722967240217915
50355 1 5.297745184496337
14288 44 3.6569394290224286
15810 11 4.052327501921935
198203 19 3.492352413968658
12541 100 3.8683533113758335
13021 1 3.8548682201908013
25369 89 2.9269292020313777
262762 9 4.498297454438823
3724 13 3.9919782360026965
198685 5 4.063540651789207
4741 50 3.842859827752702
61817 10 4.516200480344326
268349 4 4.912783474587337
206559 2 3.936875555426243
42946 9 4.079234775855135
21170 1 9.003220214377851
131127 18 4.607454559309485
36069 10 4.307467969051958
132885 5 3.74909625529656
35653 1 4.55941752251276
199320 1 4.155622049253187
41323 1 3.7682992288774035
48332 1 3.854652102463162
198847 9 3.7550334152929716
52566 21 5.704492261711565
266752 1 4.751677175958479
52594 4 6.687340839792993
394634 2 3.7682940667265434
10964 4 4.991320173421676
133255 30 4.406332316246952
49694 11 4.102093782656578
18915 5 4.615439516693683
43140 10 4.558728411434286
37194 1 4.366378234235377
52022 6 4.460120613767925
24252 2 3.9487405655325265
53533 4 3.8652491181791437
267320 8 4.305469447081329
20201 3 4.60773066089696
51290 14 3.3135908563269165
59880 2 4.391779563760049
47176 12 3.4830694903630217
137124 4 6.014131703302475
61455 2 4.3273933952531465
204847 4 4.714363570641892
32160 2 3.0206568733819834
327933 4 4.792495683569099
43612 24 3.8775347200146904
203744 8 4.523766099953877
56046 445 5.21290329941827
26704 49 4.718755787641368
12344 2 4.36265220053081
209218 10 3.347400840316452
269799 3 3.819547655503124
19615 3 4.533394797549631
1136 343 3.5568962052192035
48739 11 3.4299525219987728
63319 3 4.3775112398624305
32746 12 4.4415170077343005
266288 2 5.808334128849987
327855 1 5.04517854887313
197187 1 4.640320436474985
38406 133 3.832785753421132
133355 1 4.894396272693642
203552 1 3.959291060594096
208718 2 3.9555947961756655
268973 6 5.599379732773069
267656 6 5.749214741708336
6836 6 4.082980157540307
203612 4 4.245992009229312
35388 2 5.063856458081615
269352 5 5.485804086578629
266832 2 4.575166970455664
18191 4 5.215456311263412
41919 3 4.58091037076256
200290 1 4.806930304688924
57101 4 3.6468718249387835
266928 7 4.427321193954801
37125 11 4.764188872543246
136920 1 4.777067109230203
327803 1 4.255614315138125
52806 1 3.977306425226387
59784 3 3.8224751688984138
263126 6 5.297501424829136
268342 11 4.592839787310177
12066 83 4.714745623249308
64018 10 4.531559167995995
2036 1 3.9645233519830003
133391 1 6.201496562158044
52055 41 3.823192303216788
53026 1 5.3147187149650215
24740 3 3.703685224998589
19817 10 3.9092211348810495
207250 1 5.300075213216332
11623 4 4.691559941748578
57587 2 3.8052906526756707
19236 11 4.359909610153354
33394 1 4.727787150816709
136515 11 4.127120729068055
205238 1 4.270944456789392
21447 1 3.817035874178731
24999 1 4.72793615486854
30706 2 3.802074159641217
40555 5 3.025538370476479
263507 8 4.094584426435786
198115 2 3.8586905643107396
269353 4 6.5665886202088215
61487 6 4.7287376126723935
265426 2 4.436518942989722
135224 4 3.636523030461155
21233 2 3.732086171163525
198418 2 3.866513278872422
41007 11 5.247922569339357
27967 10 4.9255884244024655
327776 2 4.377577407813485
269204 6 4.477680221700787
54225 5 3.010459224209156
29190 20 3.8837711939406265
14182 7 3.9836787249307113
13978 1 4.463658916343645
60340 1 6.931119673976817
396290 12 4.0395153276968
59738 3 4.470047317013875
43212 10 8.288004863427979
62763 2 4.5516712379615605
54244 2 4.562604278253933
46670 4 4.042835872407357
43587 1 3.8519575300105253
269284 3 5.196236801294707
138293 2 5.006667991589994
37667 2 3.7869832863688466
61681 6 5.302595779684374
17877 26 5.224704066542941
397247 2 4.353267619830591
38365 319 5.284790847118814
53945 1 3.7524026958263423
40610 3 4.251930876093438
12516 2 3.5155652412358513
47688 4 4.570485014711691
265518 2 4.202129409714077
28305 15 4.403964526989279
12874 127 3.228510549350259
269736 6 4.29060917419111
135798 2 4.947218490110458
15215 5 3.8201190381293193
30027 5 3.0101386087807382
52154 8 3.9584122697616144
60552 5 3.8950810567605108
22870 2 5.114204128848409
134316 66 3.599285306889218
137136 1 5.568513420001516
206776 1 5.897843854994163
204344 1 3.6787555910334877
55684 9 3.665284738023911
199451 2 3.821942475399833
203448 3 4.636715051461596
200802 2 3.876768212799319
56508 1 4.2288325207392035
40749 19 3.685925211761907
57217 3 4.043526919902686
19674 3 3.7811494252873556
263771 14 4.374681226008148
58907 6 3.736306911886942
135629 47 5.139461205215535
59970 4 3.358511302324888
202058 10 4.432902795727497
203876 3 4.489707755859275
264232 2 5.2692909288118175
262254 32 4.489694386592043
35798 2 3.912824302918421
33218 10 4.28472383956415
26169 2 4.181115798350821
57392 2 3.8523739819126166
53979 3 5.387945032262796
37570 2 4.789833581359004
267351 5 5.921154697935341
2015 8 4.002883582564425
198072 1 3.8417730619041452
33686 4 4.348784694186583
55261 2 4.140842748141599
32774 1 4.198481256929532
37623 7 4.088577821321853
26001 13 3.8456684317679257
44454 4 3.9671913677807593
46516 4 4.268088215851494
263676 5 5.262741475904546
49990 1 3.6417356763995423
328180 9 4.4863968280073845
30628 1 4.009183124595715
203434 9 3.8429787080360436
269301 2 4.012119131841141
40444 6 4.460356519958784
37452 3 5.618790303118148
48664 3 3.7716123405579616
202171 1 4.718567521170427
132890 17 3.7257183990091827
131377 1 5.036075062386379
197858 2 3.874361668558998
59365 7 4.788181020737691
62208 1 5.348123585098375
265103 6 4.160618319238021
197558 7 3.9525417762693755
8551 3260 2.938701426402235
37598 1 5.551198967884174
45767 4 4.283717133806928
136412 3 3.9169432176908274
9192 9 4.39836413496854
13653 2 3.8971996153786868
201630 7 4.82119064742224
31424 24 2.985114557713245
131783 3 4.203955133767068
197561 2 3.0077049633300987
263439 12 5.543223506535975
139192 2 5.2931666261530355
132165 1035 4.051140127260565
198514 14 4.329144354620694
56631 7 4.732297261093565
135469 2 3.8210288999769753
15734 27 3.671156041416275
11396 13 4.142872459731374
46552 11 3.8954563323310665
262296 5 4.551024137319017
30936 4 3.719453676581759
265710 3 4.875860514588631
59767 4 4.440782127699707
29329 12 3.5831087360515337
206495 5 6.9701149112197704
268379 6 3.8931219318874546
12840 7 4.765052121252338
199427 1 3.7049635547331397
21151 3 3.779496670450201
48642 36 3.6948085755609736
13535 7 4.2301369507001185
266253 7 4.240598683225822
205117 2 3.8434991416587727
50460 3 4.898823571891404
45289 14 4.998451787880855
393546 2 4.364860219717445
41054 6 5.072055882468679
51016 1 4.187563383876748
39095 6 4.524252442005289
12695 155 3.183710481927314
49370 2 3.81036140469638
136082 3 4.0572254473026925
50177 1 8.919637450671935
198614 7 4.524339542181946
44423 1 4.849855964141677
28567 1 4.76684704628978
53075 28 4.088416394234953
25650 3 4.241956502065948
201878 4 3.876624626180015
29874 5 3.8783896612469184
24783 9 4.1179794610998375
46533 1 4.18091695174618
393454 1 3.961369192744224
265840 2 3.7958461397589383
60516 3 7.022431303762763
137532 4 5.555175516155216
34241 19 3.6813413340105514
135400 3 4.304619388093875
201084 1 3.885300136988699
16739 10 4.3260336668469925
17870 5 3.9534849908966243
205844 2 2.995878776273406
262747 5 4.299148800248538
43103 10 3.7828432600546154
45430 73 2.954222057352584
30567 1 4.770352494765466
30588 18 3.5691170828545844
19516 2 3.823639654129088
29802 381 3.035031450030363
30335 2 4.222075713389568
59533 14 3.5870261484173396
19192 2 4.784479850282888
208018 1 3.8555085901145003
47002 4 3.005279303014728
138294 2 4.618216279972233
206926 7 4.173120433358529
200361 1 4.551752030475435
23698 0 4.0
25206 38 3.960306918859725
197308 19 3.75471413150812
4782 16 4.465116461903906
201514 1 4.9028215995189885
267609 1 4.828096328958398
263970 2 4.599716521141911
263578 16 5.057236181352193
53610 14 3.531781744205815
53930 3 3.84212460154904
21277 59 3.549754186027276
1458 3 8.47036101860854
201730 39 4.079977580506559
262181 32 5.205805456250505
26565 1 4.014928368620637
42630 1 4.687690418406153
203148 9 3.4748829971387116
206092 31 4.561224413657194
210131 1 5.076718255289684
198181 1 4.15371072526472
267798 13 5.548527536795127
58166 1 5.005722716437002
31646 1 3.939047989047989
39405 41 3.116942649418524
60025 1 4.018459171052241
265865 2 4.761608188838289
4185 30 4.173057451028582
13105 25 3.996639223363443
1348 11 4.963918002846446
25945 3 4.3674625886832565
13000 26 3.4585083200719375
28244 19 3.8631680292349353
47231 1 5.16553339666819
8422 37 2.789427300253546
268336 3 4.890056641856738
23615 1 4.489752046894903
203058 17 3.796089021079102
20803 14 5.070589897620681
205010 1 4.3775165948811265
25840 6 3.7775246722292803
268702 5 4.844828375264327
48644 1 4.781162113213629
262980 9 4.948046626267356
38843 50 5.060176845546311
8015 12 3.4470453172005966
200657 1 3.9037593657409326
132299 2 4.761789488145194
52544 7 4.574627644666174
20860 230 3.0841694655368506
132208 5 4.951959545084814
204370 1 3.8141087728507768
54415 6 3.077914357626187
265786 1 5.663975201044167
35074 150 4.682511830942822
58059 8 5.008212025157839
203999 87 4.062314125776718
263054 9 4.854680114830408
52492 16 4.492625845878817
19113 15 3.9905565811066337
50963 2 4.406307116449945
51892 5 3.5412543363538056
62965 1 4.199615043777605
39961 13 4.349282287662233
28152 12 4.206652026519502
41316 1 6.732329630277085
202486 14 3.9373605519709285
264106 15 4.748189562387175
136288 4 4.59035884852607
201907 3 4.033997377467637
138470 2 6.34591269526535
27566 6 3.357193360976209
395825 1 4.621390828656838
9881 5 4.340572017268445
7203 148 3.510561088726019
136958 324 4.365651344881348
6893 10 3.514416287825798
24143 51 5.041829157154449
55824 216 5.182930745746198
267421 4 5.486996334606746
38582 1 5.356423195715068
43911 2 4.732011040325988
136880 3 4.799346739300031
42781 109 4.6754661988809305
493 12 7.491562067609111
131998 2 4.489659704235807
6966 8 4.034374571742113
266746 1 4.559083066176663
13773 7 4.506550081339831
328399 2 4.442252910733503
34999 3 3.8103578547141304
208816 5 4.531262005965876
46313 14 4.0357407430183585
34738 12 3.9549656183977397
206384 1 3.523105929884984
7098 5 3.8836606027866973
34309 15 2.7962428374020787
15713 5 4.672323226556969
204648 4 4.5708920941943765
54381 12 3.6979136875630965
132978 5 4.609458575787473
263446 1 5.910537902163518
19923 8 4.552930614995777
47371 1 3.947609755872015
30280 1 4.692683464452691
61094 14 3.651517893493912
22461 1 3.999505012385745
28647 17 5.846036129026338
20414 5 3.810479082250839
24914 3 3.9014326010682745
28414 34 4.70988913845025
265104 5 6.052062737539254
20391 2 5.453101192731734
18696 2 5.336286085219257
202241 1 4.290978333835477
13764 1 4.034680745851216
268797 5 3.886866457328354
136857 2 4.297352322007494
51963 1 5.525462621316744
27965 1 4.85530670346044
35073 3 4.346072530736666
138353 1 4.895331704738143
269430 3 5.030336174576827
57910 105 3.7107293709192417
37077 4 4.889670933723185
50626 5 4.473017122541193
198785 20 4.191296792718186
20976 1 3.7459780972917267
395478 4 3.0027013609174964
58208 5 4.062329661060054
53110 20 5.285631145453197
135607 54 3.0208129534999975
263819 2 4.579362568648283
263710 2 4.857136488103903
32957 4 4.301854578433281
200745 1 4.283660071913634
209027 1 4.138032263322505
267111 2 4.613047314757119
204274 6 5.236087425138452
48957 11 3.7893811661758043
36801 17 4.0707313534777025
48847 18 4.783394151379928
13878 28 4.636557530386797
5713 99 3.0449619296494808
58953 2 5.77674046040351
23910 6 4.315877933857078
18233 18 4.079671005918413
327745 2 3.8133028777547047
263511 6 4.3787382966722435
17294 3 4.876620851809772
23513 2 4.196385069617398
31957 9 3.015494855010007
5474 5 4.926984959584878
14444 2 3.8056255212813093
42637 1 4.372505206433779
19529 6 4.238960976949803
45858 1 5.816744416867571
203865 5 4.429735768378069
43444 3 3.67769531347862
9968 5 3.9173820337730545
58692 1 4.714939143519653
328405 2 4.087055937092341
203322 4 4.777647299700212
26868 2 4.888157035244016
62986 1 4.466012406478996
132611 1 4.976554490592165
131613 2 5.576785616545469
263739 6 5.044307639768526
61268 3 4.556396887133893
265364 6 3.890944467007503
381 1 6.473322175908383
64283 1 3.9440380614962587
29144 7 4.639559803407007
44742 1 3.9322110780783803
35180 7 3.606024429518103
267534 1 5.329332158524705
136008 1 4.375584040843413
32043 2 4.353655745823233
327869 1 4.838241089245391
11650 7 3.007807969420379
23074 36 4.901292265957631
56693 2 3.672719907727204
9078 1 4.75570714008214
26305 11 4.086010717561776
393631 2 3.64497593188897
22639 58 4.230645542471372
38772 7 3.8810278739790154
57872 1 4.4318609851347945
57957 2 3.7586999141615176
267182 4 5.422679124971793
50230 1 4.602774293749716
262889 4 5.0411082146934705
36073 2 4.055849253052237
14291 20 3.9891437848084155
264531 3 4.5619869875665
134621 1 3.9275365217381415
137125 4 4.5792907911566205
36157 1 5.196893955342231
210013 5 4.939541631935948
41718 1 3.8269377059293026
139479 1 5.2945061264216475
204324 2 4.682302981849895
25853 18 3.556121180964309
264237 7 5.440874013605539
27884 158 5.119904475744953
135777 25 3.604217145544447
48711 6 3.5851474615632704
21106 1 6.964010119174121
136480 21 4.581346585145933
8817 2 4.962209863819934
395492 7 3.9820359373921255
200152 1 3.8268301172885386
266818 4 4.853173304186235
43378 3 5.559653956832825
268191 5 5.07850980096551
34538 2 3.8109902889563148
263655 40 3.8747479863544205
14027 4 4.065382048982279
267117 6 3.7901779127705026
266805 5 5.168060394538067
202210 1 5.467788824931683
13767 105 3.6625849338330623
136131 2 5.398656081876526
262946 8 4.007525867742866
263986 1 5.9494499610748575
9455 26 4.755989058789501
204485 1 4.420503093269924
43652 3 4.610755754915566
19750 13 3.4364850940924443
198569 12 9.375290952780192
39022 2 3.808643460944964
5669 48 3.9312846223307982
52642 6 5.231217800939306
26211 40 3.9981934037341227
28598 66 4.242201258123932
46401 15 3.7707460759897717
52674 10 4.0632040193064
393952 45 4.64561473925105
28323 18 4.249550638704298
30104 4 4.466326032961279
135739 22 6.009630361102417
23487 178 4.0020039808026295
51216 1 3.8402957978063017
44738 1 3.957912068165644
131386 6 4.21464890727135
20377 6 5.161928557449199
55080 3 3.915043730111351
137339 1 4.339315419422151
56606 2 3.8997210801947686
197184 9 4.046476930451027
32948 1 3.80973364842611
136096 1 3.637801265510625
137550 3 5.574160156865589
36329 14 3.9389396407834285
265990 3 5.025683112363747
206283 23 4.0165956098169024
209418 2 3.8559843450416245
210282 2 4.678578423624508
397021 1 4.588727321756879
136712 17 5.741160226669763
135242 4 4.645059945112466
62248 5 3.83416163220185
20154 7 5.463368379140356
37025 3 4.388183249427091
263028 4 4.786287812515344
50584 3 3.746234928395252
133045 10 3.8171738089728184
262469 21 4.049831811573587
56545 1 3.876768212799319
57826 18 4.54706025522832
49513 1 3.622461004603862
22772 9 3.2708404241316464
47860 1 3.9847296338892977
267555 8 4.691833138114464
48656 1 4.684074591499977
63911 123 4.237329035202291
18349 1 5.356423195715068
42943 21 4.950210633105965
27738 893 5.1571335464648405
201390 1 3.8397926187371816
50583 40 5.003984485294497
17724 20 5.5736201541322306
12773 5 4.406204347381662
40604 3 3.03675698014936
131150 6 5.21879214024418
198238 1 4.677960990731391
328093 2 4.076435843697749
131414 5 4.23548222337327
328185 1 5.900679653087289
138346 7 4.867566001325832
136298 2 6.686434310839073
263484 20 4.015315360038676
28210 81 3.742524199072928
267426 5 4.636860815829773
51351 4 4.647716500897417
6045 9 6.469835404076329
61906 8 5.389157319024592
50051 1 4.2038632403206595
38040 38 2.7160361509473376
54212 1 4.8770677926342945
25446 26 5.370958010971888
54563 4 3.6622166060910635
137432 7 4.761077997641427
24904 65 3.0428499353268252
31445 11 3.7727940920693777
62020 4 4.067076575339889
44419 9 4.400506461455759
64065 4 5.086464068193878
269272 3 4.458290109031602
21057 27 4.006898502341445
45017 1 4.495413997419009
265331 2 5.600379543020284
45245 29 4.611853237813517
56465 4 4.620594113432443
268550 4 5.28602102924526
136039 7 4.232847389360535
49041 1 3.851353163530082
135357 164 4.1170285282847345
9892 30 4.219602484755628
26724 13 3.8177147980186925
27881 50 4.513715571695207
200948 1 3.546972824353777
41012 8 4.020335576590303
134942 4 4.933324887889213
14244 50 3.8145286150593862
231 5 4.883606205952728
33562 6 3.837856342371295
2675 7 4.814223623293678
50353 1 4.37041064484891
34927 26 3.2089581960527767
205962 1 3.994269133306808
201563 5 3.5445307074505314
55932 2 4.671341027330126
205057 4 4.267250639572069
32562 3 4.645661275448914
10326 8 4.258556125464823
37549 24 3.7988802093258647
49732 11 3.9299995682582525
49306 1 4.757247831928003
395009 2 4.718488227378404
38127 8 4.58903889880556
54290 72 3.5047371704981094
59011 14 5.07459031533532
265225 5 5.652693898085162
53107 11 4.632245229009422
205981 4 4.031370664756782
57091 1 3.7017140578064955
19107 31 4.155373221755655
327950 8 3.675157968658792
22283 21 4.084142245403707
45708 8 4.1356097607651225
19014 2 4.301185108873665
46406 3 4.769073529159702
199769 1 3.7634884061151346
10732 9 4.1341232813916715
268217 5 5.138410457503672
48601 1 4.317195650599012
208660 4 4.1926457008126645
38277 23 3.801706321553911
327848 1 4.863566006319077
10445 14 4.766606048637412
10975 34 3.760035123582159
56366 2 4.340106959566378
269359 4 3.739738876965262
209358 1 4.442186345875319
268720 5 6.976361254038482
394011 2 3.5040975816064566
268166 3 5.950146756032283
198639 1 3.7026171875925566
22239 3 4.100675526725944
36131 31 3.8028771676940365
21438 12 3.695873444959149
50763 8 2.8666445590116516
17087 1 4.199615043777605
35699 98 3.1822980745680987
28526 41 3.8384877772981514
46347 9 4.3678483882013985
394256 8 3.5388217936118016
52767 6 5.315914921780599
132850 4 3.706979607327081
199226 2 3.5425547020970507
137585 2 5.556420499475908
55437 2 3.959668666621378
42225 1 3.6355687574174973
33138 7 4.179322090350869
264913 10 3.837071815622171
266645 1 4.451563650672604
12680 8 3.5443341295624977
63318 10 3.66777472994089
49719 1 3.7902548250005204
21823 9 4.760013506442078
204389 3 3.6992730840882797
207853 1 4.4091867933204565
43599 7 3.850542278546668
265386 6 4.745411429746509
268064 5 4.758182127144032
48592 11 7.748815772369996
28137 21 5.120215776170898
23385 1 3.793332401041761
200739 2 3.6544978882683807
6997 1 4.462364796001905
205837 4 7.2496621672054955
199087 2 3.9832092649042643
32270 4 3.5374998640673576
32590 95 3.3269179366914354
268033 3 5.849854699343605
199991 1 4.816311691737537
9310 76 4.102849079576119
135768 4 4.591564983931932
59889 1 4.948977501704077
49472 10 5.603950968325137
50268 1 4.449597616824508
38688 44 3.9404666417470744
26365 2 3.8276452880944407
48676 4 4.530800762173518
18687 115 4.612307286879771
58809 3 3.8914598659619424
264458 4 4.150604836180413
29384 20 3.9315796051708674
15711 3 4.381778022253657
6157 39 4.201449684791056
262666 3 5.578057423699071
268034 5 6.0691477809587475
266208 1 4.335020252507938
9853 17 3.9397216299603524
58553 4 5.006222161720568
17234 2 4.855105812687168
135385 1 4.9554494107848726
52573 34 4.588224848714145
263464 9 6.769695379503855
266216 6 5.177298444309237
55117 3 4.890144652894709
263836 4 4.115856775821278
138716 2 3.706086726216113
41546 1 4.793340428956192
29886 5 3.925519306153231
202709 14 4.384535290100747
206077 5 4.646935790109343
57206 1 4.894953723525153
393877 1 4.115916156927913
1342 17 4.5771829423764006
13915 2 4.72239143170001
30857 11 4.5477682179781675
197326 2 4.331476692661381
13625 3 3.3240211985745898
46569 2 4.19979673731478
8475 3 4.450694009545187
57901 4 3.767164821693267
45609 3030 3.717362766540648
199930 11 5.002285027105996
139240 2 4.320384966791423
14858 44 4.233313141029063
132376 4 5.469993173361017
32611 5 3.6718020504999616
17676 778 3.276590841417616
48966 6 3.8436943471990155
60986 4 4.136442852501766
137526 4 4.705746413165207
43362 16 4.150760897294397
133814 3 4.001325439579297
199557 1 4.696074437292623
517 3 4.516924088462203
394005 2 3.8059078347135404
49125 5 3.6642039827958515
264951 7 5.714787143023167
202119 6 3.3453287386368746
28151 13 4.084666227170333
43812 8 4.476221414232645
203936 22 3.2692590592663655
37079 1 3.7476254472705115
62287 29 4.984895292684727
