9794 34 4.902004114155737
393995 1 4.995180397098865
205818 2 3.4363016085001696
27775 304 3.7887485803365517
56683 4 4.041645616175397
49595 1 3.8514774992885594
3786 816 3.243938204987656
27676 8 4.988845531500643
266367 5 5.368538639454424
34177 17 2.7193639542879935
138331 3 4.253293923674947
33796 3 3.766128181611964
207257 3 3.889408263420482
396560 18 4.403271804084747
28417 29 4.606614290349174
54288 48 3.046887603211074
36365 2 3.812433892073199
34491 1 3.71919901002689
23148 215 4.140713518957787
18365 6 5.450932200071353
131182 4 4.9054020152522195
60407 3 7.500259083987181
41753 1 3.943328155885759
27714 12 5.601571521019617
205680 3 4.013979252429825
263351 3 6.3841739877396195
14008 2 4.346733293161866
60250 1 5.331873218917554
22819 3 3.911199645214088
205820 7 4.76094105465538
21938 5 4.939088568513641
61732 6 6.037099356995754
209909 1 6.425838711552998
134214 1 4.565046546406918
64008 1 4.003246141849465
263547 3 4.46904859336506
26100 3 5.314862280356648
53243 10 4.8640582103221375
134264 10 4.395984571952567
56568 6 4.674308385783719
269464 5 5.4185589597576875
6876 29 3.2062702493792195
10965 14 3.779205721505725
262679 7 4.612832370635886
60289 1 3.8496459974570576
53910 27 4.293601242766373
3456 15 4.350739919562788
9649 91 4.64096195922043
137726 1 6.429383533133532
200967 1 5.010583064080602
59048 1 4.993820146677289
394522 5 4.743854727407557
200521 44 4.672163042509977
3640 10 4.78809460824309
262554 2 4.585825051863881
134556 1 6.016522488944493
268665 8 4.231868804647557
46259 2 4.375852117035442
15848 3 3.5841918414168257
3595 10 4.41256687542431
265030 9 4.477421882740481
131779 2 3.6430560319097185
22243 2 3.0351366247167526
46456 13 3.669834682188945
136600 13 4.315874816284482
32833 2 4.100101613098329
44196 2 4.256087770406326
133158 9 4.490216688009212
31095 1 3.8388477523493494
41877 3 4.5799186965456835
8282 8 3.013391055072945
40393 16 3.134087170677184
29626 2 4.076586119768179
264966 7 4.630462217342701
138350 1 5.57527450503641
15006 1 4.175474105350952
41176 27 4.491014330401315
27673 4 4.692480099319421
48641 4 3.578951781761992
264145 8 3.925811008009719
24077 4 3.7080061824166264
11420 1 3.7987168915740352
64046 3 5.258963245007985
26277 64 3.5459538725602275
27261 2 4.248374889677317
203356 2 4.52569539331933
196731 1 3.9609277715887523
264154 3 4.531852034819876
135286 3 4.675965666303234
133246 12 6.014619309394764
39130 16 3.7911692644073405
268097 7 5.921415585039812
265934 4 4.540415053103546
205052 3 3.6807158649624614
64260 8 3.8736043379058485
3593 59 4.4716679355828814
11776 486 3.5664251151394817
34 3 3.870865890065488
198674 1 4.643845155585979
7215 4 4.6538493700074115
269377 10 4.69439117184303
266161 5 5.982642775517597
135596 10 4.707557521099666
53095 28 4.426551176393528
17907 22 4.260214556913365
265011 4 5.099386105411673
201596 3 4.729111942951229
201428 2 4.449465339136933
197053 2 4.481772552710929
38935 3 4.657804512854298
63996 24 4.580528648327669
41719 2 4.7858265981418695
9774 20 3.9330420846482084
263714 2 4.165380666175697
263664 4 5.106394988394513
45769 471 4.559291568021597
205447 1 3.7933513405580763
57951 2 3.660886982158698
59077 1 5.9611857833804835
55079 10 4.395667807895088
58129 2 4.400858693102525
58702 2 3.594112998072024
11309 10 3.810768046830064
1419 3 4.191841900430391
50094 5 3.7941051449846643
17348 15 3.8411517741321966
32001 2 5.147297102945707
54972 7 3.33551785897697
29644 14 4.199709719752361
38466 24 3.7470980354147
11511 1 4.117518447844802
268115 1 5.655498366425074
265724 4 6.38928097557915
50923 96 3.0745691850517054
198489 1 4.514238894063582
39927 24 3.646618590188215
207112 4 4.6025630479290145
11221 11 3.9044565289410222
55593 19 5.375
63541 21 4.2758324988186525
208411 5 3.9264776352627653
19780 2 3.8684577725161917
21183 19 4.601209017754248
21226 4 3.840437173746467
55246 22 4.392721793083233
134341 36 3.6007918782610226
327990 4 5.958753516486974
199224 1 3.806941940562631
23500 8 4.396459827996459
59246 3 3.844476879549195
9583 1747 3.187061862020331
58475 9 4.146386140649924
52351 8 4.525109833514167
14693 5 3.9800817692008614
64029 4 4.70835435987077
266272 5 4.2724972306526166
263889 1 4.138222703222702
9125 112 3.452091824799722
52864 22 5.429543535220679
40975 17 3.74206155281611
2732 2 4.192283449575274
53840 3 4.392747317350491
8670 10 4.6576699253374185
7575 198 3.3281878819961768
56732 3 5.000776312096988
57711 1 4.071347832062118
32757 15 5.718397827605896
397326 3 3.698461943179852
206057 3 4.0045227104050625
18840 61 4.71456331635266
40193 13 4.011384933344956
64031 1 5.390641299589073
53104 8 5.124587626137348
28239 10 3.5765093824849052
53675 4 3.8208128992797374
3688 1 4.545830922789448
197832 11 3.9158954058886932
19149 8 3.8758098522749385
43783 4 4.7754281088670485
34245 23 3.087659008769968
268538 4 5.371643220555823
42897 4 4.196647416864663
266473 7 5.455255711037731
137608 1 4.605474871248682
139043 25 5.041309165852117
48202 9 5.4223691260080695
28288 34 4.626638999910505
36352 1470 3.6768672291135314
136999 2 5.683212378828372
206702 11 4.274195615693872
27285 17 4.17391945334612
53983 6 4.891207273985479
30787 1 4.028740675013967
52955 3 3.8509663992204666
61453 1 4.507464230411687
56804 2 4.344361881504738
137905 2 4.942297749494377
262437 14 5.473291005907939
8456 19 5.428692446360245
45446 3 5.271422435060824
14899 4 4.289097677223288
391 20 6.471586262801035
201978 25 3.9514899998782576
10993 14 3.2064640732564706
30463 1 3.8113820000744623
202434 1 3.9861851345044617
29555 47 5.436038305528455
26529 2 4.184009785058016
133130 2 3.7692672165091428
19987 1 5.174642446930008
19480 2 4.089347248871059
134692 6 4.3473568127612765
61373 14 3.643447786864725
33170 1 5.245129614369246
2635 180 3.277719766822181
206196 1 4.019269189157145
266865 3 4.532236714299315
393846 2 4.299982206262994
22734 7 3.8080511906421615
205186 1 3.786269583511485
200654 3 4.989532309199572
51297 8 3.861756400683597
3908 21 3.971332467821005
264590 7 5.3985557808239415
210229 1 5.667346126779624
37440 21 4.721848049076745
6661 24 2.868488451048892
39483 1 3.856933926288765
11011 2 3.80973364842611
45644 8 3.643485784977925
61918 14 4.250945023273386
393542 1 4.464198974412439
33873 32 3.8713380124839345
62412 34 3.9690166549469645
202547 1 4.735859521044974
135488 4 5.932326747530988
265210 6 3.757955750970003
266099 1 5.100221764014867
18223 4 4.054149491814521
32545 1 3.80240851011787
36999 3 4.130744387621154
57774 1 4.395098923167575
12536 3 3.799616334451499
395733 1 3.7973293355066757
198430 26 4.073641919263186
30417 8 3.7368181354246586
11293 32 4.867057977695348
266685 2 5.564896616143296
40168 1 3.940582578644977
37292 12 3.7436040077073938
264625 1 4.510809513534267
204388 2 3.91980493499381
17291 1 5.359831880094607
23719 2 4.296592562627857
62722 2 4.608189542603442
21986 5 4.01396068824671
59274 2 3.7934250929279223
25326 1 3.8519575300105253
1541 354 7.462380038973993
268919 1 5.384971039117181
46378 16 4.074689217985065
64241 2 2.9971453938995958
50071 5 3.882471306846531
18190 90 4.082805710527613
13157 4 3.400786153029358
265479 1 4.271961796767507
134009 2 6.014096764912368
61357 1 4.769104221509805
205033 2 4.122819644511618
55743 1 3.687812016703275
200334 2 3.9354953423016803
133469 8 3.628846328472737
133203 9 4.183325272457269
33455 2 6.215072500801263
37218 1 4.720178032362905
269540 6 4.257418824264302
46852 3 4.482864624799821
49534 1 3.7669405862954246
265805 1 5.1311360266349935
31132 1 3.926323862878485
268196 4 5.597141515417566
206674 1 3.795118499217466
205049 4 6.328951556197192
203794 2 4.306503550678807
52157 5 3.8465176275137076
4224 4 3.0301045974118894
45018 3 4.30709929068584
41758 1 3.7711791702805653
58582 3 4.356212798584589
16370 5 3.85882197059855
51791 1 3.811566454538805
8870 20 3.997371582562897
8457 5 4.135373296412765
21487 10 4.576780508207133
48880 1 3.989083256507919
201750 5 4.021155874342443
262273 13 4.234257006789559
27898 6 5.039298486101795
42798 1 4.653063559325741
48631 1 4.76025875237698
138235 4 5.761869051297883
197113 3 4.739662800478182
197838 2 3.8046186099833994
43044 2 4.337690006261097
393676 32 3.6476592069038296
55818 10 3.6701670332927683
61578 6 5.317445955479938
42455 14 3.3119520540031195
45577 61 4.114431818008511
265111 4 4.270362105042218
205229 1 9.384915283129567
265014 6 4.432495900879177
35537 2 3.6872509195671483
52668 8 3.8798272328383168
11167 6 4.245504144946168
33213 8 4.8706098839602685
19115 51 4.755259569850331
54261 1 3.941924369241722
265680 5 3.8490105789718596
131412 4 4.218726379440665
54911 1 3.811980744123601
263637 8 5.041080334167846
50927 6 4.379069749573927
55477 1 3.961763905251299
201890 6 3.8850158128654626
40964 5 3.820420971761085
16629 32 5.3308756205837255
263563 4 4.262420847789263
25313 1 4.450330093187236
7016 295 4.089068836373937
37670 3 3.291964485335775
61674 3 5.900508677933332
3215 873 4.018204276326829
203951 3 6.927941305940083
265740 5 5.08995792978423
62115 1 3.8223066966294112
24329 2 4.3378391486216605
14001 8 4.532955284981125
40600 2 4.19548270478942
24247 8 3.9673846744921324
203106 1 4.635165064820237
54652 4 3.120991072556897
39397 7 4.191305451320677
134301 3 6.01574273898576
42141 1 4.4617443558620025
393316 6 3.482062218473111
263086 8 4.243099510319387
196673 1 6.024906940035474
395924 10 4.314804892189609
37399 4 3.931515181106599
137934 3 5.82550770059802
24199 21 3.989582307775584
48736 1 3.855140502951563
397290 1 3.818671147012691
52169 1 3.8142556541504993
206879 3 5.637573055485804
54698 1 4.543453685826428
61803 2 4.149008545811144
52131 2 5.519971204763832
53193 1 4.5197009449226195
268481 12 4.558573896948941
51485 2 3.813950460231248
263372 5 5.676286606892482
20447 10 4.182331093160322
202556 1 4.273687631349782
138173 1 3.847126229842643
397353 7 3.8179563159660472
15766 17 3.6809263862106216
263400 14 5.89115575099451
51402 14 3.469657740715679
28892 2 4.3909064414348125
38370 312 6.2690628941589015
17563 137 4.201054168043102
264830 55 4.957013062276831
264308 8 5.610558465170875
207155 6 3.6538762027062526
23884 132 3.7343003123277376
59243 19 4.960749047996736
327814 22 3.3590551480344275
30119 14 3.6472086042558645
44910 1 5.923745863924435
267527 1 5.723325888784632
49893 8 4.643038526978391
35480 1 3.8961155380048673
132268 5 4.821248525442791
34145 65 4.34205628479958
37106 2 5.037716511999643
41996 1 3.9438457997770615
32003 17 3.787968498211232
2173 7 3.9807945436778764
44322 10 3.9248800969891215
138425 1 3.5859406686787643
52532 41 3.986282748029591
15158 3 4.202588793253817
200083 3 3.461390150690904
25403 1 4.6690767731332965
138317 4 7.012909396197817
203907 1 3.7086266662913454
263560 1 5.017897482010783
62172 4 3.9360240101760007
203004 8 3.8343429757063423
7733 5 4.199171388054445
133853 3 5.207295527406365
48275 4 4.3627674954526965
37298 6 3.8894643537354163
269013 4 4.652063578157464
1200 5 3.4189793133725757
267242 14 3.55261043062743
14240 3 4.186954447668732
17976 32 4.658377699727695
61331 6 5.474063094311714
28086 9 5.006925322492482
15248 12 4.8022580484890405
268637 8 4.408273889693719
20880 33 3.422975020025091
267223 7 4.4145116639679385
61259 1 4.602918967631121
265365 6 4.005351659333238
52556 3 5.391389493145333
17172 2 3.816646191342307
133101 5 5.316427672357621
64478 5 4.039479181491922
135376 9 5.678044878136538
56309 21 3.7668210936069317
42301 1 4.476168245075807
262552 1 4.268137678121237
30545 1 4.523706019395675
27630 37 3.223752605896241
59682 3 3.9686877769063074
22827 8 4.508275926321341
262671 20 4.374283682245138
38082 31 2.8090932130520874
263277 6 4.1833843860984326
262665 16 4.168642168987079
266475 10 4.527784433670954
50870 3 4.336003499211118
1491 6 8.47294051439761
203622 4 4.7025110505236585
3727 2 3.851291349459142
18558 129 4.835877599739706
135794 3 4.378851094483107
61884 5 5.626665033521326
10723 3 4.494099372352943
52329 9 5.575333747871296
58465 1 5.510880191237334
35415 101 3.4491792393616842
17968 45 4.333245680077485
41057 1 3.9613125088604826
53363 2 4.541842579685999
49836 1 4.730506674140214
262435 10 4.119220305271591
52533 7 3.9993407825145457
328225 2 3.7830923103694234
264274 26 4.243924947035859
57781 19 3.9044661801225042
210162 4 7.08585637065856
131599 5 4.820518312906426
265992 8 4.816473831683136
57330 1 5.454912234901651
45956 4 4.849061001149497
135977 1 4.184581283438262
196884 1 4.111099218242075
134438 1 4.525012000718874
19123 1 4.770043280170538
137095 8 4.58499996476187
16814 197 4.3917144042079945
55759 3 5.526538369730891
62627 38 4.717462254173176
207200 1 3.0130446903884973
134029 3 4.324012439771307
134966 2 4.431452702372621
34660 8 3.223378751763593
43237 6 5.679098398294827
267365 4 5.547709022221287
131258 1 4.0093775971927235
19869 3 4.859627224578783
268078 3 5.605727230789362
3364 5 4.166985731085442
44604 20 3.802948679837522
36234 12 4.106832874642732
62818 9 3.0839223312809505
207796 4 8.214233986550706
268318 2 5.296031422524702
48999 1 4.659224505653076
33695 38 3.839726492908246
48057 15 3.9248334419843975
31619 13 4.852850341774121
30145 12 4.670269280065661
262419 1 7.0
14512 1 4.766726714998605
40436 1 3.9986765749341195
133997 7 5.222593732184824
10218 2 6.357013709698438
268181 5 5.067170751403097
397112 6 5.129126213458888
53468 10 4.893879820693864
328130 3 5.694842147213059
46943 4 4.797194253475041
9941 2 5.005703247597109
200435 5 4.190928932296252
263476 3 4.574292801098114
54325 1 4.642421562199888
263309 1 4.724421738016209
53944 1 4.748162282891347
14799 6 4.603286105408332
45655 9 4.326286780008376
25164 4 3.5431900213909957
264847 3 5.572448807107885
268075 3 4.750392455906618
267020 10 5.528407986143278
13333 31 3.700874154308162
7985 1 3.803156809437598
24328 2 4.688415920946789
62516 7 3.8114889090681587
58036 2 4.553887810013507
29081 7 3.3910919222119134
34933 4 4.144240356330053
35337 1 3.898249403072202
201457 8 3.7595419815680757
45002 1 3.9779099679958287
23475 7 5.475725149196025
47661 4 3.7405762604335058
603 43 4.173254125227227
9489 19 4.862781850903432
268296 3 4.618934344690826
16623 9 3.986820677087469
25381 4 3.702777088767475
136398 2 3.868487465040979
47816 3 4.059333436083795
328373 4 3.773604604134557
38193 90 3.055885652294018
32059 11 4.019998379644913
37474 2 3.8651962400684656
134854 2 3.643329311494783
136365 3 8.007754537319398
312 1 7.487012200154647
27762 2 6.531745887123658
15025 1 4.822145253031953
135033 4 4.917523597618917
262317 31 4.262176065941176
61816 14 4.421001511706651
33387 15 3.9306103997843707
59588 32 6.606305666197058
197799 2 3.681805218276673
39055 2 4.116647770219198
53257 22 4.3576831818666495
13215 12 3.7818087268653304
51313 1 4.355884429861033
135137 4 3.8461710281664487
16636 1 4.367285913506582
8888 5 3.964411538714213
133618 2 3.5776767537520238
20815 9 4.133471967662477
22462 2 4.031657160610188
328300 1 6.465612634722987
5480 8 3.8265328657587077
263838 4 4.842182382101303
3167 1 4.715912130197844
138136 1 3.947100635125844
200645 5 7.996514001873826
136557 98 4.38870674776858
54411 4 4.001322742286725
28223 9 5.215475589829417
264981 11 6.0695708893485
35937 13 3.630364352827244
35340 1 3.7666639270245037
3925 5 4.508751942038536
62745 1 4.642421562199888
264592 2 4.378618452251394
3298 7 4.245984946260985
24448 1 3.5844620216644034
58519 176 4.155529115505837
2094 10 4.0920678141466125
59663 1 3.900081726784348
49143 2 5.546605961000526
265432 7 5.582352233093466
199190 2 3.4679747605905638
54809 7 4.804588374638882
38131 6 3.9029732732037337
42503 7 3.743923248852179
197989 6 5.335069006054759
262511 2 4.075146083278606
24610 5 3.742830195021387
262466 12 4.578549049894787
31871 4 5.033659957169379
264668 198 5.810337511119599
327962 5 4.373791809482969
266376 4 5.159269218905315
17369 5 3.8675063088208153
53172 15 4.290480213509222
54253 2 3.8711329118202853
19156 1 4.5956658426292325
44313 2 3.925937354913901
3705 2 4.364423596591261
16978 1 3.809494943115633
24663 12 3.6743270654189466
21976 89 3.6524482149716144
37448 1 4.982915334975874
267867 2 5.364101886655051
50494 2 3.7550407524019453
13346 3 4.069809642930561
45027 41 4.348245426619798
198188 14 5.0170362863905655
138893 1 3.7360298908165466
393900 2 3.8281069013111555
31575 1 4.0471363614220754
197340 2 4.071610338373011
37402 2 3.7635291482012305
34734 7 4.243060526213141
206257 2 4.372003406999719
262520 1 5.330906722918573
48277 1 3.94378122130223
47318 4 3.720414929556948
62059 3 3.5945377967122845
27810 8 4.219949753634104
40569 5 4.491884081505742
133084 2 4.713828375302732
39275 1 6.095255921063081
64200 105 4.62325398805883
266006 3 4.392937219641858
59275 1 4.722481676827325
56992 2 3.801515718892852
6200 7 4.940750619178
50660 1 4.163776637936301
138567 4 5.806838553862363
268278 6 5.1721691982647355
5953 45 6.464727801205591
57384 1 3.760154994949258
26740 1 3.8016759093852692
15196 7 4.972517993891114
42065 36 3.721201951967317
19759 1 3.809288800052347
267905 6 6.107473534685409
132201 3 4.637314379874017
266520 8 5.4274945944037825
265415 5 5.3774544070429116
267302 2 4.72888956383381
268896 6 6.051153901043955
19467 1 5.652355526247152
131723 1 3.725330490833277
264860 7 4.528766380375241
267348 8 6.30567986205665
46671 1 5.577624844193518
134941 1 6.013238416694903
47968 1 3.6358270851765027
262547 29 5.207441810836576
200672 1 3.8342572751802297
327997 4 3.0213477696283677
60612 8 4.095858176499307
11700 11 3.829375767276544
208791 1 3.7072655064251707
327795 10 3.9255583318375082
263128 3 4.650250246078083
7386 5 4.401624671371708
135664 5 4.6458946821035765
18897 4 3.046888929337066
27853 1 4.581086109657539
9557 19 4.058512043107683
136837 2 3.798658550309944
262827 12 4.860048693600183
21520 38 4.479707466137631
133878 7 4.8165389079864696
52292 1 4.507725475582619
38414 6 3.824235479606035
59249 13 4.797679640915773
2640 2 3.9522441418223493
209835 10 3.7720777013874094
55850 15 3.4354394748031245
62261 8 4.438864649417782
263820 4 5.102720412398678
32532 1 4.729516384606696
32291 2 4.543413753390696
60003 3 4.833909036769541
57513 14 4.956670295364945
56035 13 3.8386011004797376
54991 1 4.2010580452206066
268569 8 4.892988737516028
32748 38 3.4734257732929517
47639 2 3.947894886647009
4382 17 4.874195594813939
13484 1 4.833161170156243
58945 6 4.2725908252410285
21105 6 3.728819111761709
137525 3 3.907307675789728
47378 5 4.3929914978904785
1606 2 4.66057008794283
49191 10 3.8000411893590758
56095 1 3.740106922841921
208433 1 4.704337556241576
23034 5 5.408233993770569
23084 9 4.744348397941353
266094 6 3.5955199262965234
14483 1 3.7447976025069627
262610 31 4.9888325704315974
14140 31 3.1177870245476993
7150 7 4.766651717425772
35538 1 3.8630563150299992
12303 11 4.131745522829845
196954 11 3.129295834128073
55082 5 5.082469097446399
12555 9 3.36843261890483
16410 36 3.988221970711672
206006 2 5.491485428915175
52337 9 4.808130515175497
266607 8 5.262695861881452
201958 10 3.720369450409274
35549 20 4.548653560163158
48431 4 6.789744783384042
131144 2 3.9812644989579478
11790 11 5.1811733388558165
327821 1 4.401025785689651
59161 15 6.017302544755727
27087 37 9.466270740475304
27934 8 5.020998097490299
265278 4 4.1938616813670695
52362 94 5.716907999822022
200773 45 3.971867238739663
33616 97 3.051568629970986
35263 1 4.327194465587322
133858 19 4.063408183760576
18245 67 6.0486039771536495
202806 6 3.2240298766137334
57450 1 3.7778019599448167
37318 1 5.109536867420376
12332 31 4.096803586729716
7287 302 4.1312821315133395
16302 13 3.4024409216956673
394767 2 4.549452262154545
197729 3 3.846807832818353
206252 2 4.2953234357801096
267230 1 3.927461226968616
206563 1 3.8222746153192437
198640 1 5.3467826762757635
267969 4 6.165524631253892
10 3 4.144423432695409
263968 10 3.718269141687329
263693 12 6.1509253141877895
41377 3 4.073962316834103
208711 2 4.477117916622488
12037 7 3.809823014842008
46206 6 4.383824070964266
394031 1 4.621450197312266
54536 4 4.87895044680273
13018 6 4.451776168899748
32358 6 4.9865031129850514
34389 3 4.171416340296748
27434 5 3.9360396331623058
266228 3 4.921454612739116
264450 3 4.273936139128944
264750 10 4.007290609730886
267590 8 3.5910047038966364
263314 9 5.42429461685291
25256 1 3.8650470189058037
38775 3 4.553430366378236
15774 340 3.744525034584556
23041 1 4.907634034090181
51393 2 3.7106938207869895
41510 1 3.778093099854593
17638 581 4.058951447267009
61927 8 4.404105067447564
36041 1 3.623776748085505
3325 9 3.8118912068306487
201834 2 4.033062016436402
61437 7 3.8582768891163526
25791 2 3.854336201698823
8790 3 4.073875282900905
267738 1 4.727339947632337
269121 2 4.552479544720923
27953 137 4.74699224914192
38857 1 3.5906128483509434
44931 3 3.873438857912119
209755 1 4.626089526719779
25076 1 3.6930224456932526
138292 2 4.605986986988503
52508 1 5.033481158745388
269515 7 5.623758519646286
44041 2 3.5002579557201408
39797 3 3.727452392220189
3454 1 4.542378520949949
266863 4 4.752707334321837
24129 29 7.275673049680823
133438 3 4.9775979443808716
42283 1 3.9026065705868653
203931 1 6.175459525764329
7030 2 4.307730981388618
267010 3 5.151581604428027
12521 11 3.9399231436466158
44090 4 8.155178636039258
268345 3 4.508788085843585
36935 415 5.606665800968041
393337 22 4.507822593072161
264618 2 4.869548056939268
55236 5 5.803571054014166
28429 4 4.387495890713327
55707 30 4.687727123750756
10986 144 4.615419993967594
138587 3 5.630226480021226
266579 4 5.9630518928025085
15716 3 3.710096146375969
132142 6 3.858475980871383
26512 29 3.787873646061877
135523 20 5.344529148752841
61999 11 4.61667782263703
16128 5 3.3066037761926546
34434 13 4.168821618309065
203364 1 3.7836055899601955
264114 11 5.91369768949874
32421 30 3.8175220438839648
202139 6 3.652185804750426
27957 6 4.821029148277408
266759 2 4.79403430234387
60188 3 4.070523689010169
56420 82 4.323465195642185
2560 7 3.7998959814311215
47116 5 3.6588183852342513
40718 19 4.083900695014433
16766 1 4.24741513974683
266309 4 4.774971900932493
9800 1 4.858954708660756
53659 1 4.67823801570928
55048 1 4.481669423442822
205172 5 4.73980308828774
48855 1 3.7830929652358223
10297 19 3.628768974229782
266973 6 5.018320939270977
17728 4 4.000361186066799
61723 5 5.921476847929893
43115 2 5.165473235986577
58042 4 4.6546428604455965
42936 3 4.880297624678543
61785 8 4.476327075249214
60326 1 3.9481050407465363
262755 30 4.823467754797076
25760 1 4.149203699359693
203469 1 3.6851750127660488
45346 1 3.8191021060068677
328126 13 5.103585868277591
54735 10 3.944593814747739
209890 1 3.895007010133667
135934 2 4.660117001863073
32058 9 4.167569160555449
61502 1 4.973438599565476
8226 14 4.837165153619588
51416 1 4.699406413692128
42434 1 5.0
134326 15 3.6100615405575742
267361 7 4.558400751850395
47168 5 4.241670203960934
133797 10 4.257581500162976
50092 2 4.025006849923794
327764 5 4.8457068267415755
61232 16 3.685702408151299
12356 1 4.298280530738514
58014 2 5.0263799040583
134079 2 4.969245635860117
137415 1 5.504002180693478
45532 5 4.680997426769956
302 16 3.877379253612871
56601 4 5.175915920748658
17516 9 3.7811346382334854
198819 1 4.388102334951075
262642 25 4.6212890644685745
200424 4 4.136514223664084
20171 5 3.8637347144968275
49316 2 4.041338408561911
45259 4 3.660512323090764
263515 6 4.789269286108826
21801 3 5.3345862262775245
14443 2 3.813704131454779
23949 34 4.894232364670019
202504 1 4.748869821046759
13429 3 5.336296809088957
196977 1 5.343062636841439
41273 1 4.487333722702358
63731 36 4.283905656020364
266016 7 5.959994971854554
56667 12 5.117041642047853
207767 3 4.584422793811449
35529 1 5.659347883157407
202401 2 3.9844736277336956
395139 12 3.840669833481768
269149 2 4.79702720115403
139780 1 5.0
22751 3 4.146582788285197
327705 3 4.8499019123522755
32452 3 3.988646182781874
11277 2 4.178123611708427
18904 1 5.324891242338869
42920 1 4.694365951508809
136258 4 4.299093532375831
266207 4 4.058818895140838
18625 3 4.918939880061089
31035 1 3.717426416267332
268256 4 5.208388483795965
53088 13 4.384225829091686
134147 3 5.835705739293363
395918 3 3.978124912075612
139793 2 5.271023024759665
196961 6 4.022764020651558
23888 65 4.228436193745146
8290 4 4.897425018088506
264718 4 5.1418558259061795
13115 5 3.4621298819507715
11413 1 4.045951037550321
131373 6 4.630388871415356
34702 19 3.0219707407445617
138995 27 4.4228907065900005
39547 1 3.8703056203056203
20647 11 2.857862653509188
133919 17 4.627881591448714
267746 5 5.6481887056817035
49710 1 3.7610167963773726
262653 14 5.446468906289421
43948 62 4.2128685917793325
49826 5 4.852020588435077
263900 14 5.485368515301773
132351 4 4.355169460895229
56434 2 4.072067936198863
8362 69 4.170500884207167
209473 1 4.490727792859129
135569 1 4.528016663345599
266538 6 4.138418393679497
45884 4 4.597504036003782
198773 1 3.819304974354235
58511 11 2.8366066506681893
9121 8572 3.85252903049567
207075 4 3.8106463950294316
133902 1 4.923503727161363
268497 1 4.43268013777866
18986 8 4.37676444414323
136674 2 6.015149749168729
46722 3 3.9826051039637655
204955 1 6.921101103459478
202188 2 3.8090354806409032
268467 2 5.163672562032635
207215 4 4.213330118951443
264953 6 5.470903940502575
265088 6 5.704765722851432
50219 1 4.8740009520554635
16925 15 3.845065014038962
9000 11 4.4689712820367555
10913 29 3.519466525309831
46155 6 3.983772995489107
54444 6 4.146208287025244
21992 14 4.434606871284344
199380 16 4.608896016020735
52361 13 4.526229074197728
204241 1 5.031457084582085
328196 8 3.739568803219971
52201 5 3.6618966142733194
1643 1 4.015480121519808
21612 4 5.1356444501860015
39574 22 4.990793316683785
44068 4 3.8896968751271173
201091 1 3.8242615867640186
265194 4 5.422692904948587
46353 9 3.1468802208683426
18121 8 3.961503066222419
34341 1 6.747735857758899
64052 2 5.750229982262705
4778 7 5.359761118332814
22196 1 4.015664140613838
25753 6 4.464339545570802
687 6 4.789657083527019
2274 8 3.1097580435997125
52208 1 3.693767608053323
57380 3 3.760478878774619
200584 2 3.0004008855782467
15120 1 4.199615043777605
16960 222 4.421154176665337
46133 1 4.447526810901196
51600 1 4.686919488016942
266273 3 4.767648382938066
63531 1 6.033333333333334
49475 2 5.0414528044387685
205607 5 4.136849071843399
23826 1 4.486978957914918
51148 1 5.173786927358355
42235 4 4.021387671249443
47992 2 3.6652617444921884
27233 2 3.8888439006815645
46211 1 4.500153221927415
52793 1 4.5211449023224
25886 16 3.8460062660664973
42658 2 4.961356942060027
61930 4 4.585299762820176
42023 1 4.515919482400104
30687 6 6.575393216526221
133448 23 4.661254674328438
32407 2 5.000118489299767
18513 1 4.199615043777605
23947 80 2.815929334097496
30049 14 4.538307179897585
14713 9 3.0625614555181806
50221 1 3.7991224057829576
14739 6 3.7950234641394536
42569 5 4.141951460407499
327850 15 3.5181688463267626
62165 2 5.7439449308373
266592 6 5.3373594811916325
138875 2 3.6395422232854937
42750 1 8.746581417578955
6665 6 4.314357752124732
55789 6 4.740476195753552
262540 15 4.737951887592227
265451 9 4.513487987529624
41236 1 3.855132133185129
44920 7 5.956454217827331
17381 8 4.147457815059416
36473 48 3.857092833322788
10212 28 6.190971949228073
201582 3 4.4473196252814144
33545 9 4.6411866097287255
55232 21 4.511477719800902
41625 7 3.7393875687562232
198478 2 4.08648145723512
28026 18 3.898707686272166
26570 1 4.828911676093869
30095 2 4.0
32454 1 4.068811443899951
328090 1 3.7268291832039906
24378 87 5.507973209526799
7651 15 5.7471636675287145
58909 5 4.617746085013013
44837 1 4.781989089110214
9178 3 4.730398432197619
9857 11 3.9271874777646074
64100 6 4.637645284173287
12571 3 3.464274180581711
25878 5 4.03336881973409
54480 2 3.815853866615145
198008 4 3.7179778482070627
37669 4 4.9817399616888505
203498 5 3.8419435069212375
202615 2 5.5799075928632575
265286 4 5.025251286412
198140 1 4.160960875246588
49736 1 3.6979068121925267
206576 16 3.8040641875703507
265312 5 4.836472447635495
131760 2 4.973869129284557
135703 5 3.79162546243859
5381 8 4.419470255518923
46817 12 3.8127275343944467
266374 10 5.072010269186585
32689 1 3.8083381911193235
266812 4 6.23770289049087
46198 33 5.114218373024864
37468 7 3.0866775330783973
203136 6 4.311685942015291
59710 3 3.538571574256254
12494 23 3.2866002168160535
38481 3 4.81126759809472
26081 70 4.822798743991624
50776 5 3.800435845506373
23984 1 5.004616912537684
22788 2 3.5151511741083654
54291 2 4.868813252799428
268585 4 4.792446493774493
59603 1 3.8169886690542345
8010 8 4.327911671306448
265367 4 4.701975675208797
263662 1 5.145487713344856
137236 9 3.8623609225975164
38232 2 5.001236229320417
197462 1 3.80176740519105
262446 2 5.110644370007409
39660 1 4.021891135831227
26700 2 4.270716198446083
3289 2 3.779441325869898
29688 2 3.7070008174522453
394316 3 4.1693960072020575
44971 1 4.383187155333514
49725 3 4.626585817763264
17159 1 4.435696302459637
204277 1 4.443894615471065
7726 54 3.9256234570668895
134053 31 4.346560935030117
8440 11 4.82306097487013
42675 1 4.613265868795822
42463 2 3.5450409370931766
197067 1 4.876065275638836
132063 2 4.115745989194768
22085 684 4.14675533357647
267466 4 5.768632288164308
40648 3 3.857795631653275
37604 2 4.500573958656665
267085 8 4.143225091256732
59253 57 3.558471828306464
26257 1 4.219305145342707
52142 18 3.7396927633334425
44355 6 3.5378013264500794
49835 26 3.635012043429977
37146 11 3.8141668113304883
266536 4 5.576358030983444
266641 26 4.511611810328576
51027 1 4.575253245193983
268783 1 4.587501829496903
43320 11 3.5692735725609555
262387 11 5.32735880055087
35193 2 2.9478852763318173
9002 47 2.8277806779982395
21637 12 3.560550584534998
7701 8 5.475802662037386
21516 1 4.4244010151953495
57090 10 3.851972174796045
264059 6 5.322735147538102
265293 5 5.252148740335608
135055 4 5.034507529247941
266494 4 4.797193034624809
5050 20 3.7368184968300504
58768 12 4.2193032671987405
131174 1 4.840366119216809
11351 210 4.27014782457923
396469 4 5.476511812461703
11580 3 6.4446562543644195
15958 18 3.1103110371206397
135758 6 3.6807582387079134
35865 2 4.5807078749566426
19268 1 6.803492069415715
27167 1 3.9643301242563482
8622 4 4.172014585746996
203561 12 5.1920658625975635
134060 2 3.600224929391597
137922 20 3.4680771065670575
56626 1 3.7024419595848173
15576 60 2.9119777317603517
44225 4 3.827971204825197
201984 5 3.9733674935185337
203616 5 6.809279645872612
27338 54 4.544616421241229
38016 6 3.0143499412577315
12307 2 3.6887685798476584
52631 13 4.588984441243786
55444 2 3.8499542445754193
201881 2 3.883534444330832
264568 7 3.7187734344393135
197294 1 5.521426006394024
29901 1 4.746013706235381
135554 7 5.034555714749741
206418 4 4.750446117253884
23607 21 4.954871044652863
25148 13 3.533785914595388
60388 9 3.6780767597556925
20634 15 3.3466296731148355
265854 5 6.209226903329856
49763 3 3.4653494731225827
30887 1 3.006971622413901
38067 51 4.774418719416365
18326 3 3.8975601560815596
35146 5 3.889532411054108
60499 3 3.8012520475328353
268199 3 4.549200687656334
28176 31 4.544254984792799
14265 287 3.6323149955607357
393227 20 4.278559380467641
262982 10 5.374575249010976
32344 3 4.546393602364047
133226 12 6.015039404753213
203549 3 4.1304919244532945
29577 21 7.442282204592348
34804 3 3.8187411372451447
57034 2 3.775250939536654
37547 3 5.238277781949121
57987 3 3.8950440559046613
62622 12 3.5909867271627345
32839 1 5.322135890017663
264920 7 5.502352850267473
12952 5 6.1090566846700325
19764 5 4.5738968572288705
60396 2 3.9915792324890695
22904 7 4.462851567411374
393517 3 4.785270734137149
262182 34 4.075132731815804
35414 2 4.035355594050175
50819 10 3.7575403618659466
56259 4 3.9635880816750517
1585 37 9.49515209387549
39251 92 3.5558375277676197
394936 2 3.841448464319229
23043 1 5.119802606625266
50931 1 4.6966085696034146
32974 5 3.8984004503695684
268341 5 4.633773507334465
266464 1 4.270938512317823
6761 14 4.22291648297179
61513 1 5.294542098113527
61851 24 4.211527541486516
22160 1 4.500401260357098
138745 2 3.591342645600747
50133 7 4.076627918835185
40823 1 5.42402168864402
266885 1 4.463552565235652
135422 6 4.142149516051056
10263 2 6.938653410081981
265374 2 4.97073746477252
266214 5 4.730845247719877
30219 24 3.808502040250557
9387 43 4.645654475124579
59447 82 4.329720185658199
10364 2 4.489573337770273
197765 16 3.7360663079399745
263038 15 5.739715767425961
269317 2 5.22754180250819
61054 3 3.7363256781362653
10299 80 3.774072887069297
22808 26 4.912891005339132
263046 12 5.26885477062263
136112 3 4.769641013820969
133822 1 3.9165884215043256
393460 4 3.0304839311245564
202081 4 4.081508495605104
55506 5 4.88864522240154
56480 2 3.919932432385561
20847 20 3.2699415389472457
28785 13 3.876644836561271
202754 10 4.76061474384462
263796 2 5.435535337812906
198774 3 4.596266564123708
208590 5 5.131523686555306
49058 4 4.50127906218522
58172 1 4.591934740268558
36033 3 4.1266402711008805
21409 24 2.8222860120114213
136696 19 5.737557762761341
263737 1 7.1066922495493925
55118 1 4.164656142069936
59553 1 6.9339124169481305
6878 16 4.03621509759919
31674 1 4.4454451470882095
262380 17 5.277076670410884
33205 0 4.333333333333333
132447 8 3.9784176604616137
9927 67 4.04648670996266
266317 1 5.345850860506033
57752 14 3.390087289827097
37137 5 4.04250752559935
17498 4 6.0
139686 4 4.020393514093154
52965 25 3.6848086671625655
11941 25 3.9020330392302403
63252 12 3.8565523609158494
202976 2 3.760754200670167
262855 26 5.267868345393677
267069 6 3.8225668308268426
49775 3 4.254769915029655
395719 4 3.8266519713989338
26796 2 3.8129804016728635
12042 99 3.7573434090405735
24190 6 5.122032884116667
52321 4 4.8989588920091895
59206 5 4.37085096158445
53109 16 5.554028604892647
262368 8 4.869415105585294
135840 2 6.015346272222394
59104 3 4.761891971564591
264350 5 5.086063367729568
13823 15 3.191970556752842
264369 7 5.379142497384772
133726 5 5.310927001933803
36252 10 4.200582971889983
59645 1 3.8123166470457117
11134 1 3.8019121090549675
61308 17 4.0235849112683875
28837 2 5.278615416578722
12684 131 3.713043686417644
327940 1 5.520053501428309
1503 19 8.47003280237893
16173 2 3.851118120471552
21228 4 3.7045824293838954
13659 19 3.931062224910359
209096 1 4.488965080981887
41845 1 4.44500653606565
21558 6 4.18604208634887
132778 18 5.01657877942829
20238 3 4.936563386619579
32531 103 4.397020010209071
27734 5 5.513043614234091
11045 23 3.5779743008033904
137853 6 4.595712739515993
47150 1 3.743676341393381
203784 2 4.3681927547351505
267878 4 5.576940083552813
14870 14 4.460476404068929
204544 7 4.916062018114071
12210 1 4.696342398099377
263258 11 4.738425623058613
265465 2 5.847926801299299
44211 1 3.8041335964418104
268239 6 5.642632086534123
16434 2 4.868704625897153
20324 0 7.0
14248 1 4.179798972503201
197732 4 5.103420357827825
268293 2 5.890965395994057
4686 61 4.866818407008084
61932 11 4.701306374837794
51192 2 4.4518659102880855
8123 2 3.0436955196552
395383 3 3.799789571516788
197423 43 4.050309369105304
397620 1 5.220244543247615
136070 2 3.7062151715379756
43407 5 3.110721452271925
46015 15 3.9871180360939267
30522 1 4.871151598586315
205889 12 6.318535272860575
25454 49 3.642039785854635
23774 2 3.3159379183515436
393857 19 4.190756084609843
20460 29 3.950035634931015
49608 4 4.460222654138007
56881 2 4.142912914441082
328413 1 4.00767196427556
11536 8 4.58745063240445
53173 14 4.024069352866176
27202 20 4.062209386639789
14052 4 4.060189135036281
203238 1 4.489567728738235
393429 6 4.017426918143943
268842 8 5.060792427201258
53140 7 4.7188903312610035
268031 5 4.4214851127250085
26269 18 3.0757725639014075
269046 2 5.129130644409292
7682 7 3.6230239998589786
2621 3 4.638654695404277
61716 6 4.4914973224922266
38768 4 4.031431609947145
34326 5 3.878172867368332
52283 8 4.507521845714311
52920 6 4.239063164152192
18906 1 4.753408680202604
44436 1 7.1193576018945475
35229 1 4.742019988518588
31398 2 3.9151403549925705
16948 9 4.598746380761999
263646 17 4.648897778592204
266233 6 4.516625531308322
263997 4 4.6892080279709925
56107 2 3.595602551108504
206830 5 5.25287077833777
202865 2 3.6741148079988015
395172 17 4.010944761121592
198208 5 4.413044487947119
24201 55 4.101238173408415
52219 16 4.606093217726517
263945 11 3.9226924712140097
62037 1 4.218118173395816
262192 24 4.244910326212847
9241 13 3.859289310069554
31751 1 4.470655340827754
18521 1 5.360461458849185
63311 6 3.431874560066823
202475 2 4.9482164432903355
27569 1 4.008229882655849
8762 4 5.007926640376707
19903 11 4.61243914263069
137655 5 4.595270524056231
264441 4 5.318874925081216
266256 6 4.579329523825555
27195 21 3.8049414226253453
43047 2 4.606924308184812
264386 11 4.926206252832968
265370 5 5.050295973532995
266262 1 5.311745742576757
16345 101 4.217708660947676
264739 3 4.5268981313719125
43031 1 4.377643224444435
3999 13 3.838506708583402
262175 17 5.101601232203406
34252 2 4.382192662728514
136257 3 5.959548282514528
450 4 6.4950371681044645
31496 4 4.137453849675611
197454 5 4.556080665230585
16279 1 3.8381681032941537
395230 2 4.016654746654264
4721 163 4.735553054200999
133543 0 4.0
209688 3 5.4250325619663595
61666 28 4.360754141662974
24102 1 3.962218732577668
262433 8 4.695203298278498
50884 3 4.602812927812928
59591 1 4.452398335417203
62710 8 3.190317216776624
47128 2 4.712395750028629
199758 14 3.82493170442056
268438 3 5.134102954084289
198467 1 4.379540743787526
62416 18 3.8226664560261803
56546 4 3.9186957137417964
267622 7 4.78172895945704
203312 2 4.345034216005452
266111 1 4.921174076770242
48722 1 5.019142085999762
44241 2 4.0038145262194105
55271 3 4.206825943539561
35629 24 4.538290959780135
33569 9 4.803883988238381
42228 7 3.465179337351335
396480 6 3.565159237757037
135259 10 6.01508961490323
138249 2 7.01461772703973
7393 17 3.6760896995323327
269222 1 5.126132029498203
43309 5 3.950416121564154
50854 1 4.102560468631897
11491 10 4.556805813094674
266244 3 5.882688971912311
2941 2 3.958736134494129
265970 2 4.684686666222405
22765 17 3.880918948551614
44950 1 4.717280441331441
199555 2 4.023070607553366
265494 6 5.018790450122355
263450 9 4.906204036642534
38088 2 3.821291092295842
39386 12 3.0432441705990962
39256 5 4.124623578094953
267201 4 4.9434675486673845
197332 3 4.83266820895251
24541 13 5.119524183886953
133269 8 5.029718617042147
265198 6 3.850259255362329
61335 2 4.658129424747486
209778 3 3.975853701250184
32719 29 4.3494011845263625
45173 2 5.326243163446148
61187 1 4.49122976826058
268015 1 4.351848806976243
265914 10 5.249676568112806
138489 3 5.801218610719082
55312 1 4.337982016273332
50295 7 3.5147680458343546
17374 6 4.182557328401344
59854 8 3.6839542861907
36967 2 4.595170790985696
63328 2 3.049449497649284
9642 4 3.824122756235879
132169 4 3.983446778994342
51355 2 7.833155080369086
265077 4 5.783558585440247
49834 4 4.4253738863030465
134943 5 3.9815943911417846
53741 8 4.199757411951014
31303 1 6.930320473177617
52373 5 5.0253656342978825
25973 2 3.910990929875771
14373 12 4.6313716232942275
207896 1 4.685658728462566
397865 3 3.454425179843581
47405 2 4.6500531249990384
136972 4 4.1432001425921285
61112 1 3.822053653334441
393374 1 3.8083381911193235
394902 3 4.043134690796458
269211 1 5.216415175774782
36136 13 4.330155658865136
41071 2 5.25532393959512
19754 39 3.329215132223771
49436 5 4.70719523193899
56475 3 4.051716468609948
28708 50 4.098775040433147
268562 7 3.929182513866686
41842 5 3.8576588518568875
268378 5 4.731463083336481
40898 5 3.9948843791202386
5237 34 7.488467063587595
265987 7 4.685581753860099
8529 11 2.689711401052735
39662 3 4.269351898085681
555 6 4.889712254641214
267573 6 4.64206774838539
58541 56 4.059140131385454
5969 1 8.456400205037314
9435 20 4.602495523244575
203019 1 5.200427032450738
44658 6 3.8220937105639012
263431 8 4.454091316169826
7165 14 3.9871019977527986
267083 10 4.4962177846758475
135716 5 6.015726834266136
57472 3 5.701698720002856
268252 3 4.197375797536128
264086 5 4.051853525076261
203644 6 4.486764921778825
51808 1 3.726744279685456
42998 5 4.350395644838534
393590 2 4.3636620154484165
266452 1 5.922309076031466
61898 2 5.028818069697877
206341 1 4.065242666505897
45154 3 4.094499776947446
393800 1 3.745416031696821
136941 4 4.563873315252994
266104 4 6.0012614384311895
266558 4 5.664961320016512
204492 1 3.9662620681528242
15097 1 4.5363501837516615
266562 6 4.468923728504659
57954 4 4.756544207608845
41611 1 3.7495116450781474
31767 1 4.202151916076382
56637 3 3.94964610406785
63483 25 5.005485712901857
7465 20 4.554069852234686
137313 2 4.117632454037989
17671 48 4.055032278242667
11395 1 4.735864143971987
53292 46 3.5384589694396786
206388 1 8.06310221524507
22261 2 4.199775075892524
55803 58 3.6662391575654074
139368 2 3.68903579434672
16621 6 3.0233036456718088
40763 6 3.795693566866486
60288 1 3.8624456399598714
196861 2 4.486966341065804
10396 57 3.793799385758546
58061 18 4.011356230621656
16707 1 3.818877290075977
42399 1 4.75124755980638
131913 1 4.712683577901148
262233 1 4.575722425722427
48460 2 4.012126674507391
132365 6 5.4424390549666395
62989 5 4.548774649956259
134021 22 3.6920009265221685
11835 77 4.999450167503878
395749 2 4.5451395191728405
264398 7 4.5653712385062555
267657 7 6.190050525783601
13298 1 5.5129064137874115
13121 2 4.303173674545037
46276 15 3.0899984230659476
46982 1 3.811736723411601
54560 2 3.997381034986077
58001 7 4.022080237340186
46018 1 3.8624838632493743
33657 608 4.143230960371187
51130 2 9.381067759067918
206481 1 3.806941940562631
38460 4 4.246104349491049
26706 2 4.301774211011183
42707 30 3.4483506298359625
54776 4 5.325418585058903
266971 3 6.59703647639016
24299 2 5.096334603812184
46941 8 3.9706457355555793
31377 4 4.896774526786841
266967 4 3.9718858017548304
31798 201 3.030280221911905
37531 16 4.637744829258556
14857 19 4.917710271848203
50011 4 4.894921121344726
395945 1 3.95900762691854
32528 20 4.295918646898511
266647 8 5.411312080964669
327830 6 3.796565163999444
22616 62 3.5816336746271897
41200 1 3.627048542742158
13002 15 3.171246325627114
55752 23 3.837112787188329
30654 1 3.7939508302316187
263921 3 5.289990711180384
24357 34 5.085871162596218
47674 19 3.789160264091776
136364 4 6.013326307148242
35420 1 3.7014052085480658
26452 3 3.8857077126884327
20919 22 3.7965827182318606
51083 22 3.525318521725807
53155 6 5.509834603574768
268066 5 6.0017611782167135
196628 12 3.8008099579690118
20402 3 4.421058271623807
54070 3 4.230331696317809
42028 2 5.078293112851263
60705 1 3.8307981635382347
39537 15 3.2525660361059785
10083 8 3.745723543605293
21372 1 3.8831443763183393
268974 8 4.758392700911989
60485 10 4.646636923324451
42165 2 4.154670038072251
9528 18 5.710516149147959
202454 3 3.662636959601864
57396 1 3.617887830860561
14015 2 4.6901066761616175
51374 4 4.421346776645562
208282 2 4.350091217147302
139270 2 5.494182492088053
39852 2 4.114174693300878
268630 9 5.444470602449535
55663 1 4.933651457514752
268691 2 5.476929449643478
31175 4 6.456791165852913
12510 24 3.8249184509895664
25829 9 3.8171375688585973
62731 18 3.9792687690823447
57975 1 5.117953314704057
49825 3 3.9087417530781514
61915 4 5.184269014485222
266675 7 6.514142388088503
267377 3 5.196031011776354
26370 4 3.7685464318672324
39511 1 3.90152386232025
3700 5 3.082843451845004
267396 5 5.887912988263488
39308 19 8.712954954445312
328427 4 4.8845692367479785
132237 1 4.722694880878102
48881 13 3.636258739612527
22129 10 4.438890655894361
11251 23 3.7900894748814133
43076 11 4.0750518371396
264309 3 4.499875420349763
43317 16 3.5367518988726
197079 3 5.429274543241764
20187 6 4.4463536947543565
39010 152 5.0976700446835475
37049 10 3.6406185472592187
53618 8 4.3567846692169345
22012 5 4.2038917296838365
10926 1 4.200386018834294
41681 2 3.7207749237870607
37611 12 4.734192193628757
7693 85 3.966435397084613
34490 1 3.8831443763183393
12413 1 4.033062016436402
51342 2 4.504446481851044
263718 1 5.216815117809576
265100 6 3.9117756371091574
64494 1 4.464966334023224
138574 3 5.867351193532597
62928 2 3.5757631774542102
36791 8 3.012970268038685
61934 5 4.695838757810863
16816 19 3.9181032190256095
205456 1 5.101003433448214
26593 32 4.4485726169821636
138978 1 3.001312203323942
61594 1 6.082123386474613
59009 6 5.1192427838290655
36010 1 5.3575391111351705
24021 1 4.548176815717139
265206 1 2.0
133010 6 3.978178642013086
57679 1 4.614814946957804
50973 17 4.016305371442994
209438 2 6.005389120877722
17506 41 4.221874054035291
48453 3 3.5792868066677594
265727 1 6.172295037271996
328487 2 4.664014310960165
208849 1 3.972658211773101
17398 1 3.0282293972267142
5524 20 2.9835169524165988
198998 1 3.816571523714381
49668 2 3.769019869019869
41272 3 4.062911260631392
8480 3 4.20351760003432
46010 61 3.9282674374029787
32229 5 4.153683310782502
20397 3 4.389365129835791
22684 12 4.201667180508593
13448 16 4.0278873828255515
137539 2 4.657857063061816
58060 2 4.44448865590414
54707 2 4.474188359533188
33414 3 4.88547275309301
264919 5 4.71578845942128
14279 4 4.1493380569467355
135922 3 4.191733850603052
27314 1 3.8082907832907837
28506 25 4.680558270337743
28114 23 4.137471808315176
55848 1 4.974787856785012
16617 7 3.8947871646376586
10954 43 4.547552473187388
41164 128 4.710175642305522
63528 2 3.8760623486575203
12073 8 4.371641278943672
138566 4 5.621180391091719
18660 1 4.4386278609185
262958 14 5.170649482109188
267998 5 5.238578675923577
267055 9 3.7214568592630264
45900 2 4.476601859045246
52913 29 4.297612967185931
39249 6 3.7849639749765536
10620 3364 4.912404147448613
14761 1 3.8241626818720413
8377 1 3.8543764610866083
134202 8 4.409305112732966
138017 1 4.334140135808656
39237 1 4.802141185761875
263894 1 5.704351127329039
263349 2 5.706002910569105
201411 27 4.505322490255948
263305 5 4.236743994238909
208449 7 4.920386741874549
263675 19 4.251052921416294
209650 15 4.275093273719956
60615 2 3.6396180016611916
38638 17 4.036978567492822
43735 3 4.146884147456991
30449 23 3.8554675707465242
205838 4 8.025899438870628
262820 14 3.9512358660054154
131631 3 4.337678934134118
18529 1 3.849218587166042
35202 2 4.401453251722308
36011 2 5.291052552712657
26585 39 4.469124011518957
24088 80 3.1406957977150047
55002 220 3.5845961283058276
28427 1 3.8057301893508795
28195 21 4.50977967588761
52846 16 4.449142313322463
204094 4 4.0512946214985295
33097 8 3.0499009700725814
263482 11 4.514135594487566
5564 7 3.5966416968523616
269233 5 6.26326231583589
269402 6 4.873385181035521
267370 2 4.794182295326578
45224 35 3.793746167390277
39100 1 3.933678130750509
45331 2 3.915928266677828
60258 17 4.067250964677671
40300 12 4.4602248749098825
35871 3 3.7502863983841235
204363 3 4.376130382602237
29855 2 3.8172831487011587
262675 17 4.506973616174749
15769 30 3.8233217006601046
52250 1 4.779735740450026
17608 82 4.1627827785211
1880 19 3.932632189489386
60914 4 4.13686683651399
