9230 59 4.882892817293816
44000 2 3.6794207541371318
57064 6 5.121985251542334
55309 22 4.166345442276688
134286 4 4.8678687787318795
62169 3 3.9430682502216117
262289 2 4.10290824864811
54923 1 3.8720823706513707
52436 24 4.710744665257858
18473 8 4.4625322514452685
268484 2 4.953963801474746
50560 2 4.67938751585316
4319 7 4.364372308096486
1 16 5.194703093778868
21827 3 4.5983408514642505
28296 35 4.5009919969652445
52507 8 4.946194365463773
53103 11 4.762525974243821
265173 5 4.963189703771871
23058 6 4.092863264013414
61641 3 4.662723045430842
205775 2 4.594808671536292
21949 30 3.0828142054227987
30265 1 4.4026223557504345
59125 6 3.7261425968194106
25031 11 3.610539091626844
12735 546 3.9693586877552205
268479 6 5.2719220396100575
40374 2 4.362485299808387
263634 6 5.122409222842082
38097 44 5.973456229721322
47181 2 3.4923203871318003
27922 3 5.021674614863127
16397 98 4.606313121744546
51824 4 4.019042256034323
35030 5 3.504072256931022
206391 1 4.83688601309291
137324 3 4.3941153174117735
57466 1 4.5840979817567895
46125 2 3.9090891131629166
18300 275 4.802620171587115
16581 1 3.8021912670434843
15615 2 4.621303333976146
60932 12 6.87161192885196
131645 102 4.662383486234241
136713 4 3.6389705514801527
42290 5 3.801236640357442
263725 12 4.57705059213717
59156 1 4.730493306839255
27470 1 4.198228529057757
12779 22 2.7150867423214637
51187 1 4.915214576709623
206620 8 3.88732774373263
62066 1 4.2593949956853185
27518 2 4.058448754877326
133817 7 3.9657154205900516
136184 7 5.011512736821696
10097 5 3.958054559825239
207044 51 3.22047517368488
47792 1 4.6585807050092765
45424 10 4.658040329031839
394688 4 4.521807140443717
50126 9 3.8104184334566815
52715 5 6.605316124589796
196874 14 4.669981027543005
31152 3 3.6433529416358628
35046 5 3.8730258875891304
61678 29 4.506891254691191
44545 5 3.8825702214571036
262477 3 4.4603356990402405
7133 4 3.936792277023584
36018 1 3.8204978036012527
37073 16 4.82198139736944
60091 1 3.7631683288299405
49265 4 4.038370701679807
14020 2 4.2070269755143705
200434 7 3.829492188499976
52488 6 4.414433431413151
135761 7 3.7707052438452178
267602 4 4.5599156789923825
198843 2 4.958767603270602
52764 6 5.252955305226481
264051 9 5.44244666059474
268650 5 5.487943608648403
201518 3 3.391689867275009
51770 1 3.9774854386198926
23427 5 4.766816070483753
44243 2 6.497465535285734
28588 2 4.1380665162470915
41098 3 4.238550470693328
29706 4 4.8531046998526275
21246 9 4.728105297814249
61595 2 4.892658226169554
269022 6 6.272478878182286
397167 1 4.472547946185056
45325 26 3.8574925407182823
49560 7 3.9298719922418788
138927 1 4.555381169365889
267764 1 4.747399553557189
201807 1 4.150361598809873
199577 2 4.079921162385569
206485 18 4.67232080019365
206175 15 4.825924739355398
32586 67 4.122057201438663
267088 2 4.233539356749371
265051 6 4.114351498601446
14446 5 3.797753219881449
263935 17 5.140767769551283
44531 6 6.906204069905905
28596 25 4.851160648479184
40680 6 4.185623687657983
37629 21 4.218923431950429
58406 1 4.006276939702637
46399 5 5.206599616569195
48559 8 3.317126498307258
266921 8 4.5176509110757745
33738 1 4.938728354294856
39843 3 3.8804908894543257
8851 32 3.4071626425780757
328356 4 4.520831946061795
22705 1 3.8014561291654885
4867 5 4.006802596676708
44839 1 4.672648269446299
265407 4 4.8308257664092356
20015 66 5.123148692302538
266639 5 4.872666498980287
268846 1 4.622861640464471
198102 29 3.7235393297394985
55654 2 4.803391636881353
8345 21 5.317751782043295
24144 1 4.016250691207719
51978 8 3.607369652401693
206514 1 5.16185272501201
59480 2 3.660978399115725
265535 3 4.542870488544265
5430 16 3.343564984707054
136160 6 4.544743009136522
28431 4 4.2540358430433765
21509 11 4.260195372659186
38627 11 4.11750478725987
263996 6 4.127315590896104
54994 439 3.7683541697583274
37334 2 4.89835772173166
34615 5 4.571698905609115
263142 12 4.363834867677039
264147 7 5.276796295896855
2900 10 4.634167722068333
268964 1 5.827858108564184
44693 1 3.7475264025955264
56272 38 4.125546994814558
56359 1 4.234633891472013
37463 27 4.283616756859364
21296 7 4.160198894727946
262491 16 5.103792589137456
37395 3 3.7118386638328906
55350 6 4.3259506198355195
265826 7 3.6927095977835545
264574 6 4.435033805257508
48440 4 4.100141655423487
50509 2 2.9862490877418626
43193 5 4.016677835203619
198263 2 4.45838214657925
267628 2 5.41614120613247
61645 2 4.960764060543404
263466 51 3.9434871700881837
205940 3 3.597574423978948
57861 1 4.996987036474364
327977 3 4.311351006979372
268068 7 5.9053152626524685
14187 61 5.265760916418089
201425 1 3.6809861581422503
33233 1 4.043832334996836
131159 2 4.327828164055426
208592 4 5.842298973965207
36658 8 4.550012981354858
37023 2 4.438906097699774
11746 4 5.000682856239602
199064 6 3.5722982637210103
41151 3 3.74172163702571
21548 29 3.9983492134762884
22381 57 3.098000258959095
133623 8 3.6753039517393673
396076 63 4.338444282043122
50648 6 3.7682827979879376
13147 1 3.802007079494204
139039 3 6.3913262194126945
23237 4 3.91406475286907
28743 3 4.655799414315226
40003 1 4.463246630217073
210297 3 4.67884166055396
19185 11 3.762558894299245
268165 5 5.473101359236014
269008 6 5.8265016402531495
18601 6 3.8194640690213086
11892 44 3.9628839137126213
8219 3 3.9376705987305067
22343 74 3.8489092609575475
30418 9 4.373950094729675
51387 1 4.705251595471713
19284 4 5.433852639501296
196991 53 3.6673812431650337
60079 2 3.4852853863284556
264262 5 4.05362098997233
135818 4 5.337463204290761
15100 68 4.00949042023133
138290 7 7.014888370024549
42043 4 8.919813722128993
39789 2 3.863566226039574
40144 16 4.542038340704252
63050 2 4.3742025432964455
35489 5 4.334527056597311
61675 5 4.9472821054031035
197144 2 3.9048838311153586
38845 4 3.8431192904543985
37571 4 5.301398916098194
42314 44 5.016872553771531
396851 3 4.462364796001905
262332 9 4.853737262470294
57248 3 4.291833521395076
266862 3 5.041015004213773
349 16 9.463848309589704
36246 3 3.7602962278796364
58405 21 3.912242347609973
62903 2 3.9964436188312686
394208 1 4.80401317772418
13655 1 3.8114275088166725
36339 4 5.361413754957575
51809 1 4.125942136093097
55077 5 4.7888521112722735
56864 10 3.90557631359452
203898 2 4.647200199498731
268469 6 5.49396919901846
47716 1 3.9584975637496647
201341 101 4.520785884111891
40473 9 3.167006861428347
133866 12 5.25155526890173
394613 1 4.448646262513258
9784 3 3.813688657788037
40363 1 4.488889823003123
197383 4 3.765520921864205
37436 2 3.2024254468760573
31721 30 4.505799892000565
50613 16 4.881777051623224
50173 6 3.9270425990580318
1423 5 3.9012845181141733
204045 1 4.605751589680161
54638 8 4.356302372766474
204959 5 3.9287617289995276
206659 1 3.923231530374388
197722 17 4.612926394464231
28235 3 4.460491767322194
20917 2 3.662606403264399
136723 4 6.016522488944493
31204 5 5.64000416772842
263436 20 5.965101451933937
10897 3 4.361288865755829
262828 16 4.052692022116657
266477 8 4.811111361335301
42440 6 5.063667576375208
63242 36 3.7121986591534606
29684 125 4.585483726647256
27030 69 7.413383722706554
59821 2 4.028136942422656
51354 2 4.6629071392977846
206664 2 3.757465764307882
267212 8 4.320669717294289
327741 9 4.760045722682288
396484 1 4.857810366796541
38504 5 4.460016566971616
47188 1 4.961424922459406
63414 18 5.436180136816512
395236 7 3.9991947835939654
199246 3 4.229834929482686
21560 1 5.767416313844885
9643 4 4.519639313916561
26633 10 4.576606044780602
45816 35 3.8546342790651793
61935 18 4.73969577697724
12131 2 3.0130562200944078
263140 15 4.9291841114912955
268736 1 5.248270509518457
57574 6 7.069777533816511
60662 3 4.597272305480831
14089 1 5.332526468240754
63136 4 5.3322416399509995
208603 2 4.741064113183276
27345 9 3.9256906214353027
20979 1 4.659882778232532
24331 6 3.9524971251953667
203980 8 3.723910280189678
15375 1 3.8816627421212724
48767 2 3.8747343163187034
32130 4 4.198481256929532
135466 1 5.031459741959522
135809 1 7.01512261513801
25780 39 3.813728569872008
61691 1 5.130243000932657
22875 1 3.5728965004803905
14282 11 3.3564828909419373
14707 2 4.696458251883128
136734 4 4.944957696171607
50367 2 3.569601298172727
20348 1 4.779574042997687
28324 3 5.073116574540147
133798 35 3.9628119307741874
15229 3 4.034522429207633
395562 4 4.536310441296124
32984 3 4.9239078941925705
20144 13 3.0139317282614604
262931 2 3.9434841598212866
396259 2 4.447257962630284
53779 4 4.639580412397693
32308 18 3.7531674543240774
38012 1 6.203228539500091
24248 1 3.9715785537214106
39488 4 3.738153571973259
25605 57 3.7746748774571706
50686 1 4.1242164808262896
52413 1 4.512141694284551
60657 1 3.7367078688507265
205693 3 4.617149575641873
25730 4 3.7987039275096337
15347 9 4.113971726244573
1599 14 8.464072821213712
9845 347 4.879520746933652
37584 5 4.48559656018691
133633 5 5.126592927669452
24092 1 4.836334514499055
1999 11 3.899835786423101
6597 22 3.023594863740206
50336 3 3.855305163585037
45950 2 4.162912873330402
54542 3 4.890464157486493
16503 7 4.803055372854572
52300 10 4.970706174034506
132660 4 3.640588378181561
18789 3 3.6440165924101615
61372 6 3.832577036630075
63040 3 4.376683450531377
204833 1 3.8131763107775902
267759 3 5.939684650588439
24918 1 3.7125444108728725
22970 11 5.320243954792395
31314 1 4.711037903895047
135676 4 6.1002193268582126
396843 2 4.167491499596841
205908 7 4.147748213062136
3614 17 4.124747137175713
262599 6 4.583284500490827
202155 4 6.311530041852531
267652 1 3.9444220290669953
206744 1 7.310901840663746
268020 3 6.027952571892786
52438 19 3.5951030534309183
263698 9 4.705210051406139
328536 2 3.697035781545927
37900 15 4.1249839439679885
42171 1 4.009012944727231
59962 35 8.015151448814017
268785 5 5.688109708713347
38400 59 3.83644326411933
40227 2 4.317577868260649
62328 1 3.8100063590371565
31922 3 3.9804638945613613
10066 87 6.253118443601073
48737 69 4.418582701404724
12556 8 4.611321572650706
197627 1 5.719926025008805
263457 9 5.289664856795118
12500 3 3.777034869892012
49273 8 4.939847992566728
18919 9 3.915996215642429
266131 6 4.927901281030201
41935 16 3.6157865359714827
51898 1 4.81757787065883
42313 64 3.822938999413503
20411 1 4.195422788912116
26594 6 4.972802157550832
24075 7 4.632540269996757
51664 8 3.819639912700313
203387 5 3.9445963576967618
46163 13 4.157189127176932
264537 8 6.254406643667295
46877 2 4.176538895730707
135839 8 5.008093225121487
19012 2 4.017255137051604
60679 8 4.354507965001303
53542 5 4.263680272563449
25716 8 4.155099287404
138134 3 5.28455077005423
30880 13 3.7755616155680163
39178 10 4.183379824692945
202006 3 3.8455290278124994
39262 1 4.458541450768341
268377 1 4.527341812480062
51316 2 4.016709813419949
60575 2 4.015214991027855
33512 10 4.477903775793111
4669 16 3.9375560734345614
34323 1 5.050981434880808
17245 3 4.126546703825742
265328 7 5.551348408323877
11440 2 5.102401121961553
52374 3 4.519238418064101
7861 37 4.197862498254719
18125 2 4.321947446837184
10029 371 4.736844975689802
55861 3 4.913088467045067
8753 2 4.758728341764057
264014 14 4.477264510621967
196641 3 4.216036849170735
46094 1 5.043470465359866
328036 4 3.0242846955667355
57425 1 4.280158806729735
39691 1 4.574535877212755
268409 5 5.432566502910645
9071 4 4.002697519984823
396291 2 4.288023874463478
36100 21 4.629182834410419
202899 1 4.070849256563542
37148 93 3.7567355205635087
137553 5 4.433131590089961
11999 4 5.396194259066992
17123 6 4.5333725291833105
43753 4 4.76152882914747
264055 3 5.181478745912615
3826 6 3.8902045036830954
28394 18 4.6914463979691545
62023 38 3.6056163303312267
9221 23 3.753108466476366
136125 1 4.3340224234165685
56806 4 4.789089010806139
262582 9 4.420315349156877
264352 7 5.190463853620012
11218 1 4.747632500724659
40552 1 3.873427437137282
50517 3 4.767539287675389
38451 5 5.151638569033106
267618 5 4.291057958808728
61901 12 5.016392332963154
265294 6 4.762007795634228
38547 82 4.267479032942815
202425 55 3.685578284728347
22457 22 4.218731396821761
1525 7 6.46649138791509
201980 2 3.826841664549306
206421 1 3.8359672569539267
29572 2 4.006261595800094
132423 6 5.671884591403954
267460 9 3.6378264531845264
267472 5 5.347754595535699
52020 3 3.96776383615497
3730 1 4.522809956873996
138147 0 3.0
5617 82 3.9444472994248807
39614 14 3.664384422859323
16178 26 4.307312172276024
14955 10 4.341106266038616
133374 5 6.020827835324043
28170 7 4.424362943494724
204333 2 4.043418770585217
36175 4 3.7766226432784626
13579 41 4.306886744360627
44149 2 4.722497872497872
262484 11 5.751549570275193
6553 7 4.972167705383301
267372 3 5.680828959891194
17607 6 3.9378970617600455
25516 2 3.2516559221505847
264803 1 4.7716394252755086
42109 28 6.288087828455531
58691 94 4.732699148532303
38468 7 4.327254347448526
16141 7 4.449737749097042
12833 2 4.516765986744657
207259 1 3.953569594115812
134531 5 4.530952380952381
198356 8 3.811195225280713
63549 5 5.0735042710833325
34225 5 3.466345122395476
58346 5 4.09958082758961
47602 23 3.667990477160732
204089 12 3.7575315809989016
50607 5 3.0689374952114217
28213 7 5.02734811107632
54007 1 3.818877290075977
7532 32 4.117314627598024
49287 6 3.8048068406934297
62041 7 3.284396024419588
13768 563 3.0779912881956073
50797 3 4.710401910640165
35457 20 4.646644549585072
37178 2 5.5
266351 1 5.676723416460689
3290 3 4.7677365364064865
263577 1 4.216190925644707
57815 2 3.932947378925038
53355 5 4.16205097740574
269401 8 5.193507844989618
60005 1 4.221997226101704
23404 92 3.0407020259949364
50165 1 3.757941266648573
33444 1 4.325988297416869
267613 3 3.0514889424230347
393259 17 3.0522457529907547
42731 3 3.6892872991833636
264787 5 4.774526102919573
202629 4 3.725682026506862
53721 3 3.5061986021128453
61278 1 3.7497021261727137
16875 29 4.235436156206609
394131 1 4.438873409932523
22807 16 4.6443471373390945
42770 6 4.729532713826588
46255 22 4.592296287540399
58932 1 4.631747228806052
14615 92 3.8337684120742135
46311 1 3.8535472391137424
28638 15 4.242147791100057
134347 2 4.08744131822995
50564 58 4.86969525245502
34754 79 4.11240629584575
51500 6 3.6796571230784694
26496 597 3.360336048558602
60694 1 3.621418844738172
52756 2 4.253834937232655
60033 2 3.5939242263445794
46935 2 3.80386454708128
200639 3 3.157397260590033
138431 3 5.432929727829178
44216 19 4.674702806621999
15464 6 4.8468040128314085
64024 4 4.00785390186047
20071 4 4.809134935489615
33321 6 3.81137627690347
11215 191 4.684370116508378
139218 1 3.9671568794842917
53039 6 4.493254903786302
32289 8 3.947134828893298
57665 2 4.1536326107754675
56725 1 4.001970796088442
137814 2 4.024787273533197
36665 3 4.463388353573082
31359 5 3.8250675827151532
203393 6 4.567394171014085
136123 2 4.59357055716054
48523 2 3.854132034104552
16227 1 4.12244654134055
62091 3 5.848115371458443
134405 3 4.528392759402611
775 4 4.298584334503405
48551 19 7.862627951105888
45722 9 3.9666560273851093
20546 66 3.417379302316533
48142 42 4.568396746523682
54511 1 3.794178513513489
60720 8 3.9285494268745076
265915 5 5.172571394053446
24189 5 4.790579693775989
56923 4 4.39740833434619
49800 24 4.079294500767626
63967 6 5.022014393144448
62014 4 2.958086332737441
29930 16 3.6849855700794674
33576 104 3.791502452115041
58275 1 3.984926324427904
47283 6 4.214300691308214
62368 2 6.70430424601965
29077 2 6.748441792653616
201718 2 5.412536292335596
265434 7 4.949025294798425
41230 10 3.364052017088909
53111 15 3.90463153856219
196610 2 3.166374397610339
59979 2 4.109622717542256
131099 2 4.353193989080975
394077 11 4.548278131966417
30035 17 4.036211945019511
28177 38 4.789417180982703
205931 1 4.142989179717177
268389 4 4.15561317903404
14949 6 5.330449864016069
197175 9 5.826466928681423
202917 8 4.015068519726021
39134 12 3.387579062094682
3795 1 3.9020171627314477
13701 5 4.198961196937031
9534 107 3.5593141715412235
43344 1 4.588880540107256
53948 4 4.026151192055342
43763 3 4.0626923841675975
52641 3 5.6525877503543125
198382 17 4.492690425678227
201851 1 5.008054097763115
44070 2 3.8802498164633348
60800 10 3.072674566277348
17665 189 4.9372928660906705
139833 3 3.014725073917353
262221 8 5.1607748909895905
32765 1 3.9901331917463185
21002 4 5.162418197427665
25970 3 4.346925610764896
47481 6 3.7888042277693343
202132 5 3.8173505943262014
57506 2 4.896953654973156
8308 16 3.127078041985827
28212 15 4.809027480021079
51389 3 4.841141793205684
135326 1 4.83711614028068
31510 5 3.0044564826222375
267548 4 5.241026421875185
59670 2 3.8046837282067267
32083 53 4.245037792921239
267608 7 4.843793241557985
62123 3 5.198298092194485
33347 3 4.105890810462439
15548 7 4.288250946496565
14112 14 4.505809026254189
15831 2 4.52128466771324
398022 3 4.015844083198606
134251 1 4.61712882575978
54103 309 3.804974290671975
62267 1 4.163978845574562
62246 1 5.042256274740909
202660 1 6.616633996630314
62827 6 5.436467974949092
35070 6 3.4914550821463877
12219 1 4.04452246612175
42621 3 3.9890903112577996
45210 1 5.013431013431013
36300 8 5.372474121448991
264423 1 5.312684429941701
11320 39 3.0857392599141695
14992 14 3.805273664645128
206651 1 4.672950639945714
26380 62 4.152269833114225
208751 4 4.094807709122506
22122 6 4.405883789232691
57188 4 3.9854050030477364
394101 2 3.7103638466509845
263988 6 5.598224624267095
269000 1 5.859797637431518
262447 16 5.470694400860784
61240 3 4.760849199962972
28742 5 4.1983066216002385
200914 3 5.0645451785830256
29767 3 3.9323164861818065
50574 2 4.771515122168025
32682 10 4.140312736472876
269075 2 5.303959571409568
263860 7 5.4109955852468135
33245 1 5.268921898207612
203801 2 4.339773331455662
61799 6 4.0305511653338195
3136 10 3.9088088982804274
45179 19 4.518201160846367
209608 2 3.0548671909088165
32144 4 4.153589613269416
63119 22 4.342060748827366
395281 1 4.015037964789924
268290 5 4.626682211567825
43231 4 5.06420337835749
41881 149 7.516709598944736
262661 21 5.954767916142288
137152 4 3.5905085715841056
28396 4 4.834540484647677
47541 11 2.86495474414453
136955 5 4.791405921903529
51380 5 3.536630523330894
135354 76 4.11890342959028
134295 5 4.028192085392656
38770 1 4.609050441667437
45697 3 4.090303896745231
34513 105 6.117793127167658
20967 1 4.475705107112226
36583 2 4.803329442104616
18566 2038 3.919221007237416
12389 2510 3.0945103032601233
6704 1 3.8172832458546746
61697 6 4.7712312839878495
203940 5 3.9904043608334736
48398 1 3.738096358273507
27648 11 5.041302001396739
15894 6 3.808059277707851
262566 23 4.17148036644434
6450 7 4.335227291009677
48738 9 3.815718711522105
20010 2 4.249571160913526
10139 214 4.194450684883414
33392 9 4.585435346854861
20160 3 4.650526634467522
36961 5 4.448637890942867
20640 20 3.032962869365492
7257 8 4.028932497176452
61382 4 3.8500328245144395
201078 3 3.988444294562587
199085 3 4.068333342611457
138260 2 4.604062086502564
62418 2 4.795988354654609
14526 9 4.406838359596681
26620 3 4.696158305853233
53449 3 3.8281320412059525
63526 43 4.444572918447756
203337 2 5.202082771725627
44799 1 3.8934709118233752
265347 8 3.9280146088835206
204149 4 6.532802766795259
131392 14 5.3451075092789715
26903 2 4.516365246424694
7306 13 4.413151216920083
139589 7 4.050973052193553
133403 5 4.576987675513023
204235 2 3.966728034569311
3267 22 2.9846960640337716
263453 16 5.787507365344096
265575 11 4.427886161537058
202993 1 3.78657831903899
268131 1 4.529231746451938
56981 21 4.333259135130121
204170 219 3.8189866555381107
39143 3 4.782771398924633
38526 5 4.805901323071902
1820 40 3.197865997399324
263532 8 5.320862953156561
29601 12 4.750927193296746
131433 1 4.175926710497976
4010 39 4.203725129443432
268855 2 4.956818601931515
207149 3 3.1232453554382817
268144 8 4.560412361760243
201937 1 6.749671114620265
15504 3 3.84370720242977
55652 8 4.084770349491432
45093 0 6.666666666666667
42702 2 5.540645768295538
263641 14 4.252031914743027
24449 2 4.571101289697348
26036 3 4.4657477776585734
48109 5 5.002951193426054
52599 22 5.256238239695793
136903 2 5.380727341356296
1653 55 3.8981219671411713
42403 2 5.2569310327722665
43625 3 4.528348291585666
38391 43 3.8352625283697797
137502 26 4.2403967529809465
28252 53 4.592068408642002
44878 1 5.101583411894471
44294 1 4.411725057463974
3064 80 3.670775232527917
2700 1 4.1819877504360266
29116 1 5.58794882366311
265191 5 4.4930239070333995
56493 3 4.349505519332359
58884 2 4.914704465916996
53642 1 4.070396651409528
134273 2 4.593678445595667
199777 7 3.9517568070259084
267174 8 4.284040876554987
28329 28 3.171918524168557
31898 710 3.657156506395149
200845 49 3.7808165679426056
266117 5 4.390916554436065
12214 8 3.5499827817177128
262809 23 3.893602619628053
19867 8 3.886413312821763
50317 2 3.8246788810449663
15139 11 4.480178949981544
34836 1 4.3288356912306485
19821 2 4.892272131101819
59321 3 5.9109932735184945
28536 6 5.003892203274121
206751 4 4.213188856224573
45542 1 4.275909011623297
17157 40 3.928993347992596
200618 2 4.000162889767919
201096 2 3.988039982433224
16519 3 4.5631649442958135
54294 9 3.8100808309582654
37446 1 5.627178118360384
44646 12 3.964769071922165
269050 5 5.171352619106998
6303 25 3.992593268733149
60631 23 8.261242278787057
204919 1 4.811393006216159
12333 4 3.224500403995095
201785 12 3.7008449465283753
57172 13 3.7343493095114733
28858 3 3.7408397716731487
265545 4 4.178810841029551
396973 1 5.179058809888038
201503 9 4.0456841257188145
60212 3 3.695989670878503
51985 9 3.7504490850199113
13202 1 4.719231185900267
268272 5 5.312410812512151
10192 6 3.879332754410103
42013 13 3.604120354263446
201749 6 6.932416697863429
50645 1 3.6714086567027744
268288 1 4.61779646188513
205044 2 4.247518838593598
50500 5 5.092895228289318
263652 10 4.665250658545883
58332 7 3.7620157824531115
9541 531 3.96998205730232
2046 8 6.465397706994866
264239 5 4.8002256385980875
16671 1 4.019609009576399
3 145 3.8409228299268534
24961 53 2.878594898953527
328000 1 4.440148144001592
266250 2 5.639504247250305
44217 36 3.7891880523114643
263437 10 4.628966374700109
63889 23 4.524086017189335
18183 8 4.512011503667202
55263 3 3.4345150399244733
205076 2 3.87217723609571
263663 27 4.922235886317125
20655 19 3.7147538170495578
137128 1 4.62166397315207
54765 4 3.9845968018965685
394768 1 4.639936534676722
11766 9 3.75083536091982
263283 11 5.312973835672803
203520 4 4.275987241379807
198329 1 4.023271841759236
201848 8 4.4997968604445315
46640 2 3.818513676617126
36307 2 4.208017351466281
63275 16 4.036847079992473
9937 3 5.0267484699447875
44901 69 2.7512650422653206
59072 2 5.331441160633707
43069 2 3.962197453343497
2187 9 4.718912411123218
203828 8 4.270474388578519
50302 2 3.8894393051382146
49183 27 3.0012482572130303
207184 1 4.340394673798035
12428 4 3.8831092527493123
133609 1 3.9168817473195463
265715 6 6.132756460576471
394263 1 3.9658908661719643
39770 2 4.025141257210223
29285 4 4.8873112721367775
265401 4 4.717695983612519
14795 11 5.452544602749683
40551 19 3.7937155271131955
266679 1 4.755484113587562
42852 12 5.0439703471007835
269268 6 5.258885556972944
51323 5 3.9139464297166335
207141 11 8.902671617558186
200587 5 3.7652868907916845
14369 2 4.171640871498395
45272 12 3.9691634889131557
262587 19 4.28841710609061
43138 2 4.093579289311534
59432 27 3.581132026322738
200555 21 5.203610491552103
268018 8 5.507111715392279
265756 2 5.016521309378453
263589 20 4.277816747449777
269478 5 4.9974885852208795
29873 56 3.5954561752881204
133847 222 4.008663807271666
10753 537 4.07244372060059
58536 15 4.9537149944739225
61071 11 4.086584511348432
262167 4 4.689313700070899
397301 1 4.530628167368725
52646 3 4.314842091861797
266964 2 5.380224943764076
35354 1 3.816034382881868
7300 1 4.487345010702975
64213 3 3.7955170128119318
1498 13 6.470777684634982
61706 4 5.437274938738155
263605 1 4.30366576043916
6983 2 3.805074248171032
204255 1 4.302924848980286
44482 7 3.7257583413550672
42682 115 4.388679176130327
24466 37 4.81719950082719
12600 1 3.943933788294691
267726 1 5.536026074819178
267891 1 4.72303155760966
2682 3 4.25298519761574
198423 2 3.893808735040408
267141 2 4.1952317655986935
393393 17 4.600177996496849
18025 2 4.1220716320716315
135421 3 4.820755661125697
11708 5 3.596815120803595
45637 5 3.7279184818364848
208512 1 3.752636880315451
267462 4 4.393586144336853
264881 15 4.201078807665691
266082 3 4.598076540361651
8148 8 3.1061006094032755
52903 16 5.119833350001731
12759 6 2.7874230383558776
131389 2 4.118678722051124
53295 1 4.199615043777605
269031 8 5.3238244856218895
15818 1 3.8779875868546854
20811 15 2.856305225246204
201165 1 5.553922006861782
22464 3 3.2530153714694867
53495 1 4.187739427442272
203592 1 3.8812811967573877
45249 8 5.834218100267846
34655 35 2.795761283995973
204567 1 4.787753229391711
25274 15 5.093545083592242
269480 7 4.955014486763754
51438 6 4.264139595983004
26580 2 4.256483435417448
135352 11 4.892009886862715
31133 250 2.8134294144749106
14938 48 3.9233232906941784
328039 2 3.353604138998558
10809 1 4.900540712163901
262728 52 4.9545848087200195
395938 3 4.5960877298351575
267935 3 5.952631785412562
268959 12 3.982560785233445
268722 5 5.188257981102341
136888 3 4.711469004873946
1878 8 5.001766367686312
137678 8 5.303232688941949
39847 3 4.067613635610189
267303 5 3.9047217976295068
8554 10 3.4514414419257813
51447 7 4.075835739594555
50176 5 5.084672176278208
200939 3 6.5196706820324195
134285 6 4.380385901721516
34873 1 4.703715096324777
265517 1 4.468994498986818
268906 3 5.8111987057891765
136075 4 3.9981714110009796
209363 1 4.090429466424491
1881 4 4.801698263001525
202313 3 2.0
264414 6 5.496904806133039
268474 4 5.667772267229907
33930 6 3.3929275177419536
65550 1 3.291414141414142
11327 3 4.772179151354028
57520 1 4.560623501099691
19181 4 4.297888296430594
205550 2 7.9471729573820165
201272 4 6.048829273088546
267059 9 5.155633266810126
328357 3 4.803130402965873
37919 2 4.169916556684707
61726 12 4.380978800726071
20057 1441 4.181210662813688
34779 35 3.037200221316417
134862 3 3.6676261492745756
199521 1 4.1221816906377295
266166 6 4.155576992310502
32929 2 5.334855002442333
41574 2 4.281918276277468
55655 0 4.0
49565 8 3.6801011422905767
19797 16 3.8071191989911197
34688 7 4.202256652324759
58136 23 3.727183973093398
132172 1 4.255713449112463
32740 6 4.0060004834882745
5738 5 3.8694374701772025
262513 2 5.320045220276285
15206 5 3.630558186021241
22222 1 4.05592936407697
136052 8 5.12656116897735
15510 19 3.1543529574984306
132361 3 3.903232051008381
205037 2 4.409768079862339
200342 2 3.9469709900688734
4255 2 3.8038894101701985
46455 16 3.8529522220947663
6854 17 3.7902699300972875
267620 7 4.894455785546748
203513 1 3.4185329687430532
51021 1 4.757471464860628
64314 2 4.782765953340305
43648 5 3.8008607031569417
327979 35 3.8475779765874427
268847 1 5.584929785502083
34659 16 3.388158073870869
36562 2 4.129714514082065
32319 4 3.6657198780531375
55410 722 3.8320661194847023
20089 4 4.110904549193565
52044 2 3.856369761862763
133692 7 5.013805310118938
36982 8 4.332410031406321
36772 2 4.001863160695501
52591 7 5.1337701474594954
197887 2 3.9680068201274006
36683 14 4.761589885944207
200780 13 3.3451135223657085
136741 4 4.799190524217762
31345 1 5.716102527380723
133994 7 8.01529842778312
47678 3 4.7506723840250356
266433 4 3.583119778843885
198821 1 3.9013615835044413
12324 6 4.531578357068219
50765 1 5.715083629369344
49141 1 3.840310747453605
58081 5 9.37940720697646
42425 20 3.8470839420597978
20985 19 3.664621546669795
23692 4 4.490453249521409
63125 4 3.009101186386511
393347 17 4.515940616787972
19919 7 3.7812560941484565
264783 6 5.0496878617581515
47333 1 3.7367458800231903
43534 3 4.518496223717899
132974 8 3.583619497688499
29969 1 4.469773506612587
394193 1 4.378700491311063
203116 2 4.43036285494865
62811 4 4.871803796029464
2166 13 4.788155480037884
49675 15 3.8510864488007193
50440 6 4.154637146229198
41165 6 3.6385718460213363
204789 2 4.332910457704374
132573 12 6.706168442773829
58688 1 4.8044436632378265
35934 3 4.315085097981376
263413 16 5.483903391591027
268353 2 5.165030656865085
262207 2 4.678711478477287
53222 25 4.188039132314458
209619 2 3.3496941945294947
20504 6 3.8063684433648497
27797 4 5.699074620642601
28240 8 6.274451177585336
8309 3 2.9395474128506356
57825 1 4.451732087471004
203726 7 4.044511562972566
52552 3 4.539154555949216
11877 4 3.9461609818752676
43705 1 3.8273060273060273
33580 1 4.290486084796429
54677 1 4.379716051144622
46573 1089 3.8049439008166774
266527 5 4.907868629946277
135337 4 5.09719715952898
29654 1 3.881383603311407
20660 2 4.0775144186613
59261 1 3.0134645109193547
12980 31 4.041226393062955
48327 8 3.811630788579768
263246 5 4.675115112657423
56458 1 3.8528206006316608
262436 6 6.20807174164276
5956 2 8.453215540640429
19681 1 4.199615043777605
328163 2 4.159829090637145
196705 15 5.780319232413014
204038 4 3.63122816162001
39445 1 4.004188566923802
133590 15 3.5914405179509132
205301 2 5.961936844741648
13737 9 3.709667869593063
21287 13 3.7815011735750015
394751 1 5.143200927880731
64017 0 3.0
6699 1 4.297748138637127
205588 4 6.873334717747563
10754 6 5.7987605409578
268169 2 4.585911139920653
50796 5 4.317747157859431
49959 8 4.061343764086168
59147 15 4.118065738793537
133970 2 5.610554896818245
9285 4 4.278822262293393
198282 1 3.9031312825430486
209914 2 4.606913524904546
264000 6 4.965315075858299
17328 4 4.189111606328355
197974 7 3.9574438050786784
61127 1 4.255173218268457
204473 4 6.072004697573987
47784 7 4.415903571320306
63154 9 4.207476171866062
36576 2 4.440252640525294
20161 190 3.5894857535036455
263099 23 5.6863997270880375
40596 6 3.6429737466724013
63402 12 4.097734023952155
394665 1 4.221978422963644
131342 5 4.154811059505445
34846 25 4.133260261231134
51507 24 3.764338812027001
54533 1 4.185144353001495
43009 20 3.6971581659068353
199624 7 3.570526201848113
197503 1 3.4736606032172537
204226 4 4.284351653378772
21655 3 3.81936574508679
50845 6 3.5861973984146363
56076 2 5.199337782268818
50449 2 4.045852674860956
24528 9 4.510611095067762
197939 1 4.548014419442991
42198 13 3.4834833125050686
27216 40 4.0168579403062425
202208 11 3.876477743037224
46213 1 3.851909546999859
3901 1 4.445494849066278
268038 4 5.658918890442702
54522 1 4.8770677926342945
45526 1 3.5920558497939448
24699 11 4.07018797463929
265772 3 6.756072225530354
50878 1 3.716468766888935
46997 5 3.449640910347031
52604 6 4.827802275934797
63350 1 4.045373036924762
61236 4 4.229691320972833
4880 6 4.470486655005695
56578 1 4.4516475818714625
264611 4 4.590688797100681
133891 3 3.889442202024446
264338 1 4.7383967818445285
2118 54 4.126322603842218
55016 10 4.426655157831888
134670 1 3.6834973613247426
133481 383 4.298709015587717
46778 3 5.033248437607406
269768 2 5.505351810439909
201066 3 3.8683055836657068
267824 2 4.7485517348053
56478 35 3.272832168906689
50469 11 3.1414113174489477
28411 12 4.502055810458894
24767 2 5.763166694416695
138549 3 5.38993175558857
266035 4 4.403601364438235
15107 15 4.208791794751557
265449 1 4.786805594287121
132937 9 5.536103660860431
26427 8 4.695019299251051
52612 16 5.474979681614806
16467 8 4.653247532290015
41965 12 5.29149410630198
44027 8 5.618810309355977
20180 10 5.528556117218984
24360 1 4.970811697057639
13358 1 4.596677753919133
9854 4 3.860183907927263
131378 1 5.740138854827894
60873 2 4.015667495068203
134881 4 6.367423629897789
264286 3 5.351315945333776
26424 3 4.168379183311992
42615 3 3.0077876265398253
11696 186 3.6428383805407614
200873 6 3.5314311920381285
133964 4 4.658052912529667
61872 1 4.761464352104746
52620 1 4.230679299718709
45084 7 5.270035834748478
49740 2 3.9210381450607734
60962 3 4.252820596136348
35753 205 3.4725275646929714
60316 19 4.42021067825681
134325 25 4.806126748139917
204307 11 3.6237821736221836
263517 25 4.0148962906759476
204203 1 8.749671114620265
57541 1 4.244766212623355
267470 4 4.654515342728198
23262 3 3.820826341043192
396986 12 3.6479762318987063
51489 6 3.801488297639746
266564 6 6.565554320157681
58698 8 4.269603400717508
198362 4 3.0216073258823672
55046 2 4.4613802426364
52887 2 4.089559599184462
16058 69 3.962876694295499
202096 6 3.7129023125023433
263922 5 3.9783533342701647
49078 1 3.772699919128491
136237 11 4.061029296132226
4609 76 4.373244250663639
9147 4 7.919517998624188
266188 2 4.080901352033772
37027 38 4.128637185879802
38527 25 4.854069894302144
49624 6 4.153008984800634
52423 45 4.340985125564761
44505 1 4.012390698315068
137379 1 4.654289727065795
196887 1 4.600048465530405
49817 3 4.534861941192636
138340 4 5.450560046176837
45150 3 5.003872864918637
51328 1 3.903390249900923
12097 32 3.2149438550071077
12052 26 4.211183569564655
262146 8 5.473964846314553
263956 2 5.223948568864276
27295 1 4.003180711610702
265059 6 4.581476375032771
41850 1 3.8519183474828638
61734 7 4.4706327180744685
18106 21 2.6326892222327967
209854 19 3.5462604661755766
203247 4 8.914122922378501
201928 8 4.698425296057991
264708 1 4.5032117148496456
327763 1 4.955591844754405
206095 1 4.483968456967225
265343 3 4.934835874672333
263384 17 4.5735535634844595
265457 2 4.09952805824932
22969 3 3.812924729653173
203909 2 3.743034208541146
51758 3 3.667516945855823
22983 5 4.382721338841168
29717 2 4.19921953673758
133431 4 5.168484290898657
200770 2 3.1497514739613526
18212 4 4.0448581600821925
198061 1 4.103224412535003
35596 1 3.704798129177012
268332 7 5.177282694707396
43439 5 3.9889033023349603
266941 3 4.619863789564251
4049 22 3.971540558579618
267092 5 5.217515332605841
41329 13 4.892181560886285
24008 19 5.257526097131496
264104 4 5.302576935774801
60994 2 4.26666372380658
8640 3 3.690422634254553
56576 1 3.6492355705935373
24651 13 4.1057845158953965
197826 6 3.3978704167520704
47479 1 3.4027976901632813
63273 1 4.8032789095596975
54130 2 4.935060889666802
137302 1 3.6485188230867953
42819 1 4.658849485488687
38972 8 4.347452039745273
21353 46 4.309061402121269
138465 4 5.395744511220702
50550 15 3.80705280389534
36605 1 4.553299570343905
268993 10 5.470424082224379
31637 1 3.768423160742007
135778 4 6.016522488944493
36714 3 4.055457715275547
131255 3 4.2836755288087955
11438 1 4.314584739289172
395839 11 3.0189302099593966
12059 3 3.6110803435605665
23400 17 3.8205773675905914
205679 4 3.7917654475259392
46926 3 4.66130349299949
4758 173 5.43783748746406
60040 1 3.7865494294065716
55429 6 3.5060886514601015
46323 6 4.137014512073907
46482 2 4.508546765529212
62519 1 4.500134931662026
10044 14 5.710459179087921
40800 4 4.253086523358512
266462 6 4.39364626502301
25649 24 3.945228282902177
37230 24 3.6835358167361667
134076 2 4.837138352306257
53519 4 5.107100002180876
61154 11 3.7106697493019283
200680 2 5.180412834049737
26579 3 4.185702211707108
23361 1 5.647493673540471
16322 224 6.2243838929995885
264942 7 4.491986179226804
21369 32 3.872064963578232
327936 38 3.5876466677915575
36555 4 3.966209215235214
38157 3 4.036215932940597
135771 4 4.595092320792602
34146 8 3.952951409308173
28829 2 3.8324195248564994
138181 2 4.088274410553574
268693 7 6.36302448139081
9119 48 2.825274975448874
268135 18 5.529032489535553
268124 1 4.574359393571216
262769 20 4.087701239343677
51554 5 7.759625939967454
12058 1 3.768217017678721
201551 4 4.685736703763679
198589 35 5.3749047133684495
264765 12 4.544516169621423
201517 4 3.801515718892852
48553 2 3.7673860852947687
39441 7 3.815560398613042
47266 2 3.78020080948432
62035 2 3.1634558330295484
17659 22 4.872545039256238
134933 5 4.125307021592944
51420 3 5.555347668413155
40021 4 3.7255623078198825
394737 5 3.804004260884417
23219 3 4.1819941232522
42142 3 4.587957041105831
266631 7 4.487351657826261
208777 1 4.109730080489706
5516 8 4.862783018029555
27729 13 5.031308475784912
394805 4 4.432370368872812
263080 3 4.056563561708598
204384 2 4.560617510372854
63294 3 3.04069884850432
394356 6 3.1169615993323765
10026 0 4.0
11072 1 4.462364796001905
55891 2 3.732102684162991
7013 1 4.120910207289517
57719 1 6.97241945178745
328502 4 5.184929426996674
26884 11 4.397796371598184
22181 3 3.983915732024086
58626 4 4.544650567762226
40051 5 4.572501544093216
46209 6 4.0501952360935825
13765 3 3.9889113794186932
53272 10 4.214822748650671
53374 2 4.1259127655260475
7005 12 5.514500671380559
53275 1 4.231944624432308
12450 1 4.341819088247659
17899 41 5.209397783092986
203988 1 4.571130928469381
265425 7 4.773280832891696
202365 34 4.572755553010116
59282 10 4.936095174726222
263265 10 4.385109910320177
48507 10 3.8002557151997163
58169 1 8.104308547741727
22449 2 4.140822707654062
29515 10 4.487679758597356
36598 1 4.041864017823697
202877 2 4.478174506062222
43133 2 4.1972448647976695
45838 31 5.177258429936877
134075 1 4.950675938858483
5580 17 3.833312786381852
199373 6 4.033647621578386
9238 37 5.01097089510414
2544 9 3.7038366891950973
205622 1 7.747034932318185
38147 3 4.650890616778745
49117 9 4.718321734568965
29419 4 4.19066174233347
202445 1 3.973086893478598
55183 9 4.026416875406194
50151 1 4.978500706995861
265377 12 4.096000069492242
42539 1 4.6934983084142745
51396 6 4.1027747275638164
58000 1 6.0629635080527935
49221 5 4.695275199893985
204284 1 3.886938333576989
266157 6 5.30200337059932
57298 1 3.7205877631062627
49037 45 3.358704451993002
209585 2 4.791662777991789
36675 2 3.811001292272011
52931 17 4.8371844829089445
31440 1 4.177028187508242
262519 11 4.4722929764970685
53507 5 4.074773542536477
205157 10 3.670724309377753
47938 1 4.6818717444242655
42828 5 4.7551983801183315
1399 17 4.0270951270258495
63931 3 3.8965201997932026
34108 19 3.7882082853912387
209556 2 4.961765597147149
46838 5 4.516958249558234
44747 3 3.4700304230693475
39209 2 3.7906438618549294
267511 3 6.046784404474585
208422 2 4.371395744508018
35115 5 3.662626322331979
3425 1 3.9525395512652386
47084 4 4.172510077121643
52745 6 5.0937602163730995
264573 4 4.519918235335252
138069 5 4.706787544760603
23575 24 4.744057334100141
25695 1 4.0410264160143425
30448 1 4.795450196583202
21326 7 5.916288343314163
132255 10 4.81793059963294
262588 13 4.398114729742407
267940 5 5.378183563624159
197751 1 4.364682647252449
202739 1 4.134096119282432
18889 5 4.280343139988905
34923 1 4.005470664532498
263029 3 6.520861876374971
138213 2 5.263110214072857
263780 9 5.553911374445207
328161 1 4.7433703771142195
16609 6 4.384891276229412
38901 116 4.577215713074625
200304 1 3.8168682287729907
38233 1 5.978937057400728
18413 9 5.351650277716255
14313 12 3.877058846234652
51880 4 3.5587138919797523
63121 3 4.4632388544778
61171 12 4.44909675517946
43709 14 3.1202997482379997
39554 3 3.9677977716439963
46262 8 3.1136507906787094
204336 1 5.6987421282301325
48044 3 4.12536554924569
58530 11 3.834162508296854
25667 41 3.8366449505004416
22396 1 4.569948212706835
199119 1 4.749804714100162
36983 3 4.177262242552674
44391 50 3.8592620872064947
267379 3 4.67549990182759
395168 4 4.421870125840112
37525 7 4.159665489233875
26395 30 4.073071160559706
42576 1 3.990087954373669
1249 5 3.9050529063590664
24827 1 7.888688824403111
2936 2 3.9290020081209613
395074 1 4.18064611147534
24107 3 5.502005078893025
18115 12 4.08866778307401
62599 1 4.9998361748482845
43992 1 4.758109363403481
22411 54 4.216409513333093
47611 2 3.765699011454886
22727 9 3.7902049585385087
39093 5 3.2962862509374893
34291 3 4.111003159185772
199735 4 3.8514370362282904
53229 4 4.532051358272553
265326 10 5.251337185660326
49509 2 4.552639664470265
5401 4 3.8487048418734364
367 164 6.468116798671484
55680 4 4.114830616452521
54915 4 4.354737684345769
268655 6 4.69686151261445
10054 101 3.966719059640348
26063 5 4.360160593157168
32753 1 4.294479546179054
30455 6 4.556840346650866
53199 12 3.8066430299428826
9292 7 4.615208242833445
41682 63 4.37567122902711
269319 5 5.433634683051607
1712 53 4.066805106424721
133556 2 4.7721387852867645
266861 1 6.224477067662618
52477 17 5.0811756663728875
133579 57 3.811227876291227
5939 4 6.4685750177646115
63023 40 3.7153711604045805
29766 10 3.812870380684545
265659 5 5.172850373673418
22742 94 3.614031839157566
17575 26 3.9808090987408584
265804 5 5.817143441525355
267294 8 4.601626888040591
265341 3 4.982679270398303
197880 3 3.912614448899531
265344 2 5.100855012513473
51579 4 4.3184414376356814
37560 18 3.9406506158999286
44936 4 4.253087589294486
43881 1 4.672442126383013
263630 1 4.54326579398829
15924 294 3.84141788727356
265489 4 4.0121519881780765
267225 4 6.721411331658011
13118 43 4.201224094834499
10317 1 3.818671147012691
268664 1 4.554115391872563
203399 1 4.3715273779313195
265713 2 4.716450836743225
3582 6 4.556912629509885
37020 39 4.548916368366714
52354 4 4.541703952642128
57972 5 5.643385641907809
102 5 5.4920036733673525
24040 4 4.88114064259862
31822 13 4.061757423750511
395243 2 4.960478917443005
395423 3 3.6350910606932025
268254 1 4.981628434970826
53501 6 4.010168589199518
136434 10 5.5620403115781984
33462 1 4.51206231542253
64003 4 4.521317783617946
11013 8 3.8987871282489643
268631 5 5.216364504553927
136442 7 4.377621440783278
200401 2 3.5143416640876817
55173 4 4.52391090532262
197205 7 3.673144590338813
28393 1 4.71918371356795
43093 1 4.817947319967024
56017 21 4.449446829564885
39694 2 3.7415491411071233
6773 4 4.763202401414372
197393 3 4.242363337256504
209842 2 4.697583638168569
11260 52 3.312442496491548
137050 5 4.814695065666372
10201 379 5.007893187454664
30677 1 3.8114275088166725
200279 1 5.012307137307137
25818 24 3.2650396728463753
17970 29 3.9947704694580315
132662 1 3.6549737608781383
132381 3 5.808644989819116
198155 1 4.345985958485959
22401 1 4.462364796001905
35482 2 3.683025964180181
202699 7 5.537426349641775
46167 1 4.199615043777605
136982 1 4.244409677668497
55699 39 3.7953316417438314
6769 9 3.6080017481242557
63010 12 4.222312304406829
207810 4 4.969863735083698
21668 9 3.886453548154939
27604 1 3.3079326923076926
16698 18 4.18235558074352
20552 15 3.4698403222627663
60282 1 4.200287589731381
23291 4 4.183800291982947
138185 4 5.06982756000613
263683 38 4.7935807968360695
199351 3 3.883018362716435
15598 33 3.1017343358513823
208210 2 3.762770258206598
263519 5 5.924371349438621
131341 1 5.955644932502155
16142 1 4.3698434307678005
201188 5 3.5551695760316115
18826 1 3.8000091953293933
206178 7 3.760317722706428
138439 1 4.872260552346759
47922 1 3.8238832595975456
9066 11 3.5746998971866426
9896 2 4.965084381036801
198677 1 4.921673892756842
19956 21 4.223841902273191
62061 1 4.498080505477392
197848 3 4.312099160545408
137265 2 4.858627923377736
266707 1 4.495122230138651
21446 4 3.4028890171784063
43909 1 3.6914251985680564
204029 2 5.8446190626976895
46387 1 4.603073200593726
38783 6 4.049455323180367
132567 3 4.064280458622741
199168 2 3.7346670820972
264047 3 4.351229337187524
38346 0 6.666666666666667
202311 3 5.243319867785336
49728 1 4.185516177194917
49977 1 3.8814476056560516
45661 19 4.582244948834674
44487 2 5.513555441792296
266470 3 4.930197783458327
267151 6 4.658815575512819
12008 65 3.772142773634503
54843 3 4.08685034788205
15638 16 5.074879092777378
56367 2 4.6609235911548
206496 8 5.717241956406899
44664 15 3.7489818332410674
4905 4 3.6905132848773112
266329 7 5.510867795082639
267702 5 4.3235987388600385
39464 6 4.214357984319052
262212 4 5.730201018898115
42773 2 4.133445337839033
5379 5 4.971408809423336
49055 19 3.6174589048827137
24556 31 4.038707232011376
62889 1 4.458172261612591
51004 29 4.075191062074104
264758 12 4.949803669676824
42860 3 3.805714406701999
21203 2 4.011671654155889
39582 106 4.104843974139933
395267 7 5.179156805569683
136750 0 3.0
24588 33 4.334954332852125
55575 2 5.1947247184199465
61933 1 6.392179558605051
14253 1 3.7944086096959664
131446 1 5.1976260019856095
38713 42 4.824241092181844
56704 6 2.9949047858810793
265121 1 5.529491640452231
41733 75 4.4242330788421365
16065 1 4.8470886752136755
42208 1 3.629195463678183
43568 5 3.624635484592323
204885 1 4.009012944727231
136286 4 6.012482558796188
45986 5 3.8216289301281954
35267 8 5.970344179558623
135209 1 4.6758512574996836
394699 10 3.060129078772952
40088 2 4.163893862069905
266149 8 4.774460613665787
131267 46 3.8955014150179204
5670 9 3.776770218939179
264553 6 5.327515299961149
32743 49 3.9761599461544987
265349 5 4.406795263936088
33868 3 4.49571790021646
3164 21 3.5617631939560113
9982 37 4.326061483193211
135139 7 3.621568567458748
139323 1 4.22252673195715
206356 6 3.5673671829711844
37123 19 4.765074965220759
35378 5 3.599810908754035
29781 3 4.419722800006323
135216 4 4.676438158926921
30362 16 4.333868212131866
32630 2 5.8051935844032885
54035 4 4.596677753919133
132779 10 3.6110011433723614
138325 4 4.555365847921996
14076 5 3.819984823438715
62840 7 4.184582936452089
395806 1 4.155226064459207
50966 5 4.078094048454784
137978 1 6.0
265979 3 5.794948499173058
18109 11 5.590647427412083
138437 7 4.536552653012361
55828 15 4.002761440802431
395015 14 5.105873422650298
203815 2 3.7640116464629068
48081 4 4.758012405157313
42721 1 3.9186957137417964
138681 16 4.686860846312961
46329 2 4.475036534091583
5974 11 6.464215400281688
53023 3 4.747385224842629
264925 9 3.6657824311509923
266762 4 5.14837729820488
38737 2 4.4417398968084525
266030 8 6.183938719756492
18701 26 4.2632898712074905
45444 2 4.266704193167316
201577 3 4.565369036461409
45732 5 3.822281499944345
137356 1 4.626714916370089
26097 26 3.2074650890544456
264649 4 5.756728831232875
327781 11 4.710858966713431
263969 7 5.317261506724821
205610 6 4.2623481650335275
10995 7 4.190393054777443
62665 2 4.106912318766287
48316 3 4.5567802373923385
198973 1 4.102210025424311
197790 12 3.3553841403011537
26914 69 4.005724586507041
35953 6 3.603122034930895
24206 11 4.2859088926767015
37705 102 5.991031928800143
26970 2 3.9228193326282175
197617 4 3.2914575475568943
48950 11 4.088790008246687
49340 3 3.748396241352457
26639 1 4.770352494765466
36416 8 3.381396164345679
18266 4 4.681795458564681
205439 2 4.320700821352388
267538 5 5.310048456241023
134564 2 4.106928740759397
50098 4 4.407856547409308
263362 14 5.344064657830326
2636 1 4.199321823041034
200059 3 4.119866949609583
32208 7 3.8094386744284128
53175 41 4.333155981261938
265991 4 5.459554920999379
51825 35 4.390355866453625
43541 14 3.5229033195246715
57285 1 4.011132522830295
39720 1 4.770126208490264
199939 7 2.965027139850848
38769 22 3.981349127046037
30641 5 4.247916545138684
33501 6 3.4379257834141157
263398 4 5.241668420137114
54848 1 5.481485626965199
59913 11 3.8014061122320135
58668 14 3.8725239814029777
264952 13 4.92662850368761
37002 51 3.3765086223093097
264474 1 6.403953527127968
328179 1 3.6887961783399628
395563 7 3.840723725659881
26431 3 5.334279302161076
136047 1 5.595007418221704
395298 1 3.951128914564702
62210 2 3.8684118600180426
268125 5 4.856658837499945
60471 7 5.029525804308915
206081 2 4.201596478693958
6262 35 4.201254172038611
56665 34 2.7197992500501362
1511 4 6.46249974713074
263236 2 4.089077165788341
14654 225 4.202331463705424
196725 1 4.839142507677182
26113 1 5.616719644540239
3371 20 5.1834707487547735
18632 53 3.995655814024905
