269100 8 5.139876855768779
11328 3 4.682232387207756
63428 2 4.353255955274251
44345 1 3.892625752960533
20842 12 3.9000090742206814
262833 7 5.04491124837708
269379 4 5.3520371090979735
27018 5 6.361345730666386
48008 12 5.030796415518638
19050 10 5.137899794521713
45189 8 5.140143637398625
269100 8 5.139876855768779
11328 3 4.682232387207756
63428 2 4.353255955274251
44345 1 3.892625752960533
20842 12 3.9000090742206814
262833 7 5.04491124837708
269379 4 5.3520371090979735
27018 5 6.361345730666386
48008 12 5.030796415518638
19050 10 5.137899794521713
45189 8 5.140143637398625
15800 7 4.107527086524838
58681 9 4.000267592377146
48161 409 3.657057734156666
48338 2 4.361161891564314
35908 773 3.5716399077820093
267823 4 5.152306830296219
14746 12 4.194584694201598
41873 1 6.063855443332939
47286 7 3.7432100229862835
27900 1 4.765829012257584
133676 61 5.011058048558532
47267 13 3.425601459733059
203781 1 4.486947348668589
205741 5 4.074616072224999
18298 1 3.8206524243425966
44006 1 4.684392640719276
28656 3 4.281555727238244
37504 3 5.0679859318504965
133826 3 3.6478528224207944
268437 6 5.883866870309554
17553 5 3.672810059922336
41861 2 3.7887891230328212
31849 8 3.8083136030168885
10096 13 4.149716491795972
36279 6 4.822946603453711
32699 3 4.741855501528927
4966 1 3.838994708557224
204471 1 6.7529504270360174
598 0 3.0
15537 2 4.463996972185125
56720 4 3.858060775628317
267607 1 5.071144655381109
45641 4 4.380610477442833
56773 2 4.938431223948465
45958 2 5.19470208221674
18175 2 4.960420774870692
44845 1 3.920418306378898
39581 1 4.0097552789237385
268368 5 5.861534223202521
395506 6 4.521572418978317
39422 6 4.590207335288191
53964 1 5.324891242338869
133775 72 3.9993688971559282
52908 32 3.517469330356645
197130 1 4.985901766542162
36586 1 4.062225829877718
53587 42 3.521935533261122
266847 5 5.24756242355411
202630 1 4.0509381225719485
33313 25 3.6415754584424476
31278 2 3.8172945782551695
27807 1 5.155555555555555
34574 5 4.227800318830121
33248 5 4.879209315910272
20810 12 2.8462237265257877
205315 4 3.8890732545489612
196926 1 3.959944366246887
266829 1 5.974078418084986
49266 2 3.6407984794651136
200564 3 3.674940702270123
268682 1 4.580001749726047
56178 4 4.0859668790110435
18649 17 3.9370553550686664
21486 5 4.587312964493561
51437 11 4.530583862562631
100 8 5.330267707723844
47240 4 4.52799889155374
63997 26 3.990003228583703
3603 1 4.777462088176374
203449 2 4.481958525123524
47473 6 4.961673032313427
53962 3 4.281979978454934
19011 6 4.5917288833452625
132852 5 3.8454135422144624
25679 7 4.234247030946894
268858 4 4.684881278114244
202639 1 3.5702608891933014
201013 6 3.8478973908705774
19768 1 4.188366243316983
59279 5 4.949916937434053
327722 3 5.072222222222222
20264 20 3.7970368973976485
43733 15 4.4508704954587515
58293 5 4.97625549427227
262862 32 4.198752960945236
41856 13 9.015039156430449
264248 6 4.485544044204799
9 10 4.17720563505325
55171 2 3.802023428767614
50474 11 3.9460341261567926
58099 1 4.650803637010534
263636 20 4.957923935110303
44386 6 4.174165436749886
395988 1 3.8051460899983067
138252 4 3.6476829997273668
266306 2 5.749724448245873
133312 1 4.5913253688551325
201322 3 5.564266639900877
64020 2 3.91240981194602
135482 1 5.318864502697631
46757 2 4.388481384485646
61945 8 4.2837436442667425
133673 6 6.273725834537574
209638 2 6.904998971917768
19151 13 3.201482742122739
56264 17 4.493350260325046
49404 1 4.461705550991265
393791 2 4.208162604276284
49483 2 3.7033199530586285
7734 51 3.9597130985757722
46531 2 4.70606587466623
205699 1 4.8798060356519
197704 3 3.841694767517343
51569 56 3.536404406134423
26077 24 3.1783634311859728
265701 4 4.943067461797843
138122 1 3.7506807484630067
60920 4 3.8180816464839986
266393 3 4.421355718662644
22918 2 4.117729234602781
202967 4 4.7627788520758045
33448 1 4.044757042711005
15726 3 3.4401120059542607
206452 2 3.842458856203153
9849 14 3.814915888607105
32352 2 4.0
28301 9 4.24685958517225
133244 4 3.593751178274988
56729 2 4.6678284764635
21478 1 3.352707918184109
58009 1 4.760350760350759
263520 5 5.161985377717973
16363 6 3.524152048688664
16406 13 3.6214963282351587
64258 24 4.181226238841756
202836 1 3.6494688644688646
268182 1 4.6303133296657855
40116 1 4.473695748695749
133495 14 4.19938323639011
25367 5 4.585529481582698
262767 19 4.941293150087255
14868 51 4.116764382659101
44772 3 3.7347890100130336
8211 23 4.051267822279966
48452 50 3.2433766599834977
16596 58 4.653849894094219
16354 5 5.251540106468792
61652 3 4.757080254960036
136910 4 5.582119410943783
57525 2 4.099487521518625
196667 1 4.874093923830536
263268 3 5.275805016178664
266229 1 4.830558198415342
50602 1 4.607363579760262
22552 36 3.015802264733187
268963 4 4.618898761603947
263222 34 5.521250509097732
136224 20 4.772637255575629
50419 8 4.881286018870646
265267 6 6.597856635457785
58672 2 5.0166802313343775
26016 2 4.5099863279074155
53937 2 4.249252059313502
51047 1 3.606256297980436
48947 1 4.559620888192317
202667 1 4.76090565985524
34320 1 4.600945677885333
23828 2 4.956070913213771
45288 4 4.827013791100872
1256 28 4.909207524909722
48179 1 4.0623813801363555
200859 0 5.0
133352 4 3.7989127293786797
263403 1 5.433957145575706
31521 1 3.8957214412571566
265894 3 5.685792870988682
395855 9 4.611936061316291
208085 2 5.067388686107089
11653 23 4.081562900245468
2727 11 4.386478557614057
48703 4 4.290752641461158
46954 3 4.003358448850698
18179 1 4.0605630810987945
57168 22 4.202841650587554
4646 13 4.756033146867724
138862 3 5.040704409513938
40318 1 4.468046867989396
263473 8 4.9389811518154225
56567 2 4.047192462709704
38883 34 4.138150886689504
28374 2 4.382352367524826
58796 4 3.749105074597987
201787 9 3.958653794266063
198440 6 3.1785068693270997
394850 1 5.834170425223381
27047 57 6.466015887029014
200066 1 3.704709533280962
29067 8 4.145372041830889
395123 15 5.0357112079227155
138961 3 4.519070212867252
50956 1 4.684534995321724
22690 14 4.3911977475423285
5376 1 6.473241851197517
268903 3 5.031756166265571
50733 2 6.749552058049595
201008 3 3.6936414128555515
11784 1 4.620935838994595
36205 3 4.271187088941166
7590 66 4.21573250124437
134917 4 6.008181374721025
54388 2 4.031307932041644
15695 118 3.387511414279265
18366 2 3.749811497580826
38634 10 3.9628478413550567
199957 1 5.0848124587210215
1323 1 4.179473950303179
201569 2 4.279612958073569
31103 18 3.2076506701064846
208136 2 4.802268141073846
264024 5 5.648191615871321
39151 12 3.9598728200265794
393626 6 3.691665334303056
18017 1 5.3137327178549105
136012 1 3.9670406698680503
2734 39 3.4440618145360187
265580 3 5.299901517498604
52378 4 5.53721544715522
60503 8 4.596713032942666
15975 93 4.410445386960239
52075 24 2.9760495124276907
22920 5 4.160285658461105
15624 1 3.8128114975275
267287 4 4.993682763386366
198069 1 4.005663563016505
49994 3 4.246797175437114
40484 1 3.0221335755149914
328320 10 4.001253102593149
206785 3 3.888815713662395
10464 17 3.895559888082563
262438 9 5.037386592630498
50825 6 4.132947500531405
24539 5 4.197250572393417
62993 2 4.142858800487334
40154 12 4.545908280988404
136737 1 4.658195790056196
132661 1 3.6385208845174284
5397 2 4.115144323487881
19386 1 4.035643598114399
35356 17 4.9361755099591145
13124 352 4.175895092668542
41967 4 3.711591616160751
36832 1 4.199924258372533
16912 7 3.3113557243195
53002 3 4.7882386635788
58118 1 4.924181638467353
25286 3 3.827375273463731
30084 1 3.8415765182000152
22093 8 4.331998171643403
38690 17 4.132448784892986
202192 1 3.811931736931738
266792 4 5.695519677024571
54309 1 5.303529472395018
267685 3 4.444502216843351
62754 2 4.913157226313752
264954 8 5.679150154172959
199550 1 3.796803200817448
11255 15 3.495173976553376
8934 26 5.159277061687995
24048 2 5.209687402664161
61312 5 3.703958736777981
268940 4 4.076279856625412
132158 3 4.044485967822126
12662 1 4.017630018458655
37958 68 4.554176998369191
26660 2 4.360911989221428
135848 6 5.025800430315081
198274 1 3.815827013609373
266778 2 4.7485517348053
53900 1 3.8016759093852692
59725 1 4.448179408736675
7832 33 4.593633382832702
132059 3 4.244741354248743
266382 12 4.340312163716722
200779 1 5.262752394054915
24978 6 3.8865127096106638
203438 4 3.802472562173019
209241 1 4.108468094576469
10930 8 4.458595313776837
263467 18 4.8700881951655735
13900 16 4.313087888716306
132419 1 4.62331086393689
21250 3 3.8152014263358804
207034 1 5.019651804134562
47625 6 4.054126549725893
268687 7 5.299957158678876
34925 1 4.367382568304228
14678 2 3.5099865922972513
24222 12 4.342903826641637
27932 54 4.179544194515519
48918 51 3.452091594782936
268616 3 5.4104030813377975
63031 7 3.504997126964634
265361 8 3.924396872299744
266961 7 4.252098910928138
206720 5 4.227360158817543
28625 7 3.713902258714546
52576 6 5.365747617705948
27895 39 5.667835897246194
9471 231 4.35412883390882
25455 13 3.3008845834629077
57604 4 4.7551983801183315
1678 22 4.203131187840716
131253 1 4.014441845114114
30636 7 5.20344258240005
132233 7 4.58296555162053
268362 3 5.243399325014185
59170 8 4.924770343847505
41843 69 4.335654835554539
199261 1 4.220356136400913
264187 5 6.544993797914249
57376 3 3.6783644428225992
52670 16 4.433944519422433
203234 2 3.863880871575448
394627 1 4.791679127294891
202571 2 5.959854076244435
199093 1 4.8899038227091225
46061 13 3.9095607389816007
264740 1 4.7174923963101305
8553 15 3.957920892523385
14439 2 3.9941262632705397
45250 28 4.071737437502678
44213 5 4.360069383967197
197406 3 4.092762889077099
46869 4 4.851571467211862
51410 2 4.139864872635271
264861 7 3.6016723426531843
61478 6 5.561514497925318
268143 1 5.026091159685365
12271 184 4.325121434363564
201117 29 3.7064783085906634
61597 2 4.746124308960735
24481 10 4.131938395368317
17028 1 3.8021912670434843
268240 3 5.259694697305537
44569 5 3.8975450680850594
17229 41 4.199456782084453
210129 4 3.513494130764373
14572 2 4.216057494948455
58456 1 5.030211367282716
336 22 9.451421975359073
58418 1 4.829602006332504
49711 7 5.505599960034284
51343 1 3.130668167156447
56428 1 4.5421847592290945
21571 44 4.339996052209526
44301 2 3.6439377422574792
132493 2 3.694128177463805
265903 6 4.225762738719075
267912 5 4.63688930267039
8208 7 3.7146077021042863
11799 9 4.110485219192505
159 8 5.169386972502552
199997 4 3.6826048105801243
132543 2 4.318581298846867
7579 19 5.5392857142857155
49350 3 3.8580542453107953
262940 1 4.187548386277969
58196 3 3.6583693590054454
22142 4 4.52026487989832
202146 4 4.6326060823159105
16249 1 4.430860093373418
60708 2 4.41113767078795
58621 83 3.9770604389995454
61963 1 3.961845185465875
57490 1 4.44500653606565
59195 2 3.6325020162817787
60090 1 3.504759460973525
267801 4 6.316814564537414
269535 9 5.948100498186532
6172 3 3.8856987545822284
49216 2 3.4370263259197493
43566 6 3.616318040804489
37236 12 3.931985847551914
208755 4 4.367261904761905
24352 1 5.4375
60231 13 4.167016336295303
64429 13 3.647925300778168
264565 7 4.928700458041579
8648 7 2.9980274194110255
24049 1 3.6150416767976297
52360 3 4.900113325662002
25081 7 3.6429146902829297
28623 4 4.8660840629858875
52314 9 5.041756051127292
6650 34 4.0747668513731705
38146 29 4.825765091116859
25242 9 6.024013115439657
208945 1 4.682258668813291
12234 22 4.2532162825933675
54359 4 3.0139487833112666
46404 4 3.818671147012691
6362 2 4.556247091174453
264442 5 4.486586937002317
264233 7 4.5892559911497255
268606 7 4.930933870669416
139371 2 3.618979850903942
263557 8 4.874028449262032
61211 6 3.0214233863737854
42891 2 4.763269256502339
32136 2 4.806736810154629
29053 7 4.769081415791499
11017 19 3.065492849082322
29337 21 3.88313454029616
26245 25 4.394246769101857
55217 1 4.4738343621348555
57722 12 5.650986073715953
26517 15 4.304739395114789
34603 1 5.0
263793 9 4.305586064655337
55286 531 4.350045047161908
2647 5 4.19595625302815
6681 7 4.252508804532478
135228 4 6.01694932634612
37062 3 5.130357718830753
263814 5 5.867541065317372
59196 8 4.286866500227597
138843 2 4.254203687722561
24239 3 4.150977857689636
62235 114 4.524122425083942
262674 26 5.703623543102471
40443 18 4.25786371304205
268500 6 5.284155190571109
14117 602 4.609298009023925
52570 8 5.173621344781527
44254 3 3.6523836287081304
31668 1 4.774512385599401
262458 11 5.285473853212919
37442 6 4.694013384769589
264186 14 3.7141851748933887
7403 10 3.797870325138303
199811 6 3.4196325462742374
63581 5 4.3684547485768634
328092 2 5.019475925772919
58075 59 3.917582405122656
23410 315 4.478315867199774
135681 2 3.881369923674904
205537 5 4.283041315486999
55694 3 4.645596974398653
137330 3 5.554265388409625
47714 1 4.454803885222605
263609 4 4.95760479010706
63188 7 3.9985879816854863
209912 5 4.173751181222492
24810 41 4.13099891670928
59415 3 3.807006182449001
7654 26 4.09926463066851
203827 2 5.785937467419918
200 4 4.857466187452044
136486 4 5.282941000659909
51547 17 4.89423113620462
39848 1 4.881095514723142
267190 6 5.039718067093124
263368 11 5.217270676104176
29761 2 3.9729581786601886
263060 7 5.373548154212518
62735 1 3.75388359587867
56242 23 4.020545926834993
28154 26 4.529491295265446
267315 4 5.3703802992168175
9223 1 3.608608961585153
201626 8 4.009974578010379
394889 5 4.206755482749635
64225 15 4.468415262140571
21568 2 3.995262976594214
262265 1 5.733933436720793
206851 2 3.010754681935213
23462 3 4.884513184308432
198387 5 4.087072750231958
21574 6 3.2675544404539454
6911 3 4.152125449266681
266731 1 5.109995137167908
268645 10 4.645034357719513
51615 4 3.719251270732037
58387 5 4.671954000800169
52364 5 5.130640920746162
57995 1 5.352687437935885
265404 1 5.036068104962115
133838 9 4.056430962895856
10689 16 4.159016699509694
209811 11 3.8006965318801145
59454 1 4.352466128253942
9461 5 3.835047216892455
23359 1 4.466605123457976
264224 12 4.577481916844545
52260 86 4.072231534878764
31774 2 4.911992198616112
36000 4 4.264809548760501
13224 2 4.288189586630587
20988 14 3.431206740544246
7281 1 3.8075711297293475
53146 17 5.3149955434114595
782 1 5.291611173149268
206456 4 4.152594578609058
208445 3 6.039288998190886
16619 1 3.067034050447173
21589 26 3.1658332075890376
34577 26 3.3972621339001967
37214 9 4.720907504237128
262230 3 4.596220795342277
38333 52 4.806782109937784
201661 7 3.872659212150543
19318 70 3.2584947006753557
269817 5 5.7521893624697995
269502 9 5.161275957282352
200678 6 4.242696986628953
269238 4 4.647535626417756
268808 4 6.710888502773548
137558 1 6.654294839429788
137473 2 4.146353666214618
52781 17 5.576274513146763
206655 10 3.8996377509266
34963 1 4.692746740579253
266709 1 3.947593559414485
267229 3 4.230178192389834
11520 57 4.1436492170926025
26391 1 4.550329172856882
18097 24 4.425677525398483
45938 9 3.9555870904627426
23889 476 3.5718886187248584
135368 1 4.036692035437959
328354 1 3.7295090430267073
24456 6 4.0970909793504635
264473 8 4.257468928529401
393949 1 3.004396442082369
395466 4 2.9769155062234733
28875 6 3.7577407376159733
42851 3 5.038711741867734
8387 21 3.574884456211877
9287 62 4.744087379379441
39385 1 3.8514774992885594
132677 1 4.913001754253226
54478 9 3.976945430402057
134052 4 6.687719269266888
52223 1 3.856404318501093
200025 4 4.682502755938183
44093 1 3.8819718128353524
55025 3 3.033692933297933
31305 2 3.761282679695486
3390 6 5.703505671785377
136013 1 4.482654905475401
267799 2 4.763070591695985
49016 1 4.628718628071083
47161 2 5.17722579678715
59746 1 4.2460363394635685
42847 2 4.142096785813593
61902 18 5.024927124782839
132045 39 3.7800462474012706
199727 6 3.8036286643751445
15216 4 4.491584613217374
40588 4 4.768065922282792
41035 2 4.72427118519494
23770 4 5.782730670607935
43578 27 3.4635811100974117
12185 3 3.827526279177553
132222 3 5.390095533915125
43283 2 3.7098135757799624
12939 1 4.557065860406875
13657 8 3.7266622549198027
6528 51 3.820663268730495
16097 38 2.964646471345656
36277 1 4.770352494765466
61249 1 3.6890082528737995
48107 1 4.586006911433351
64281 7 4.6902762173575825
47111 7 4.32064466258692
8717 167 3.414637918823976
48725 17 3.7181317063565236
199165 2 4.456708258009328
27541 11 3.8211045571606173
31892 5 4.20267420738876
38896 29 3.8763679609348367
200662 2 3.8918912443868963
203089 4 3.7475352698389464
328275 1 3.7157162808952826
268620 2 4.258823437732911
24368 1 5.804717236107397
61967 4 4.537778332289765
55305 5 4.904316493697469
198377 1 4.6954738331489025
264257 5 5.550567041493751
266415 3 4.207747809054854
10490 2 3.8590950888533695
19601 1 3.8021912670434843
60824 22 3.965931101230675
204643 7 5.257845963456488
18156 10 5.073461240200798
205530 1 2.8455063188157492
1406 11 3.574609703477467
29118 1 4.149227811961801
33189 6 5.164438731550318
268367 4 5.15398461476179
210104 5 3.6164065477855907
262168 5 4.153856498056734
32325 1 4.770352494765466
204148 1 3.9888643183579466
46238 32 4.735259776107426
265292 5 4.673753725857628
22546 2 3.768114001951774
198114 4 4.265035419219759
132954 8 3.614955908460387
206813 11 3.255091886004523
30264 40 4.082658636048355
49742 1 5.116743776363592
55786 2 4.033810154862376
134320 1 6.012482558796188
33993 6 4.97522753605463
11066 9 4.321850450176213
267187 1 5.177007676716503
269445 5 5.740157186188471
204590 1 3.88379131819992
198376 1 3.987713375310579
6580 8 3.9907413036281683
26423 4 3.892810383836412
11930 1 5.001279176291286
59624 4 3.042263954888882
6536 4 3.6701449043516927
198507 20 3.271656059356169
3261 41 3.4229784947722908
201453 87 3.0243414650145546
45750 1 4.033294881967774
263509 12 5.358907753731465
11728 5 4.990788701457067
30340 16 3.5098337307385625
267499 3 5.729699727041508
62358 1 4.065970838983511
27383 4 4.120947839250279
269403 4 5.970349995911052
265109 4 4.83462940547024
206376 4 4.0010191867241165
56377 20 4.329455503871818
206959 1 4.877074589340599
36881 12 4.559775049675435
26243 10 4.770062638680131
23681 11 4.620091613794322
52909 5 5.513044840424685
395708 1 4.437043492905562
395502 3 3.168832542140206
50108 1 3.9885390850201774
21632 13 2.999106086896681
47576 3 4.479687892005451
266275 7 5.653266425518468
59617 2 4.430574692571683
8723 30 3.452376805421431
38258 6 3.9735371631102097
19260 1 3.8017059659916814
269212 8 5.164185731401725
328045 3 4.044712049996669
20119 19 3.0860378790857785
49796 4 7.76735662536244
62330 1 3.873014488472911
61586 2 4.214635638588611
263650 16 5.000725705922408
61714 5 4.7812508449486435
27020 6 3.670872444255261
12337 43 3.203692906270463
327742 4 4.835222829618138
62614 5 4.296942634826972
269002 3 6.5897511813072045
10103 216 4.119319031235824
204792 1 3.7014052085480658
34368 19 3.6920247802107182
52747 22 4.776595234543363
46609 2 3.4067657686170656
52926 5 5.405432193494084
64301 4 4.885581473984253
16050 32 3.6026834887295074
201905 1 4.075880069212371
32851 5 4.205931592807874
62373 2 4.214580252800375
268868 5 5.48300309949849
57601 2 3.8820750407673565
205262 7 3.878680045625595
264523 6 5.15147914293403
268678 8 4.951649951862278
264097 1 3.9953719165524473
5568 4 3.6501390035592842
17213 30 3.9806846895051624
131426 5 5.294239637031532
28053 21 4.438412103038629
262727 22 5.725444265643162
52016 7 4.0407244173389225
262501 6 4.187347725695638
266557 4 5.7459057253169465
58231 1 4.30994758914927
196 12 4.164752095055751
13998 34 3.935799583093042
22097 19 4.3025012505256415
396072 2 4.825623101583693
57049 5 4.6118488835766875
29694 6 3.916473095515328
207177 1 5.8330408387131065
58249 1 9.375722136948102
266795 4 6.6235021090410715
24200 8 4.599225856619405
200400 1 4.4827464319060955
266472 3 5.491763113285033
49813 9 3.399872289160054
46723 120 3.029399902975267
396326 2 4.069615521472557
45473 2 5.334713400763148
36249 4 3.8623585431951786
36163 1 4.474600645659759
29551 37 3.5288093673159358
47793 1 3.922259865544964
19053 9 5.349158168193446
196922 5 3.2034598137982715
266951 7 4.2083655064000975
26689 4 4.1726618529937385
209348 4 7.681620623614438
41327 13 2.802238934538188
48288 2 4.561096502078347
393489 4 4.330946510004954
44977 6 3.048821995236129
49279 1 4.73956658033074
39297 1 4.742981616839226
35226 5 3.6162962985934892
264658 1 3.0283609020062223
48118 1 3.4819530660093854
21166 2 4.065499460737556
52545 35 3.9847808904416175
51518 1 5.844851747679128
264428 19 5.04952865987339
46151 1 4.48478403449403
206924 11 3.9184904373234284
27650 20 4.759603016693374
64428 6 8.835856775838195
6535 67 4.937824723046481
58328 7 4.428976940474904
62604 1 3.8014561291654885
136481 6 3.772515253639491
269381 10 5.836261754446208
57487 9 3.551191357003156
47357 1 5.3989779283896935
131107 2 3.8412360028536403
39882 7 4.4127378537060045
48921 4 3.944746868756183
394658 1 4.925079328257219
51347 3 5.233590459770371
207187 9 4.036507911760024
17559 52 4.62995815208801
47667 2 4.283775972683155
201424 2 4.399114079022324
4898 3 4.046858133172754
61664 5 5.8130035673139115
26153 8 3.8438426767916005
139600 3 5.648400643460127
3918 13 4.003791971944919
40590 1 3.808597483004231
134128 16 5.965860705038629
43830 3 3.9120835701599144
268762 23 4.380852480190045
30281 2 3.803156809437598
36590 10 4.1859154163697125
393238 20 2.991624455535564
28405 4 4.450589398742109
43256 26 3.395008183374437
6133 1 4.987865026541711
206405 7 4.110537857753122
25472 55 3.6769686187511805
135074 1 3.8914818878109463
45990 2 3.9331361482829292
4021 8 8.47707230137146
33070 97 4.359700411302762
207238 2 6.045958666733169
29098 1 3.6308843273128995
61040 4 3.727176150752744
32052 2 3.8012520475328353
263984 3 4.5567925802994464
44788 15 3.373465062754365
205293 3 4.313886113920835
264348 6 6.181714132308788
131183 4 4.731595012845028
200491 2 3.9898824565917606
6737 2 4.9548079636860916
52960 9 5.2644310701206605
202955 4 4.205134926242839
49937 5 3.8567360860421296
265995 3 5.097375815446448
16030 78 3.1731454686186784
393494 6 4.494845185587496
35911 115 4.190545329370828
28585 9 3.904455035370436
133305 1 5.005522009424924
38754 4 4.046553779445815
52449 6 5.250866374240633
262405 4 5.0573726566960415
43618 5 3.896198935840016
44930 1 4.20848963114973
395701 1 3.8204978036012527
49264 1 4.514792614792614
54748 2 3.8015476442821887
33734 9 3.94192332005344
51183 1 4.440156124243043
198406 4 5.037084157385498
20658 12 5.0373823784748515
134700 32 4.448226378103773
45469 14 5.243837186519851
267050 11 3.8124894722129894
26264 1 4.763968970730055
39433 1 6.614291482945496
200414 10 4.343298550257965
27783 1 6.768455048076354
17804 6 4.842580346632123
23414 8 4.865214573961878
52263 90 4.470207587838749
42041 1 3.7595096717884062
37533 10 4.039478584947087
62166 13 3.118819664638361
396084 4 5.10692273824532
269309 2 4.578711732713645
395592 19 4.107541472075361
266651 5 4.714733778445504
198610 127 3.4241858385175745
202579 1 3.9574551664413415
266638 7 4.859840681800906
39996 2 3.8214936827221324
28246 14 4.665405600879232
13226 2 3.3065334202176975
208976 14 4.123166206767964
23871 62 5.052814640969816
263377 3 4.486596283619361
394728 1 3.963394878675159
22055 5 5.091073346292889
268570 4 4.193710147926249
61086 3 4.161632774468906
328111 6 3.6242731671774076
62319 12 3.9840325780009533
5734 14 3.8226509265710935
52224 2 5.479187210891532
49791 1 4.690056945801658
59010 1 5.08301531983798
264140 1 5.025453349523745
135584 1 5.812291883295491
56157 1 3.037089914256361
62566 13 4.101156276530132
24316 3 5.313632078306772
55028 7 3.8182519011538107
18862 14 4.179329992300701
267543 5 5.1942104061998915
17889 2 3.8322986965976904
268209 1 6.539720697109861
52617 4 5.090060769359656
17139 86 3.625293854009846
206406 3 4.190356597614089
18724 1 3.8021912670434843
393698 7 3.8107672161708206
51336 9 4.136799572636592
23190 5 3.8677506317092387
327772 5 3.6210554498527756
48560 1 5.209246167127939
35874 6 4.783082266600812
264256 1 4.365377359377306
267671 7 5.1698697447508595
22188 6 3.584126824306159
37244 1 5.361890216285518
7925 6 4.8607838951222595
137842 7 5.3803490454227925
200573 4 3.718530023046649
393241 3 3.812830705252971
33134 3 4.405321510565583
16150 11 3.8451342222805995
61583 18 5.29638003713926
32171 1 3.8016759093852692
50856 5 3.978056229421279
393535 1 4.323197582992328
64088 3 5.263282927784947
205473 15 4.755163072022283
26228 52 5.632353713323527
43200 4 5.543453894740743
35106 2 4.691957559995763
209544 1 7.2695174572432375
50343 10 3.5456692481308374
37415 5 4.9563985855089765
27178 5 4.803177076173536
52686 17 3.828534760116528
47098 1 4.815193966770321
26372 2 3.82033368200856
32887 2 4.551858512176419
58579 3 4.9121311521499145
9086 10 3.7947633650571038
203954 2 4.74198234128925
61209 6 6.860992055812204
202301 2 4.29805624273763
43987 20 4.560808571909245
267298 3 3.8825151046252904
26526 1 3.8065774206332503
42794 15 3.806991535110421
45896 39 3.425407862285885
266999 4 5.7489415614102715
263302 15 4.995125091234528
18778 3 4.165769854897804
49828 3 4.6949964261296255
21789 39 4.207025311302251
200362 2 4.3589360562441595
210265 1 3.88859661542638
43319 5 3.900182104887963
131738 3 3.867602942317495
11558 4 4.0967415816703365
27907 1 4.873026712993872
140 7 6.471187700441297
53819 2 4.533973599296449
51830 3 4.227822005218372
27874 2 5.522453330633098
60676 1 4.263934002699829
16813 2 3.8817205662550482
38800 6 5.234011627031483
206319 1 3.817400479469445
44255 3 5.97209455587448
263495 12 4.981183438189571
135796 4 4.61880318139947
53337 1 4.4826253102854094
205817 6 4.7077554932205015
262648 8 4.759333874615882
263496 13 5.280419619076995
207152 1 4.860126213910862
33536 2 4.118655711807787
22075 9 4.29235244932279
394664 1 4.55299582373474
32215 1 3.9761162024329257
19302 1 4.462364796001905
50666 1 4.468777907317353
45670 1 3.6157628306437837
56158 1 5.283495175459461
37340 219 4.367119006191387
12397 5 3.9291837115160098
23647 10 5.9901408764661985
137660 1 6.014131703302475
12679 51 5.333327254719556
56865 3 5.020456725965757
264703 4 3.0283609020062223
197068 22 3.640929515883207
202235 1 4.462978112517282
17089 7 4.001536241311529
265809 3 4.741767294920005
36213 4 3.9397122965689753
39545 7 3.6299110109489567
20833 2 3.9979537695332463
56268 12 3.6595773873927007
264085 2 5.726391022884249
52365 1 5.7706914291271
54190 1 3.886321736375508
56990 6 3.184913125297468
53934 2 4.30502557099028
327818 1 5.275440645606902
47408 6 3.221386142183276
47254 75 3.726306167285228
138833 2 4.59317857144173
205349 1 4.733902159271617
133819 4 4.00746439670906
53195 13 4.983585066813855
36369 19 4.5131250090175765
268489 6 4.681068308462459
14457 16 4.155009554729816
394380 34 3.4547139573110184
61847 3 4.897225002485641
47995 2 4.481030575778475
201 2 4.352222222222222
266065 2 4.581786125965574
200702 2 4.527792632203971
58365 4 4.05793618574644
269627 4 4.598649553152096
6647 2 5.068913069182879
135804 4 4.520963792986872
265062 18 4.961328198449607
23106 32 3.643528830365771
4906 11 4.614760180738083
60777 3 3.708263131858706
51783 5 4.297993668523417
27142 36 6.46420665200065
201843 31 3.8514635661390635
28669 33 3.7515745547844084
49696 2 3.552334640809611
206911 2 6.034113021722647
204859 1 3.333038856568268
138364 4 6.016083999372419
263904 7 3.7765321467888926
54775 6 3.816794198537162
39679 33 4.658578876408376
135626 1 4.32676812104152
19878 6 3.7701688998387315
52401 5 5.328660689208316
59695 1 4.083379618985474
267025 6 5.898666720039415
52866 7 3.5198294434371915
198411 18 4.558947601748619
12311 1 4.532461543175829
40358 4 4.065722286616909
62944 1 3.8885133980707414
60881 1 4.8645733787439855
30780 1 3.977509988479138
134278 4 5.416403431802891
44185 5 3.066172862350873
202839 1 3.796371632049546
48149 7 4.232705842891262
266004 4 4.878014820401529
3648 12 4.200483495630536
37678 12 3.3444887184536727
36695 16 4.41014792203746
265717 1 4.747399553557189
199517 1 3.7976206918605038
35297 12 2.877612249195031
21054 12 3.915290875467058
56515 56 3.269443177857547
56173 10 4.225195786365268
45544 44 4.1335412215439975
52775 2 5.085383704514005
47121 1 3.6095048387839186
52562 5 4.923935936936026
62802 15 3.9036098876269163
38833 1 5.318222202674173
137964 3 5.573369072380107
6468 15 3.978017550296002
17366 8 4.234408749801346
13782 18 4.287035535663363
264888 7 4.606987384129589
137590 1 4.955096115810401
42973 30 3.6824092321995656
41406 2 4.39448051948052
37447 17 4.345509789266053
44633 2 4.009135661043954
36178 1 5.273263322308061
24395 48 3.9241277987636676
60788 8 4.35631178849379
16669 8 4.1557500751745895
22861 4 4.879065583203515
200752 15 4.500793293253607
9943 112 5.025297396086739
132321 8 4.063161996708483
34847 1 4.663105159831351
267193 4 4.61295858307016
328431 1 4.731459695745411
267234 4 5.115876107456474
46656 2 3.7285181124386044
136784 5 3.8319611053430807
264502 10 4.8957645507206
17421 206 4.42584271911628
20040 4 3.978036572806406
198706 2 3.647826989381612
8534 4 4.366353487782059
33345 4 3.912150606023196
267407 1 4.746690665656184
29808 2 4.773067429742307
263304 3 5.3166616482897835
24731 1 6.242184586797683
13382 2 3.8092992359064626
46739 3 4.185355246884072
267260 1 5.553748773076504
262740 14 4.251824527196517
265897 1 5.673355321421801
268576 6 5.292471381543958
137422 2 4.73231974982509
267227 3 4.4829317720598985
22050 1 4.722160837781955
60892 1 3.632476462438793
48907 2 4.634582573966811
263328 17 3.8666093381034212
27192 4 4.432508428288687
198849 11 3.6951886822646753
27747 214 4.332805250594058
3967 2 3.843915235783954
16411 5 3.9423339245007787
17725 1 3.6758413777779797
267447 2 6.394058085077852
34398 1 4.391006240004598
23686 23 3.895819053813863
6423 14 3.7837549173449085
268809 6 6.007383014538048
14650 4 5.100118783573791
266050 9 4.042880361082135
5576 23 4.878210035149702
46801 1 4.468968597797256
55631 5 3.8476761402254014
510 2 4.4730615199835615
22159 6 4.546945402623521
28279 30 4.513208207638924
15003 79 3.7225075428616954
49289 20 3.2670480151162002
55304 3 4.970879799082949
203255 3 4.355130224124343
207164 2 4.965266809157084
265782 2 4.750103775079146
47209 2 5.101010139333967
266867 2 5.729316791964403
35600 12 3.558089715110357
42769 1 3.8324273470890002
264508 10 5.38308357689579
6623 17 3.9164976284094783
19395 2 4.649683511999939
268768 6 4.260703738853478
263762 18 4.864589773361143
40509 19 4.5723846536019765
28863 3 4.6943238660628825
35348 6 3.891634767994621
30667 2 4.463246630217073
28995 2 3.8164670889348633
203534 19 4.923072038174384
7384 24 3.8253349338937386
136079 4 4.621079733667043
132905 4 4.010885660343395
209094 2 3.996988283599097
61721 2 5.041193664026177
268343 5 5.675028961924783
17156 3 3.802533705018184
198447 1 3.90152386232025
42596 3 3.6789990523917893
57158 1 4.248428622019025
1612 16 4.6320183500800365
62225 3 3.848151585027961
55270 3 3.460076057256515
268492 8 4.270080795770831
264355 5 4.374585323544629
16812 1 3.601367508608888
24992 2 3.816431603260041
5488 36 4.607141137953187
134369 6 3.8397736633109787
23470 288 3.3551593241481403
204923 3 3.6552151905150896
46050 5 4.827736314751083
39096 2 4.54671978327976
48778 3 3.821974232076183
61004 6 4.905287440522035
208807 1 3.943675568329946
204032 2 4.345691711492982
394908 5 4.51254912107293
10038 1 5.347420113639325
266110 3 4.87268097091491
52694 3 3.5768083115045033
268025 2 5.554696596547291
133890 1 4.921733364206482
269551 2 4.725560718875474
137571 21 4.31444763044221
43769 7 3.7963570642573807
9283 1 4.251914008655607
60624 4 4.344302572254014
263299 9 6.561427739260172
43293 1 3.3884012812584237
265892 22 4.703449677307306
50170 3 3.8811092083788106
10381 11 3.8970782292934505
265350 21 4.375533435769726
21973 19 4.439347762084995
135353 10 5.602552070151719
52575 6 5.472102605288544
47776 1 3.8250117014895335
37526 14 4.8213079664995355
265546 4 4.5121543281247
263401 10 4.610328351250334
9185 9 5.07366618787683
29771 7 4.325846651958545
44273 60 4.731756894060561
203904 3 7.018455982945617
139004 3 5.773701835779011
63989 18 4.9688096551872905
4813 67 4.057918445129666
328194 1 3.7930580359919834
55729 3 5.64919581182889
40598 2 5.127640601254046
267482 3 4.291216685793019
19790 2 4.441054054237429
266296 4 4.264754465299235
60421 1 3.7022662951873775
8249 5 4.125025561430755
58363 4 3.7248695797254356
44486 4 4.230524996125986
47515 6 3.9930897100418172
33991 10 3.634341187265529
12580 4 3.653627260658248
131188 9 4.474700942588022
20337 8 4.725321094569812
12660 28 5.721201789544236
267604 2 5.2735853797955565
32726 9 3.8598255238323884
262403 13 3.4648487526369087
267104 5 5.088363642443017
267070 5 4.318109052587464
327941 28 4.497189754784682
7621 4 3.9340525743815284
35612 41 3.2639501091261076
16779 1 4.1783559710602
50718 3 4.696831039662547
26974 6 3.7842036239430583
11452 9 3.987755874146391
25227 212 4.217600828593622
265767 4 5.99482557177147
18913 2 4.473595848595848
269414 4 4.832723251694621
134064 2 5.065312627198622
6042 12 9.46820968230372
57673 4 6.0123027256758395
23296 6 4.523591553859548
24446 15 3.6313037659734886
263442 21 6.091304013287596
12929 8 3.767308970498813
262798 17 5.181860329621623
61685 7 5.492135158938932
16757 1 4.199615043777605
264462 7 4.50238431176763
61515 1 6.701083408472571
43126 5 3.1026536799320867
58254 3 5.031076120522637
133249 5 5.786547501413206
395711 4 3.9112398375206263
764 30 4.75063475801977
61719 11 3.8752576975157935
44733 4 3.7754082456841953
23883 2 5.1902043959372515
16723 1 5.516286953331288
5645 112 3.530234980145137
264023 8 4.588633007129275
26425 27 4.13104384332996
206584 1 4.684167539236664
207960 3 3.199877643404438
138719 1 4.591177561415658
134359 4 3.9916095932083473
48949 2 3.596461999718303
135919 6 4.369986656543311
197099 9 3.378982556403545
25503 1 4.769640610500475
16584 21 3.8529976754230626
53048 39 4.447882573792387
268684 8 4.986518085124233
198657 2 3.8473054606488635
10200 4 4.363343734747167
264705 4 5.8895148174212215
197160 1 5.151324768628932
266202 1 4.661680424838319
42865 1 4.540476743812097
29215 1 3.779323676689594
133811 3 4.101217954861632
47680 3 3.6174113140123145
16001 3 3.7716722841975274
262970 9 5.063657277996512
134451 17 4.237627292591837
4638 100 5.996411979709994
265024 6 4.483268932444205
265978 4 4.172835432725893
264539 5 5.094915808882452
31433 1 4.79881044068008
36155 1 4.938431223948465
5749 1 5.61695829477889
264643 10 5.800064430495853
204700 5 3.625347828156925
206862 2 7.178146955062872
137462 2 4.234575098374061
60299 2 3.656515570461717
25934 51 4.02610251960928
54025 1 3.901345792503428
41104 1 4.3355830275979645
268390 7 4.8780367169891985
50940 1 3.989151597056009
36521 3 4.010062888090341
267323 3 5.021719519045346
1959 4 6.465328477210508
265069 7 6.085005572316475
54669 2 5.689908755789574
204996 11 4.544952011951811
32029 4 3.055268570633209
45398 0 7.5
40772 20 3.7881517993756937
264332 8 4.0988231638721535
8452 1020 3.640834426043544
47489 1 4.269617768216211
57908 2 5.2590293652884945
55951 5 3.883300114598578
47096 21 3.0099435919597917
9164 1 5.51306620500169
23182 3 4.459265253479278
137572 5 5.339697239258978
36462 1 3.814835689242437
268008 5 5.80979279740617
38834 2 3.81177062751591
3095 3 4.750896403359457
14877 21 3.69064100297506
263196 2 4.489092111014502
133613 64 3.3553108311334863
1772 1 8.473595848595847
35048 162 3.946558344810559
45891 12 4.9321662631846594
203731 4 3.511917823207173
201333 10 3.7596628744452323
16920 5 4.727580385111589
207024 1 4.399213446062186
197779 1 5.13612917065298
136487 3 5.036370758795819
9577 4 3.9712592662125354
61873 8 4.533371378542345
394354 13 3.406780178274625
19021 6 3.633110587550753
328426 7 4.8604493566778055
132760 3 5.141107165755532
57659 1 4.527354187312322
395302 1 3.8161719087506336
30081 37 3.729291667699041
135805 2 5.013007429597221
264219 7 4.584629357936502
48136 2 4.663832343717361
263084 4 5.111126865824019
37364 2 4.813397050263719
263483 8 3.6429690869748663
17975 17 4.754772834470121
59056 6 4.324732192490147
17993 38 3.2734207960342396
61194 8 3.5547447704216473
63860 1 5.415704113210271
6106 5 4.549512076394932
40587 1 5.361641358094561
264612 1 5.084887151481978
131199 3 4.431713790258069
200318 2 3.8936842755855747
24749 2 4.677190257550435
3926 14 4.408304928149016
265933 4 3.995027476785949
262589 188 3.123229228531767
36885 1 4.701898516553689
35157 6 4.245588024425242
204007 2 4.1929008281629745
137368 1 4.885951076755095
35133 1 4.0
34171 7 3.4920933514856527
395639 2 4.182305536495848
39084 1 3.7796414544984054
52713 1 4.630679387908206
9255 131 4.971550873252464
14990 8 3.941166147918648
6971 3 3.6996157956790987
27483 8 4.333164165833445
207159 1 4.961771497695868
63826 2 5.88722168416481
131262 15 4.325446143809492
7565 85 4.493646835321918
61916 5 4.527785287093376
395635 1 4.461341868312311
264175 10 5.90582163207331
265969 8 4.612895750184027
51964 521 4.5930079708979195
50865 1 4.624331742679966
6500 1 4.462114878371035
21975 2 3.7453082962949673
265074 14 5.399004079838994
24183 15 3.7693262363227045
32242 12 3.872638440011881
48476 1 3.9262136054762786
208890 1 5.212426469908196
262281 6 4.673960734505566
266632 8 4.972957413577704
59108 46 4.623811419519065
197112 8 4.505029742083313
136095 2 5.422706037821146
264227 6 3.938330449075264
61886 1 4.992515802375964
205989 4 4.336121682327049
132513 5 3.8371918623374364
49599 1 3.610186293780841
28624 24 4.120291275727706
50086 6 3.7853285806349906
44715 5 4.006238403142855
3479 25 3.9069282814845976
200148 9 4.461436417096563
134201 8 5.729038456921111
137428 1 5.158419598147172
28409 41 4.715740958175685
61670 6 5.178484881507005
52834 2 5.074650851700314
266033 1 4.591023945950054
8896 35 3.0361558911933266
31219 1 4.576300154871584
265042 3 5.56248860777027
269558 7 5.338085983975813
33529 1 4.015098522167487
52550 3 5.362512868439616
39348 1 5.059958212050073
1451 8 8.47138288839669
20475 1 4.182089112918342
59417 1 3.9912287445632364
57486 2 4.126231969089112
207064 3 4.668642336262714
199435 9 4.181372933045077
21694 6 4.643960979821689
18621 1 4.8435824757253325
132582 1 5.274807525921197
266153 6 4.073211739222142
59795 4 3.8223166387840646
34557 11 5.615195049780404
53121 15 4.819261931621984
48221 1 5.425982628938295
134078 51 3.550014916454634
29396 23 3.0374378405831015
136057 2 4.003172930939607
45962 1 4.664654277200105
54588 11 3.3872488242475396
263459 8 3.9595669360036756
16489 4 4.234685693293377
201811 4 4.147962629362475
396194 2 4.3631384973393725
61868 2 4.682101801845102
134945 5 4.498502785653433
32576 2 3.848175717914807
46485 1 3.602661628950627
14753 5 4.068213885831893
9822 201 3.8580596129995124
206460 14 3.6258480831781696
207077 4 3.900183758212068
202509 3 3.5719809635883233
203302 1 3.7328260363974657
29085 5 3.8893866194039592
41513 1 4.058837127595655
50182 2 3.8077333930369175
7795 52 3.363043768434548
5626 13 5.020587865876335
266642 3 4.922493645291572
52324 2 4.827254131211424
12676 22 2.9906029024114495
264848 3 6.054189701619914
132210 9 6.100313637291058
13790 7 3.563627535598043
266289 2 5.203983190578002
132616 1 4.011127048638902
57186 11 3.739210812765421
132697 5 5.814832489568838
36086 131 3.5315343506823007
3659 2 3.985495828034809
27592 1 4.055254409571376
22534 16 3.92970944567462
16701 3 5.461919465850512
16154 47 3.742878348871643
45333 6 5.35875042827512
209960 1 3.811695579552723
396899 2 4.788544356424051
328279 5 4.895644151052425
198604 2 3.763857997933119
22556 15 3.5487451967730292
265999 5 5.856005840099062
46126 1 4.439769585665207
19751 4 3.7417340744932255
134509 8 3.8808581964102213
57657 5 4.788448609177682
59278 10 3.834718506824496
205209 2 4.834368017052869
36067 10 3.805020721529192
58320 3 4.759517210179205
34549 110 3.151687370828832
21439 6 3.458614341394428
267410 7 5.879128973649314
266673 8 5.463172045793572
53869 3 3.623471654732276
37932 8 4.593467549598567
395572 2 4.275738834038562
49066 1 4.402117141534314
262335 9 4.151285824140495
136636 4 4.966447728313706
52205 1 4.516101917152337
49745 9 4.41358289354115
49729 7 4.0995512595692905
207021 4 3.6748012479409793
26818 4 5.293219358450451
38265 2 4.693438769987132
53144 31 4.8290545159365665
8585 22 4.197831253031528
205535 6 3.663313948782923
131361 1 5.641584576178569
138871 4 4.012645304702681
34707 1 5.078814969450139
60386 2 4.551316408459266
36811 2 4.515748941480296
14663 12 4.247469247022818
264528 18 4.056681836898524
39039 5 3.5911460344059316
45276 11 5.00269002236456
7146 1 4.547867141926835
135726 5 5.992561592044446
136763 12 6.224847621737946
262676 15 4.611627320020588
16557 30 3.926704542396936
266754 3 5.944511739790564
37712 4 5.7283571526737065
132590 5 4.517169660233703
136739 2 5.614015510721446
42419 1 4.758505035376956
136291 3 5.5667470437462026
58910 17 4.065066315161369
51625 6 4.552457995710282
36990 1 4.684658717569624
22573 46 4.216915523490267
206298 2 3.7919676498986528
53029 9 4.89442272695439
9931 166 3.663174050728308
12525 5 3.883396245511078
37288 3 3.844608498987361
199098 8 4.4560844764620935
55642 4 5.427470683617886
46811 77 3.550393681869981
35368 2 5.0605684976697916
395241 2 4.040687176676178
209741 2 6.906660650059663
36753 2 4.716013035001272
51929 10 3.5827549800743825
21798 6 4.231667692969204
12116 2 4.640542903759767
46646 6 4.087420491462425
25978 2 4.693799993031944
3320 530 2.9891229717088876
395247 1 3.5734983924308046
262214 4 5.077266656826727
30028 19 3.9788900279365613
52774 2 3.9648041449832356
33176 4 4.694074475742882
133984 5 3.8966277749999656
8203 3 3.96798341988788
49377 13 4.20472079923398
62404 1 3.724246560468811
22163 2 5.609221097593191
269090 3 4.557146116095091
265835 4 6.140627527352669
40157 6 4.170038610216157
396491 1 4.181099332158444
268275 7 5.375627002735165
263479 13 4.307603792787074
266217 2 5.693332901849016
203483 4 4.481944745852322
13746 3 3.004082752191747
32835 1 3.8017059659916814
54330 4 3.8083589668590356
202925 1 5.394971381607325
62660 15 3.9507604595960286
32603 1 3.67251467106147
56677 4 3.7233323484048824
131149 19 4.1626637835787275
204506 4 3.9231388512987886
205676 2 4.05024628951573
28146 83 3.809528271343343
19930 6 3.3118257091211842
8280 33 3.6535361012136462
15040 1 4.029228507414288
53073 17 4.7804880714813
2912 16 4.023820464211664
18049 180 4.778502280771162
11250 11 3.7049294563000914
201794 3 4.988979221890587
266479 3 5.404664156202929
26375 198 3.7237899186568533
32315 1 5.690776802106851
47027 46 3.410096115768183
201997 4 4.629503208887446
198594 1 3.9479143130399157
8513 126 3.0365923124542036
262957 4 5.29839960464886
131462 19 3.976975882745305
267506 2 6.391235504974672
263100 7 5.613629457217731
135873 4 3.6389705514801527
59285 6 4.304648193388865
262986 18 3.982737465840468
133586 2 4.919252925657552
42868 20 4.970830940948079
2561 78 4.705443797048547
201650 4 3.787996088218241
57547 5 4.869436018064926
393370 1 3.602661628950627
36601 5 3.1498068043109777
208544 8 5.029262988842377
21766 43 3.215467359813396
49367 86 3.350748866940735
262683 10 4.081045806360253
205833 1 6.916998609855752
394283 2 4.337191663620808
57960 20 3.7607671888829746
17917 296 3.9026842553754273
17048 51 4.027304155659285
133948 23 4.814822963085227
14005 1 4.75301140202618
201833 2 3.7982800656571993
198601 1 4.664604357548126
6596 4 4.16508092813322
201246 8 3.844858211963565
266501 1 5.346259779264706
49933 10 4.319751687770176
15065 74 3.770133498667182
137280 74 4.106484769391382
25474 1 3.9739404804636984
328057 8 4.5875639302955245
43493 3 4.70122356153207
37392 1 4.833622772910935
37182 25 4.034456299677343
19226 1 4.460171808163192
134885 6 5.531159716506516
131430 1 4.287105228665842
264646 12 4.579542807634537
35975 12 3.936695885720551
16349 3 3.623214220635594
42993 2 4.936600239952982
135875 1 4.618216279972233
62382 5 4.089046135648131
41564 113 3.875291373890922
38580 4 3.771585341079631
17452 3 4.039983487604119
204604 2 3.269455646595126
19642 1 5.302265855837284
136664 1 6.009403681825685
18411 3 4.799089646170185
137809 5 5.314534502274738
9749 32 3.8747141129708096
23666 48 4.339773284226854
20912 8 3.3128978402741662
44258 2 4.398187015438705
263837 2 5.321133155295716
15378 5 3.570975293578269
17447 122 4.0300058842443445
15208 3 5.536330276550831
135874 4 6.014329991089111
31504 2 4.066501961087216
132204 24 5.038883087705891
262174 3 4.7645514207772734
200748 2 3.526530895312597
24487 1 4.039253728389422
268485 8 3.6968183295914048
267004 7 5.623338086367223
50241 3 3.646506206451964
6279 3 4.028425642729831
39759 3 4.155720939847022
14618 320 4.033004736149639
264584 8 4.71842395323775
266305 4 4.986589595558331
269044 8 5.004902166532462
61656 2 4.442078930509999
1104 12 3.9418907590106134
268451 1 4.581623403051974
32778 4 4.874191481421766
132449 7 4.11089771836836
51391 4 2.993026696415819
13682 50 4.597102648977422
23177 8 4.034701510655197
199264 1 3.781309034880464
14768 2 5.3722525737717035
21191 71 3.712699290998822
3218 17 3.6728597994484753
266519 8 4.887551122728841
47236 35 3.5904382919258757
50746 3 3.6945275496643353
35895 3 4.632126692426111
265852 3 5.638979090802299
38112 4 3.850762033245418
206983 5 3.922674363314296
44108 4 3.660717204061239
28493 1 4.649542689681236
52481 19 4.997812183072123
48282 88 4.211761579499108
268972 2 4.975995417636193
10151 2 5.664174776655367
29679 1 4.057317995762295
63746 5 5.274063214850397
39183 1 4.236033144019972
131130 3 4.212196048385955
2602 6 3.5003433061238276
45671 302 4.401820494004509
32877 2 3.8562688240947924
203363 1 8.0
265458 2 4.730413315204133
34166 1 4.643301273471849
133971 18 5.387624864882456
204249 4 5.275726548019981
207028 8 3.962368645136191
269528 4 4.918767449270716
136091 1 5.057287086242541
15706 185 4.019654923482785
29749 1 3.0770768001771707
8767 79 2.766255600643184
131148 4 4.867732969519743
18435 24 4.156281632466617
17895 51 3.775674945686499
262902 15 4.6483961436768695
62058 3 3.8685613938704737
52307 16 6.389484230304811
8674 29 3.192725783039756
45273 8 3.7166714298849914
55069 1 3.812707877262409
267536 7 4.570172906250214
24318 5 4.920332324069062
266396 4 4.967684295545354
138840 1 4.048203318326772
56595 25 3.146202213825704
136887 1 5.884946351465235
267558 5 5.1114584334100455
47380 8 4.96135495046825
43621 1 3.7672687478316043
394762 3 5.3802565985515045
58816 22 5.592256819384327
32011 1 4.310438981327931
23760 3 4.764758954641365
40301 1 4.875676326957115
40778 2 3.7918422784487413
26306 19 4.627814563828732
15547 31 2.7668496035236165
40375 17 4.187634024171496
269356 3 5.552868247903466
395571 1 5.804526867950513
37212 2 4.876124555580725
31037 8 4.911713003800722
21596 2 3.961110099411669
201132 3 3.991930034149926
55145 3 4.026747791411421
1565 2 9.496404913778258
201119 5 3.8120815996639035
25183 5 3.94283888067282
32324 1 4.507691194446766
131753 4 5.528619909502261
7453 14 3.7234325080276074
31317 9 3.2637202456265415
53475 1 5.302577091442637
49465 5 4.434718250841696
20372 18 5.901858549433793
39753 11 3.973560507746905
56714 3 5.116841170247895
134204 26 4.622694769908678
6821 231 3.7328213894733904
201735 1 4.003714363238172
198144 21 4.453591464796652
