8339 15 3.114204006315945
22739 2 4.752975860118717
39352 3 4.464664648792049
13959 11 4.200379479363151
16860 10 3.819000677596744
206892 13 3.028944686875801
47404 1 5.3636354834875775
268943 6 4.9982903926528275
62711 2 4.0085563364750545
55247 10 3.5526297268038265
134774 85 4.4664278632396455
205544 20 3.3827233312184757
15244 72 3.787875738324706
44599 1 4.669849677442705
263613 18 5.580777804012153
26415 37 3.6425871660158036
132088 6 4.4311671438867775
18209 187 4.9527561544411425
44417 6 3.555805793834023
31225 18 3.9177564898486033
327697 2 4.266363167478209
199362 2 4.06199819014292
269411 2 7.185812672176309
61433 1 3.623508438390521
134891 1 5.783346756327053
397104 3 3.833016047958634
208393 2 4.011347537124135
32051 1 3.8012520475328353
45361 115 4.137075051496741
37394 1 4.6912199051622565
27624 1 3.818671147012691
53040 2 4.732127214146918
262632 4 3.9644400622875473
50897 5 4.196241539816434
34584 17 4.100911834193409
204747 1 3.973567111382237
53198 1 5.54235747831807
2939 19 4.168716792487866
137132 8 5.183618439222455
50017 2 3.7118107992929303
37341 1 4.699108233036805
269481 2 5.569980801668852
133050 2 4.060829951905715
31841 8 4.686719964386875
203659 2 4.395240600533351
56634 6 3.5130788700666407
264641 5 4.015796946410161
134073 6 5.300081055478638
61484 8 4.762883571351257
262285 5 4.779349655983237
11414 48 3.716964019790499
53692 2 4.570371234453356
5531 3 4.505590038759413
264864 5 5.414176083862406
589 4 4.494429662239249
3754 8 4.140572390572391
46513 4 3.8957571939099034
57935 2 4.693021195718527
44456 1 4.683681865058403
36408 202 3.71545098348997
13891 1 4.474188359533188
263932 8 5.095080126857805
268536 1 4.353235641903451
135112 1 4.488922804754085
12118 5 4.579156284471354
7700 24 4.326962315343294
53336 1 4.473399583478242
55318 5 4.513393403530655
27336 16 4.053929411482973
50809 6 3.878043559065818
265983 8 5.708823233215095
29982 5 4.202135172634193
53689 1 3.806733473997365
265968 4 4.015166336458876
15364 10 3.8019614179534225
40785 1 3.7830929652358223
59139 12 3.868413664190914
202108 5 3.878891058175206
262743 5 3.5928800678669663
137361 1 3.6091133628287584
204713 1 4.302421044958359
269410 1 4.8353477484019365
51488 1 8.919637450671935
132206 4 3.967054785418288
58735 3 4.072264215845415
20062 11 4.518005033777084
56888 2 3.789398385809689
328535 3 4.081168295062013
34909 9 3.967735806132743
12345 1 3.8702737263082088
205808 1 4.713162435994948
262612 9 4.078010372599751
133968 4 6.842822282122657
35041 253 3.573180976662225
42600 5 3.7088352469972845
327903 2 3.6938150875029083
6057 602 3.165476436203058
201656 2 4.084360959802099
58343 15 3.8449757951231422
6620 103 3.873598355877042
64262 5 3.685646788858794
61116 2 3.8900283631571853
45557 21 4.1527086032509
133298 2 4.849379233495071
135180 4 5.638737798251182
48337 3 3.626267075019416
38330 18 4.907650847667507
264656 14 4.963759193286749
64015 2 3.8605559990571203
265317 3 3.701765423496755
136356 1 4.598413876687688
265470 1 5.870700011879199
46186 11 4.303874470994317
62448 1 3.9998983431756545
263876 1 4.34995345559385
45825 2 4.7540027918146635
133802 3 3.9872498272370582
51493 1 5.033559496059497
24536 7 4.9727174012658235
50016 1 3.8018446216483426
133835 1 4.736854855902475
200282 3 3.80563807127089
34797 20 3.7368704465905913
8921 2 3.7989662655693186
44850 4 5.030878502371643
42517 15 3.5738577946693293
268004 2 5.270684697521988
265785 1 4.848942240025984
47105 3 4.522080584075657
202838 1 3.5861883035829463
21302 3 5.152274948314075
266573 7 3.9025592440624526
199267 4 3.8668610692066627
3224 3 4.89619708994709
19905 203 3.636477296138266
63015 6 4.37312898203193
263303 9 5.15832335797255
58834 20 6.800347008663344
46525 11 3.6361402029743393
17803 5 4.954140335874887
4851 23 3.832746706573764
396855 2 3.550967392131989
43226 6 3.766697687014105
12515 1 4.954373316278079
36556 2 4.52322246814728
199274 10 3.770286942489973
26609 41 3.9747625498422843
6894 6 3.008548704361592
18114 16 4.245034804962361
52830 2 4.743889000665798
51001 4 3.8331933637980193
137580 4 4.828682518418343
10967 23 3.821775102870233
202870 16 3.436084815123724
53065 15 3.441747826258544
22958 34 3.8133205663536467
204232 2 4.678660748118877
29216 4 3.8960868936452573
263424 25 4.476564582567986
38201 8 4.9719917640215385
268299 5 5.89338737083104
63486 3 4.463246630217073
265474 1 6.812547391793192
263726 7 4.901235481453515
36328 2 4.361694356669178
34209 9 3.4608047132388267
266956 5 6.761619130581186
25764 24 4.251038454744833
208373 1 3.691770626745996
20931 3 4.938937847866419
21222 5 3.5733942042286664
34741 5 4.832094831454913
57022 8 4.1252994612851985
41983 5 3.620198885776702
138259 4 6.63540684018967
35738 2 3.8825213074876013
42452 1 4.0054057446613935
6485 4 3.8014561291654885
204469 1 4.4622000237546455
266015 4 5.15561457861698
395167 3 3.0328984706080613
138077 9 3.620739892953142
39028 42 4.362771549502771
38678 3 4.873689026451581
4202 6 3.9244460729261883
268359 4 5.218349248678798
203335 1 3.8824844037881667
56237 2 4.072905283184515
264622 6 5.019709200219773
6693 1 3.725518521106756
56228 1 4.835394664874995
41508 17 3.5886818841948744
197033 14 3.6899130466075256
268406 2 5.5230452291384315
24730 10 3.5110737684594815
8053 37 4.038677976586769
265166 5 4.695272580001644
2854 32 3.1926971247019225
265879 5 5.3375952614326945
395831 24 4.299285922716679
42811 3 4.062614063365593
29385 4 5.264725959251743
50476 4 3.4996414675107963
25747 1 3.9015139795113756
136064 2 5.434010410087996
50055 1 5.0653968363327975
209951 2 5.631851527637319
9329 114 3.8555001797434674
56690 13 4.587542574255423
46666 1 4.152203873788438
7064 1 4.262573139674681
27902 22 4.925043081707163
54458 4 4.571812205414351
47894 21 4.497045650033973
52760 17 4.823512434478964
49334 2 5.492984035036984
267782 3 4.7534555324487595
46588 1 4.621997566267887
197364 2 3.756835413679366
267571 6 5.283216375964405
28125 25 4.400523514999233
40676 933 3.5958589282161335
61305 1 5.122299331919147
29039 9 3.8086878847407752
37970 13 5.269017650954013
328182 1 4.027382989205649
27015 6 4.2195497066082055
13345 5 3.9428979644121305
17126 12 5.9361765035228435
31403 1 4.6486913336995075
267098 0 6.5
266097 6 5.078418854207659
198885 8 3.801515718892852
203272 1 3.832589890558526
3491 366 2.9843120009335733
9396 1 4.58348525372335
45847 1 4.685622854885694
44622 9 4.178351855092968
205188 1 3.7925943084791705
57335 12 4.06485868414823
50467 7 3.4443796522905563
28073 105 5.668256543254167
46807 3 5.2376299941468245
266173 6 5.890613901906126
264196 5 4.3518662694755745
61755 2 5.219806235431235
7806 9 3.0291753807154524
394400 9 4.283029330004026
12654 68 3.5756150457846254
54936 14 3.7784168090292063
11596 14 3.932686782609959
62941 13 3.8083710417614416
53097 14 4.1199928393605045
50873 10 3.842979958712861
199613 3 4.177180248512682
202093 5 3.56637995832477
32489 85 3.515306126384007
14575 1 3.8204978036012527
41601 7 3.607068116763067
53139 15 5.25022291727696
134740 8 5.958980424278603
265795 4 5.924448388114906
52673 14 5.42068594212166
136299 1 5.011002966959453
21513 17 3.023749283391648
14561 8 4.2884032262584615
52610 4 4.384079201541456
39189 1 4.690534717032413
15198 9 4.408877299093926
8300 9 3.587448642545109
30954 3 4.370020671793466
11819 2 4.0084336396148545
51584 1 5.715805130090844
25813 15 3.9769137576321136
15549 7 4.819331013538634
204515 2 3.9219748758164097
208894 8 4.490393306261426
42393 2 4.591382614117806
39953 2 3.8156709725839457
51764 36 3.6579191239651956
9328 60 3.8342211697017823
9443 535 3.8716344693342664
202516 2 4.215618516749931
38158 5 3.091821248003
19971 1 4.87937186054936
8998 2 4.519300432876783
263045 1 5.02510138921469
59897 3 4.05472510751297
42906 2 4.756808577746419
2695 5 4.200208427548558
8423 7 3.771751492538168
265378 5 5.429342363685639
33409 7 3.806613195214625
262851 7 4.240556853927375
267139 4 4.931281738137327
63510 3 3.880137587540772
61493 20 5.031381043985962
58173 10 3.907800564847436
267475 5 5.464469808879053
262920 1 4.926302329041451
1888 4 3.9573621301584816
202879 1 3.7632995377905494
48648 6 3.673280973034659
29057 1 3.89177768956094
132783 4 4.922525912046463
56365 1 3.6781067610990883
262334 3 6.1982959674243645
394351 5 4.591600508111902
18420 1 5.155397763156384
8905 23 4.240912009109189
139248 7 4.040728270705829
393818 3 4.4342305772163275
267197 4 4.943220371219955
40053 1 4.119597550779817
34040 18 4.043854404884976
3785 4 4.969245933118176
266071 6 5.156589978722641
206833 3 4.345713584547364
37596 55 4.242663180271988
22013 6 4.410611730160081
35238 2 4.062444368294582
51087 1 3.6953864697912318
264452 5 4.476396081965223
264667 4 4.750477546382538
61160 2 3.81336087659617
9127 33 4.2312919577088035
46511 1 4.505080699013111
57011 3 4.3812271156118765
264923 8 4.162210451503585
38022 28 3.892530491199506
36104 4 4.125050473274022
35038 4 5.094848239538769
205494 2 3.737720193351826
55135 1 4.403941710278116
33668 84 4.110097748316098
27680 21 6.01238968443579
135673 8 5.641750473579566
131732 2 4.811652480111221
38622 6 3.783870986349837
60810 4 3.98907369857085
9776 11 3.835833016492213
267079 3 5.742279243228055
23799 4 4.826771374037384
48944 20 6.654968597936547
43201 3 3.7443056612699466
48887 21 5.6826416250221765
53415 1 3.8021912670434843
53271 27 4.498910363646374
52900 6 6.0839104638345365
49342 11 3.7144517053953883
60017 1 4.961943759352723
32009 2 4.682262096900849
57844 157 4.943005277664566
40908 2 3.8223110972662275
56430 14 3.6481178379671424
206594 2 3.9389797796735504
58437 2 4.136052002697632
6400 69 3.7204813060905146
60819 40 3.8346837267906118
1504 25 7.4302114564805475
52869 9 4.6582636795766845
51311 1 4.150798770686727
263886 2 4.650489092967701
23356 2 3.9067928718790794
1646 1 4.12398568622348
13377 1 5.152194690002572
19995 2 4.218764483362782
205332 2 3.585145761935693
24489 1 5.524125632821286
396253 34 3.472509746838469
328187 3 4.953490515946395
204609 5 3.888653300382777
206741 2 3.7520583254930946
25893 1 4.198481256929532
60528 2 5.012996870390355
267101 5 4.5531358991411865
206637 5 4.245308748554718
394391 4 5.069030352141218
55636 14 4.546625028802603
17232 16 4.20358236605046
58397 49 4.533761347505235
56252 1 3.737738959687316
33131 5 3.807174962056736
30354 14 3.813802957024212
41649 1 3.778611465037832
61084 6 4.562979141088612
203559 1 3.0022097176519966
197874 2 3.7512252203562944
7849 11 2.9873084810727493
13016 3 3.7675486715665287
56200 1 4.522622551686592
63677 3 5.066472229377959
27487 2 5.459711734777416
19570 32 3.0277585902003623
9653 1 4.215065071612689
40651 2 4.251194372051376
10105 25 4.663571195141915
58969 18 3.998148710839186
8466 1 5.371230058557247
55780 2 4.528648259971958
1825 1 3.73642297008471
24364 36 5.105203963384014
44240 1 3.878304311109611
61488 2 5.424614585090343
263026 10 3.4481649598023334
23752 101 3.819055635930275
196741 1 3.5737086744246613
10080 4 6.053109382362487
28091 1 4.731800210371638
28110 17 4.260807111931503
27978 0 6.0
28266 37 5.9610049922839
136946 12 4.399984859540625
266067 5 4.578060617347295
23950 19 7.0
327953 2 4.485059013711837
15454 4 4.020002270938913
61508 15 5.915613710560279
264746 4 5.804478783850705
43716 1 4.37350066463367
12730 4 4.06669753334965
136217 9 5.595076751119469
198621 2 4.861682544866473
63151 2 4.130213108821484
269354 8 4.920259557869595
30256 2 4.90741970597966
263212 2 3.9473794804543108
52023 9 4.978752212517003
32002 1 3.982808772261339
53147 32 4.6347311672516485
23268 8 3.5325594052752636
10269 37 4.507006346185358
48218 4 3.421684804441048
4725 179 4.314533992267589
9503 49 4.851612686186263
49170 1 4.89149317038142
208858 1 4.72388780499473
36218 9 2.99794995742373
267321 4 4.70458766184373
24867 43 4.997052528218912
50987 16 4.65708079516552
197075 12 3.3747592493693794
198389 1 3.8167837735143193
27477 4 4.81111719297137
42679 1 4.3556555955715615
139206 1 4.821691015984363
137697 193 4.07625039244691
43973 17 3.7515810984467013
207907 4 5.8031316627997045
47135 1 4.874312988598702
28382 13 4.719121746305103
19254 35 3.873716670581357
59288 12 4.5292868518624765
5022 2 3.0110049217641097
133075 8 3.8772295179954375
206309 1 4.42372268656679
39102 21 3.546449501614976
138289 4 3.6697362188916482
60336 1 3.947737876062998
41677 1 3.5872457872015593
1140 4 3.5011086670254334
34304 22 3.4384445092253575
31525 7 4.588443243443882
6869 1 4.496884309279267
267452 17 4.01002002825358
6192 9 4.791220964210486
203303 2 5.656827720638016
20681 8 3.642694932851702
58551 6 4.98439009916993
21483 22 3.856872956203848
15830 221 2.724135410356916
28893 2 4.514142966821538
37690 17 4.226716174538324
209865 1 4.962822721279209
198814 1 4.78350081968271
47881 1 5.704180167275406
8354 1 3.7694463475625937
23173 15 3.886049301108253
1482 17 8.467782112364537
200719 27 3.792127070118736
40007 2 4.34322838316468
5692 2 5.0202518653475625
27067 8 6.6158070812306695
23859 4 4.324695082109672
57629 35 3.6038384396352887
3794 3 4.404832817743408
327952 14 3.7928213639484687
198277 6 3.8679881188625393
263818 1 4.514693316171149
19536 2 4.202286626389225
39410 1 3.430437730647815
54664 2 4.45067512780156
55746 1 4.866045489573439
269105 6 5.092481338256819
21034 18 3.991792801334432
10980 19 3.2657545548481037
395270 3 4.294904243982097
394094 12 4.348440845490181
229 2 5.109343967472046
27740 24 4.8620451104466085
21005 4 8.871180717534012
3377 18 5.403261670340139
20949 1 4.5113014771708535
6220 56 3.824903494778982
398124 1 4.197380288451717
43071 8 3.9447800583122548
33675 4 3.768909656919994
19067 11 4.143415329831079
11081 55 4.281490259804637
10307 8 3.3592438251041097
395439 18 3.1363114225604014
49545 1 3.7630590231430565
34134 4 4.925548555122685
137015 2 4.033799908054529
201603 5 4.659664137178264
132514 1 4.671360841659306
58247 11 3.9578221286885
24538 12 3.412314373490215
15532 8 3.5282661239338737
16898 2 4.440434467297278
39819 2 5.1015209875017975
262824 24 4.662235102318541
24473 5 5.380275898157671
27773 597 4.710525476935886
49218 1 3.327411600398835
203613 1 4.7763482393734495
14574 2 3.988057883534189
19855 56 3.990890692736488
25511 6 3.5905960045861103
43472 1 3.7642610818284545
266139 5 5.204459690198858
40752 3 4.395226479077008
1559 2 9.495958395182921
263931 5 4.441625497290522
203101 9 3.226830359551811
264844 8 4.757347360051649
135398 5 5.322802778823775
28544 10 4.5909491775277225
22766 1 4.842929543545307
199738 8 4.847741097173515
269137 6 5.857837332677002
1767 57 4.571829533764434
203756 1 4.515472886901458
43332 4 4.292596420358164
59627 7 4.359692937442881
196783 2 4.655799414315226
36938 2 4.733686798017972
47415 1 4.500199062705032
25936 3 4.647803934473455
2495 6 3.1156131878642617
37514 1 3.7377276162990447
47165 15 3.6029112455544485
133041 10 3.769345639379598
11348 1 5.072786773481727
60602 4 3.619693848387745
265956 1 4.473513998425899
27901 52 4.503014156515527
17762 406 6.011408801653354
58244 3 3.9901255324874905
17595 8 4.881842640538065
265706 4 6.056945967734144
58540 50 4.012186575855736
138887 2 4.770144199282207
57998 8 4.612879256720477
5391 35 3.5231084254979312
56248 4 4.218003025203582
263059 4 5.00274454614298
55435 1 5.962764513522511
203614 4 5.466108152662775
267044 5 5.940473878936701
15225 8 3.856533449218179
44499 1 3.967947792947793
264603 7 5.93743212126045
8538 2 4.144178193998528
19893 85 3.6047469070530647
12165 6 3.7117797000229573
203762 4 4.225003884168648
136207 9 5.559168509994925
12963 8 3.2746353306394385
49643 1 6.220721116729521
266398 3 5.551157957572084
37110 52 3.705261217876398
61496 4 5.625471608771865
59732 5 5.299361234789104
134226 5 4.788394590928058
43287 5 4.281472211435899
394653 2 4.932692198165631
201700 3 4.221964559862571
35265 1 4.175393653965083
207248 2 4.009315651487709
13750 20 3.8336540943085633
264093 6 5.252043800802984
46242 1 4.7970557235868565
264490 3 4.680643687999215
47101 2 4.504260063714082
32923 1 5.600399670954256
267838 1 4.962204538311179
17996 14 3.789830245534029
263387 8 4.697664686687476
197262 1 3.8381218412103184
60519 1 4.689127765476067
137672 2 6.431781139242028
11588 19 3.773946480255701
394756 2 3.785846737699584
394771 3 4.078008147955226
24432 35 4.536131095236175
17719 2 4.935301360914663
24700 5 3.503606369563898
201766 7 5.119825135017256
29478 1 4.429593036044826
394245 1 5.305724502453826
264368 7 5.192678863046475
30532 4 4.676106632625929
34462 1 4.637353646553551
42265 2 5.186424648600657
61694 6 4.984271037262836
52241 7 4.88160788768884
264583 1 4.553236018572154
42584 16 4.63696024289434
265955 7 4.592355828666664
205671 5 3.587969412999724
43275 9 3.8133187666193105
60233 15 3.9962850786443402
22104 4 3.708293267521312
37184 10 3.8394301730411278
17430 85 4.782272554002098
17322 1 3.8343783115672516
30070 16 4.058240261536605
28579 6 5.248610875638215
36998 77 4.69289742656563
49006 2 5.957415837218794
88 12 3.336033571904667
268466 6 4.781626780825765
20983 2 4.71899513008625
133771 61 3.8071813128190577
139035 1 3.5858745311126268
56255 2 3.8828198305337
20764 6 2.8411979403217416
12813 4 3.7383839403612376
10006 39 4.201161176084324
264681 10 6.031151688837761
34587 27 3.6487170559011384
135849 3 5.246785393707302
62013 6 3.9675447178778467
47764 45 2.9227218203501955
136067 3 4.727092415917703
206264 18 3.2770988579192086
39254 1 5.760419441669441
31595 5 2.7917405078863005
197448 1 3.93727515870373
24212 16 4.329357786303175
56543 1 4.535239902481282
56378 6 4.615631757533403
198616 17 3.704488853691173
14381 35 3.960157715648491
52227 1 4.280300738875245
32382 41 4.170175991458573
136033 2 6.017366237296547
9197 3 2.9026082130874045
1415 18 3.901452129152432
205921 1 3.9854662653591895
51861 1 3.7588398758820123
19306 5 3.0235481989934248
198651 19 3.1613919770762235
196852 1 4.487210672924959
34555 18 3.2290050101355994
57808 5 3.6250748001896107
394917 4 4.1309455360972365
22703 12 4.202863367959274
13676 28 4.344404475891268
53221 12 3.671445086396402
264207 4 5.17259473495311
18214 5 4.098943356385973
54933 4 3.8116186646934787
61943 2 4.756688304969896
262494 34 3.964846160414352
17766 69 3.8680641248115935
33872 3 3.8812589523423293
39074 59 8.703896723178662
53183 6 4.918829884821086
26845 6 3.8209333299592223
262996 31 4.945939219413505
138109 3 4.836585489084252
51852 18 3.907280959843325
24532 45 4.033875823261028
200883 5 4.802170902142919
44346 2 3.701498221745405
63072 2 4.7948991595394235
14951 8 4.698687738217115
134067 20 3.8471665963498536
59137 1 6.114446526546972
266359 5 5.414044921342343
26876 5 4.857313988629743
394276 6 4.289171856548875
55199 3 3.4177446504738356
203098 28 5.0235566597634635
134014 33 4.452107583410592
267528 2 5.745064165506906
28227 4 5.270180839372311
18716 1 3.950550466487486
14525 10 3.362329058879859
269131 14 5.188800135333089
26014 1 4.536801628402614
327896 7 4.475044860868529
53400 5 3.8147623364614898
201142 5 3.745333642280909
24725 6 3.6674668611876586
202023 15 3.836470601650554
51662 3 4.0126100132585165
49439 12 3.869500687944565
9253 10 4.400152435916153
37628 2 4.599607038145038
13259 9 3.8446337074985744
198967 19 3.4064343400082087
197348 1 3.754186811592606
334 44 9.419479117397037
264871 6 5.680651068545352
35501 2 4.029248839470604
57677 2 4.656605509602177
19935 5 4.333455088080445
209386 3 5.440225814488107
394028 20 3.6417346593351745
328443 6 4.929066364018369
394376 1 4.831543988456961
6759 7 3.966410401154811
22775 10 4.425122236409109
201058 19 4.5195741243383445
15756 2 4.154350530634483
200557 35 3.615354296096165
328113 1 3.734899818513264
44542 3 5.085549763124726
58158 7 3.6985619326529635
23181 13 4.8026786841286455
23489 11 4.882372876683742
61802 6 4.1250547977135135
12993 15 3.4765059153833455
14241 5 5.384532712327764
47127 3 3.525940668014618
32328 12 4.2028409128055095
268308 6 4.480086322318132
37993 1 4.829602006332504
56616 8 9.380560375168715
30600 23 3.0101412110620402
135218 3 5.015369609233147
53371 5 4.173482791692602
39222 2 3.706000465874416
14349 13 4.524969167027132
39678 5 4.002541075625007
37130 24 4.798983613402327
38732 30 4.878490761459423
511 1 4.022028254086069
40172 1 4.179473950303179
13077 3 3.8018021709880245
264345 6 4.5415934249214525
38948 2 3.7011862852458304
263858 8 4.042115156644925
54540 207 4.017305047849657
265075 3 4.210004903764202
56044 212 5.145618487577619
151 13 5.698169289464261
31216 23 3.308815900314025
32220 5 3.1557886237926605
29030 20 3.4813690959806136
134813 2 5.796366937566485
4729 2 4.485859114430542
42083 2 5.103015682547702
46421 1 4.6167487033127435
6702 3 3.725905558880691
29244 2 3.5692558103272396
33885 21 3.8482385664230425
265345 3 4.603383317293635
202117 1 3.7831023656146803
7530 4 4.576771819795892
137243 2 4.661604289615762
62542 1 3.9145850304594143
197186 1 4.824009522934254
263074 3 4.40261595856834
268542 2 5.090231147076934
136585 3 5.23423134728183
202789 2 3.763140290570914
269162 8 5.4500211834765215
29581 2 4.065071561314867
56908 4 3.959222228930866
265385 7 5.058333919352049
54456 12 4.252295093041231
64271 34 4.229423246200149
53334 57 3.741432126346665
37045 2 4.882788796547947
27847 12 4.788339741654376
3067 95 3.7740643727929983
56171 2 4.517023495598461
63827 8 4.162038944642328
26605 2 5.235370651268492
265467 3 4.5063271190028376
29597 1 5.758472481419936
56756 1 4.761016796377372
264092 3 4.139649181161995
54905 11 3.929620442456038
265778 1 4.74319399082946
393268 4 4.001766960917207
40633 3 2.9597676295555364
13009 22 3.2323428087295674
50806 1 3.8980441743988545
208092 2 4.86741185198165
26013 1 4.529464700901483
26440 1 4.853825733101387
138054 3 3.9259275928486597
21725 63 4.021335844217521
57119 9 3.4428192443824526
9660 4 4.942283977447573
50787 1 4.416474266474266
60809 2 4.7434102412238195
56643 8 6.3877834001954374
136447 1 3.6989771912390963
28096 7 4.470631468491735
26226 1 3.816948655641118
47562 6 3.4247737845530515
11360 4 3.9455843693209673
51200 33 4.418593696479235
23318 1 3.812408176962708
37201 1 4.371417645118187
25009 3 3.737783434304115
209759 1 4.453598476741058
268387 7 4.258560858318564
40810 7 4.745035925720095
12601 14 3.799128224224736
4193 34 4.327890870157928
60530 5 3.85938990376497
206169 2 6.1190776904631585
11845 22 3.0398840029220975
50989 6 3.9329511255869414
60142 14 4.050681322582089
204486 1 4.216116228842008
13257 9 3.853968837155671
38410 55 3.833659702768933
33932 13 3.047635053298866
44304 1 3.9433323039720443
30898 2 4.567494147914753
202021 5 3.6395194987290203
268459 9 4.977332595161379
17188 1 5.1856404241625915
35593 5 3.7987203590731133
57198 4 3.8924160652783426
62268 3 3.944941965518938
265227 6 4.77989008548973
36963 30 4.172873463650942
266959 8 3.8788902765429887
40816 5 3.815277413344498
210020 1 3.2816058529659933
266154 6 3.869605532094332
263615 2 6.074989161538527
264302 8 5.263257541655916
134334 7 5.077175687292707
1736 80 3.8790429727411126
196854 4 6.909811250962409
265252 5 5.164547107630459
32041 3 4.198481256929532
12638 5 4.180153037830759
11998 4 5.398216136209229
23265 5 3.4339368959491816
9083 5 3.0557589582174765
39716 11 5.425156263518519
266794 3 5.782986208833594
204018 1 3.831268778657942
44063 2 4.004659909069079
37223 76 4.0274933924301894
138100 3 3.9116246138114796
26492 2 4.838846706522461
209696 2 4.90592633116696
21880 3 3.817253908344664
41910 1 3.727643638922094
263399 5 4.7418921074219575
63345 2 4.467284543717353
43616 1 3.8703056203056203
22225 1 5.306035738059179
262942 5 6.057308857872093
132005 6 5.513550423196643
137151 8 5.973244917658936
263834 32 4.910734963064988
7722 13 4.595062061528379
327701 2 3.9168596877792288
199153 1 4.275734814910784
27401 2 4.419852748054718
33835 6 3.322119515514234
37035 25 3.680616261136108
62761 2 5.47864943485633
47833 9 3.5042733881231634
23412 2 4.743038334724518
132238 4 6.448222231827829
44577 6 4.83138944397434
48945 38 3.407148154013346
394268 2 5.04943704805727
35824 3 4.280982823393538
62337 2 4.674955040821999
132902 1 4.006005043516896
27813 121 5.365584248274736
265300 4 5.03762689436603
36610 8 4.736035227166455
21556 4 3.7042637289356204
197227 10 3.7344754564687173
19044 1 4.792318970028329
394966 1 4.08750113111361
393837 2 5.1552280297930775
47424 1 3.779441325869898
394687 2 4.307555890466561
395198 23 4.101880440310772
41328 1 3.7677985354572483
45705 11 3.7941494356802563
58844 3 7.833793776022129
394581 3 4.511970744088971
33915 226 3.8218756223268904
58210 1 5.098810455204465
20514 5 3.6115181523444475
206641 5 6.567079033157856
269763 1 4.77782814703997
60751 2 3.006415669827588
17848 1 5.95689462949931
265309 2 5.329074424724108
134337 8 5.016945477772776
53897 4 4.114454157984997
37153 73 3.9130727045257423
10564 15 3.647734125239543
56167 24 4.159686989275444
135946 2 4.621887189736203
17648 18 4.8778118043185446
395384 1 6.31980530944426
63174 2 3.9978667149854155
33139 13 3.958824013779916
394158 1 4.068771427893547
61693 3 5.3314830572617895
201745 5 3.5660753479480407
267478 28 4.388620655384263
55033 5 5.650801270790149
262445 8 5.576202700448228
10294 1 4.689680161108733
132022 1 3.9210747157982295
20373 2 3.6884754461005804
24211 12 4.008362730441705
6498 34 3.784634952435711
198312 7 4.0843842507198564
34758 15 3.5496950347340817
268831 7 4.684387561804365
31158 9 4.560630709460905
268370 6 4.798219214692035
36524 3 4.448889941916363
268118 5 5.204599329393176
52958 27 5.011135704963713
268415 7 5.743725217674138
205297 1 3.8786043477219945
201717 2 4.016865733641425
11206 27 5.2014191376030965
6805 47 3.177663273397547
268554 4 4.5130651885928135
56005 3 4.076618437171497
1457 6 6.466240812256849
263025 7 4.3851691126591765
51755 1 3.859578921675696
16921 24 4.167217281338596
37336 6 4.90348271124689
63922 1 4.842465789718999
24545 3 4.11693403906852
203427 3 3.884818561661512
137880 2 5.016191801113804
12242 2 4.392175849696453
18771 10 3.804557611718585
56132 17 4.144963312842494
43277 7 3.914990636114877
3369 10 4.155275482570233
208734 3 4.801708396739184
64073 27 4.175666421597554
51234 5 3.959232588756172
37563 6 4.232678958922562
266476 5 5.318908579201435
53189 8 4.6491297217995005
23523 5 3.025928658749154
12655 5 4.150900265914877
56321 1 3.6943638292377794
58562 4 6.049457681688926
23128 4 4.723627039175936
267964 6 4.120871681505038
20390 1 4.8770677926342945
136117 2 3.920249380275051
49805 1 5.247773354291213
11765 3 4.616789416038582
29584 18 4.195502423149954
136009 5 4.27213484322747
3663 37 3.8143936867293755
265777 4 4.433257711860675
132711 2 4.26006109088861
132422 131 3.8382822128334535
35640 8 3.55470327949626
137001 5 4.237865890344435
27871 12 4.200619052418674
203913 1 3.737364831272394
137476 2 4.018988072682653
201036 2 3.818352039265305
263856 7 4.187638542793875
26615 984 3.8341637842265763
204310 1 4.564913868773315
13037 32 3.030931701474588
27882 208 4.534878862430681
48257 6 3.3426445362239936
49074 14 3.5856498141734816
5665 5 5.810212503583808
49209 6 4.091480340988521
46083 1 5.3365441254603825
327806 1 4.554465766205915
35144 6 4.128087291674581
206679 1 4.508111427889753
31273 11 3.8334092143406
201502 3 3.3475767755851495
17146 4 3.0379206991883048
14166 6 4.78375139136352
49669 4 4.1100525921927105
199113 2 3.7504904522447724
14207 1 3.8174976291725073
808 52 4.244187089287125
263287 2 4.186686067690974
15069 9 3.8099635218683816
43399 3 3.3045511102299807
395949 1 4.161382004239147
136027 5 3.960877530736945
28504 1 6.789043347601434
16628 69 4.510796411613093
29599 1 4.68934128396494
33632 1 4.756974506974506
396139 3 4.801399538418221
44002 17 3.980023143121638
327775 1 4.52811732090518
45758 70 2.778527173143753
204460 3 3.9057314262282277
27820 8 5.524573130554163
268056 3 4.942995993591668
33047 70 3.766012277500704
44805 1 4.344070313540358
262545 15 4.54459061962436
58488 5 3.994756685062223
59807 23 4.525001783448348
201598 1 5.535520843566821
6584 6 3.5902727685359856
262691 67 4.061999576907211
14297 44 4.423353129833858
17886 4 3.817026469086679
265695 6 5.767350076180363
132785 12 4.731723285579117
55264 3 3.8600638184446843
197131 2 3.8035315654363266
45665 8 5.72628396863578
264673 5 5.031916165276091
16947 3 4.565895546503953
42548 7 4.121001882622694
44087 44 6.048006805283461
41292 1 3.8551024244572636
36077 18 3.960600115548197
209669 2 3.875267922595544
24895 1 3.9922872012990815
53206 31 5.5406866895553994
44459 4 4.15895562917787
265661 5 6.2182165782733705
16405 3 4.198723701778681
58589 4 3.9256754933790887
206508 4 3.8915289288967023
22478 1 3.9710619521331822
52638 16 3.831877892516375
24220 34 4.531667036180979
46786 20 3.0381186684320602
17298 1 4.030542822678972
15309 4 4.390814827077257
63009 15 3.983750326951693
33633 4 4.526541767839663
198560 2 3.8271504124227973
267522 4 4.4097375717192975
41838 1 3.956291469724306
5740 12 4.402745999795074
268036 1 6.108723404248856
133262 2 4.790436268622634
265476 2 4.869215354394525
200876 6 4.072214480988585
61938 4 5.124094232877569
61758 5 4.420722220014832
396182 1 4.134137479925657
137653 14 6.016714235455605
265981 4 5.030961898659008
32869 25 3.05258229791573
268402 7 3.99897455947363
267373 2 5.0523607296736355
201145 3 5.703966736032623
58142 35 9.324643651097666
262379 13 4.584069214552029
56902 2 4.690629974157578
61888 17 4.8069716129917
395828 1 3.758186810077566
13426 3 5.08992528162
197578 1 6.348881982392927
13933 3 4.374169952648345
14522 219 4.375021618319512
26556 38 3.0344728908973373
51495 1 5.119892128113366
42063 2 3.463296335849448
44222 2 4.122266873657332
63177 1 4.511704474338883
3777 8 3.861789049656849
60626 10 3.5525586207117916
262316 63 4.531034607846909
47568 5 3.886387303681559
203318 1 4.093320327609395
8135 2 4.858227773868167
20714 5 3.913240869478632
133591 3 4.941872501770925
268821 4 4.577589312665291
50292 21 3.730008032649629
395566 3 4.977110499729549
12079 12 3.8541738968264605
14873 4 4.197924185613354
52982 26 5.352570912717928
268507 5 6.46744527846064
37460 11 4.9557629096642986
205389 6 3.3150947195124445
205717 4 4.0332982238810855
34150 7 4.496946979117877
262836 3 4.742472218348425
197769 4 3.921356778167567
56957 4 3.8118557781262714
30646 1 3.8021912670434843
196879 1 3.61468095296512
49969 1 3.818916401059259
1734 4 4.0067146848460835
8146 1 4.536933843387046
59537 1 3.7599945028516455
266085 5 4.485009198938833
64432 4 4.23551398500539
264995 1 4.5855667196636
14006 3 3.679646735027283
39712 1 3.832165117908206
9614 21 4.6349273453346855
52737 9 6.092445186046107
17937 4 4.679964062388494
29256 276 5.324790169280223
49155 1 4.482651180130172
262811 9 4.30840315389298
11179 87 3.995265861521056
137300 1 3.6385208845174284
53076 5 5.2554336300085
267146 2 5.730775297454859
198371 21 3.8366030655618664
61460 2 5.8569277283563
266441 5 4.671200785538908
64093 3 6.195523686297497
13253 6 4.1405732244071585
268386 6 4.539254785525905
21198 1 4.439596019060305
23880 2 4.190735118884333
136360 4 3.6188060016672496
269288 6 4.8130655339539175
29135 1 3.699443325633802
135253 15 5.0817912627612
15466 2 3.928913084270227
1414 4 4.379878553038393
64109 4 4.555865298477235
8160 5 4.305914213804198
59241 2 4.640785702870559
264040 1 4.610707916159044
27590 1 4.770352494765466
32212 25 3.6105506203137994
52754 2 4.658696791536282
134112 4 5.7076838505409935
56028 4 5.20136107913387
137872 36 3.975253578096326
19580 3 3.8087927123923464
265757 4 4.958467340357353
197325 2 4.373835921122288
201520 8 5.392905660029017
55863 2 4.593300276502894
393682 6 4.997746422330367
63152 2 3.841058058532453
206631 1 3.9499504876715457
54770 1 3.805157676356364
53805 1 5.380418071431897
30524 14 3.2087729544571886
9131 1 5.51306620500169
22282 8 3.8582267389703055
8666 5 3.8452178227147136
264712 4 4.885134696750248
264770 15 4.411859741862088
138104 1 3.9585055487001646
265797 1 5.133403600331138
59711 10 3.659600743062494
30475 46 3.1209872467749062
201035 11 4.025031892475488
266211 6 3.9920860498205766
688 2 5.1840695657198115
62749 1 3.057405557405558
61571 1 5.181735264028982
394763 1 4.290086338887652
264630 7 5.558435781990549
205162 4 4.318408312583569
14848 2 3.099279055533663
57707 4 4.256433715483219
134871 6 4.657253741765048
134652 1 3.876867449581319
31294 2 3.430467680467681
138806 2 4.7085303965003655
3527 22 5.555841038971951
48731 1 3.8814476056560516
38814 10 3.5735019734378346
394465 1 4.469769879848538
28341 1 6.1771854361561385
16192 8 3.9042561662019786
31203 14 5.036040138433907
64056 3 4.764714267591604
45246 6 5.472367234517835
262515 3 4.489125835938283
134676 4 4.141634319371769
56494 4 5.6162170956130595
263822 4 5.186080040780951
9595 52 3.7131462387531804
41195 4 3.848168897255926
45413 11 3.6385467083464587
13378 3 3.8257436367139497
138343 4 5.641365391179821
19114 68 4.003481235457188
32678 5 3.00885171937962
62634 1 4.2599438963494265
9790 63 3.845535674792817
17191 1 4.199615043777605
39246 16 3.8897259831897486
15401 11 3.700089060354076
205119 6 4.971306358570843
60806 10 4.2254706095752805
394141 19 3.0286056848596075
11657 4 3.8148385027208285
265033 6 4.480678716243917
137154 4 7.012108656981299
48436 1 4.328621907193336
12790 1 4.375105387755846
56406 1 3.1358024691358026
264238 22 4.398564865299865
42153 2 3.996021957161319
269125 7 5.925120014056931
208311 1 3.9217452862773063
44371 5 3.614244126597519
37 10 4.862773136047595
10412 2 5.157569532012597
14397 10 4.409004652555915
7034 5 3.0194232381292556
25911 2 4.197116567522971
199938 6 3.861941947175092
263129 8 5.298003441795826
46392 4 5.179060009644586
47349 2 6.07306410592759
39612 14 3.432441916750265
5518 32 3.572624519220656
52268 25 4.823600697843823
53358 2 4.636740579384914
199987 16 4.391795173818998
138444 5 5.201340931555876
36421 11 3.865636349653932
34529 1 3.9888195763618355
45035 2 4.524526934097117
269566 8 4.6463505988531075
47044 1 4.03391529736649
135529 8 4.937657118469962
23733 3 5.359016794004485
34868 7 2.910540707209623
58377 5 4.787244202815488
16749 2 4.875367112362186
60838 2 4.9434888355578
25620 63 4.146110473906312
14551 12 4.035094605679297
360 11 9.464297851606082
206928 2 4.501813908898703
265468 4 4.895375722597356
206556 4 4.799614686135867
40934 35 4.10978914113935
55102 5 3.831983923845451
268404 10 3.7864511891676065
264615 4 5.1325092412443905
19820 2 4.568871370049427
34554 4 3.0637947535603702
7610 2 4.221376243734208
262615 18 5.484868550086338
26801 84 3.0716905800593617
23431 3 4.603390387995876
12483 13 3.79155000417537
136525 364 5.250855085355859
12016 2 4.7702371385454585
203554 7 4.042596693325639
198324 1 4.345529414174371
38004 2 4.110472143002116
138311 13 4.818678592820813
58285 1 3.883556662444912
15868 4 3.768004229486987
133107 12 4.534170883661708
266555 8 4.104023207763997
196730 6 3.8706731340703806
10968 24 4.326755817735047
264468 3 4.938685227860317
61587 14 4.942810230062166
21432 1 4.765639410937875
50495 4 4.677231978396129
10627 3 4.12082965656251
47797 2 4.389294899873916
204981 4 3.77738172626602
49480 1 3.804553195196037
136279 1 3.651065177106844
61495 1 5.020654479252041
60783 12 4.13879081959215
200182 6 4.349793047327521
60055 3 5.6300410629553586
265592 2 5.00723370043567
31055 32 3.521478476688653
34983 1 4.122248128642137
26878 16 3.5604359202242404
48232 7 3.8579078781076297
30686 4 3.806700845123462
135050 1 4.0245983090585185
25689 21 3.9788635699466357
43 8 3.9354834909085032
37665 2 4.807317237082522
60590 2 3.768957947764162
395838 2 5.241840398700004
40059 4 3.8621999302174173
38217 3 5.617335204347813
22994 4 4.518574848849451
12696 39 3.6723178860954446
263449 2 4.316686215081902
17406 4 3.8098470574004244
53620 10 3.818530889803396
202617 5 3.1480800507615863
59378 8 4.350138818886129
262688 110 3.7234189476667257
16667 14 4.627953115910872
63984 2 5.165624428275517
328138 4 4.8098165517613385
204348 15 4.871400324680205
55915 40 4.899197097634737
134884 11 5.319278326530896
202872 3 4.963172286374862
9823 14 4.527376306193501
196978 2 4.788274192129288
203734 1 3.6707300635872078
39179 8 3.1416246635734306
39257 4 3.060332094256453
13070 2 4.522536193964766
62032 1 3.6380068344354064
35928 45 4.012747027210539
21952 4 4.858334362411218
23282 39 4.273265657170723
42161 3 4.5483234727696935
58581 3 5.690681007216353
44900 1 4.137141162351246
58604 1 4.0153952149962695
1013 1 4.818230229905107
27409 3 4.297254253723003
6372 9 3.88925575700618
58222 1 8.212239855564977
59339 2 4.21927701016371
137504 1 3.9007671255947107
267156 6 4.039682538408551
9868 11 3.9043780039335507
40773 3 2.9720426795097166
39616 2 3.5322423406739007
54530 1 4.896879223865888
53559 103 4.465975868553717
4466 153 4.199370484256849
268742 7 4.7301898827040425
138043 4 5.589052239905836
15961 4 3.592322121206519
264556 16 4.381817069403602
134845 1 3.959577157618855
56819 2 4.715909240288123
28902 11 4.0555066872614605
46489 89 3.5983854974608147
137912 3 3.988968502545798
47103 4 4.204269955574463
44333 1 4.707725018721832
268430 8 4.748688051137813
203924 6 3.628307101549329
15914 35 3.9179098976304254
267270 4 5.294692060290402
60555 2 3.929185191338709
28370 32 3.7604192284553397
134022 13 6.014292076038511
15440 34 3.446395672797629
197479 4 4.078813499489627
133387 4 4.354537404748163
64208 16 3.559053677641787
15667 3 3.920584414500554
35096 4 4.544658829921217
30232 1 4.037950973537381
36228 1 4.230501622989307
133063 2 5.2561917599317445
264067 8 4.783701994642436
393220 2 3.4593252454485586
263047 26 3.4889552024030133
62110 1 5.502804794150688
197849 2 3.814153663648341
25885 25 3.67385343887192
48821 7 3.46184436105789
136629 4 5.211482002437037
49036 5 4.190210811925654
32398 18 3.988923518503349
1916 216 3.2619974660964615
59613 5 4.770395115788209
48587 1 4.773865345287591
39306 3 3.7665404266947218
36167 2 4.204573892911533
208122 1 4.382410089437038
11281 3 3.8223729231823502
265692 5 5.259337338891152
205110 1 5.038126715466617
30000 2 4.207662361293361
22252 32 3.896951323047984
268625 8 4.36651104891277
52328 6 5.752674663337247
136843 1 4.248548471012565
137364 1 3.6388816348781785
269619 5 3.871617144154846
60798 10 3.7273855493404704
268448 8 4.328013845869135
264540 5 4.106494337385959
8661 15 4.0126913928820205
134839 2 5.58580310446584
61845 7 6.335733926487879
33190 1 3.9985278324347218
17924 93 4.18898932306507
9193 9 3.6104835595762164
268916 4 5.868694199746433
48959 1 4.114908438122724
43418 4 3.8516687968856083
263343 4 5.749474218006372
58077 1 4.375589374968256
9861 1 3.8481296549646307
53451 3 4.131780080268676
52788 6 4.2655427011049465
18283 32 3.2225939460523954
27369 2 4.540683078402999
56877 1 4.1544186661332025
7063 35 5.143964647175639
1906 75 4.199850680665607
59472 12 3.679711041201725
670 1 7.490132977084946
135776 7 6.0146012600271295
27349 5 4.477803879694827
43547 3 3.649808881678978
206608 4 4.934833322627151
39120 26 2.7293581172199546
197943 3 3.8279010131101097
11139 337 4.21552006682227
133660 21 3.6022119501425047
25801 1 3.7909892846528783
35126 1 4.0069721284007
199782 5 3.699681330582577
197945 1 4.0609125001982145
197172 1 4.199665677005579
37261 2 5.030499871392069
16653 10 3.8298933600464276
8803 14 3.5200371178797343
202759 8 4.253047947426488
266530 6 5.8514794884859525
45793 2 4.42447335700533
328067 1 5.047913963431205
29189 3 4.543237336378049
64074 15 4.780423232257927
19521 1 5.434833904464447
132658 1 3.8895161268845904
134650 1 4.246774853726824
265391 2 4.757022913571559
268048 5 5.648874187230124
25015 1 4.946449674980053
17853 360 4.425090005372047
205726 6 3.127330663896084
264343 3 5.365759793028573
20574 4 4.984641155834237
32701 66 3.7983722306486527
397427 5 3.984085477173734
135721 4 6.007754537319398
23576 166 3.240884001229309
32501 1 4.223646811769719
61655 5 5.28522383401521
139230 3 5.147889315292678
64096 25 3.8457373403458712
135103 2 4.138380396249666
49238 3 4.4551417550989765
56674 5 3.7378665792585686
51149 9 4.679063328225338
36019 1 4.0154802206983105
29622 3 3.853588522112446
45429 30 4.351839670459036
207243 2 3.764884705978022
37371 10 4.34885490409575
48094 8 4.362459484144767
45591 1 7.014131703302476
36671 12 3.8789097707720246
267081 5 5.524973082595109
134666 5 3.444332271107284
61332 5 4.1872293297713705
13626 7 4.382375031836776
14738 3 4.3428138609963645
201922 3 4.822116014973158
131591 143 4.717764715299298
11961 5 3.0038373361610566
36941 17 4.706960689479925
43239 1 5.041777188328912
50115 4 3.6574594867805903
132215 72 3.941853133866883
61869 15 4.721415896477813
49184 4 3.7889878431318245
15218 0 4.142857142857143
10225 32 5.976571365333349
135036 10 5.9352108743620935
58043 1 3.6247807747807754
198252 31 5.026716387769408
393794 1 3.7508834214499247
209089 3 3.8813856758128744
137969 31 3.74129840472213
56429 1 3.7620092092787054
31641 5 3.377478815713631
27373 1 4.43042291953622
136004 5 5.444166521197586
267021 12 4.6266086525333865
264163 4 4.868191965680056
64454 1 3.683228231859064
46887 452 3.500095793399201
16561 8 4.022501038881264
18254 15 4.641286970609598
16639 4 4.010854740745609
138460 8 6.2782009607914935
48777 8 3.4931266694092575
42976 10 3.808462146439007
1438 2 4.411626522993517
5647 18 4.520838216551371
28274 16 4.732554258535894
39206 1 4.043364489916213
262411 12 4.442906490064788
39364 3 8.291243685165185
262757 33 4.060628821185001
62610 1 3.821412652299352
266246 7 6.0601627029304765
138051 2 4.060613425777378
34205 3 4.101741842813271
34047 2 5.761463519029294
13351 16 4.524383182674611
53685 2 4.041573011061829
59661 3 3.9169957593058458
268901 6 5.032791888714696
13614 10 3.5326129015395416
10794 158 3.9535760368533692
134840 8 5.931204332187819
136062 1 5.922659397234432
42759 1 4.1059170176634545
40511 20 3.076708459141992
132831 5 4.653762977998978
59050 73 5.081535783848269
133829 4 5.5
38475 3 4.572593691444704
44148 1 3.714117926052005
268011 3 5.756996337338086
17962 28 5.35265245901092
199178 2 3.9937916393484456
26695 7 3.6574526128099785
56202 7 5.012346806047194
200962 5 4.512062725432806
268930 7 7.0034290410892295
36522 217 4.201311948566392
26838 10 4.5656837880168055
19925 3 4.188281628813508
15751 8 3.978233109729563
55313 32 4.826442059978181
263383 4 4.901497321774578
132948 4 4.4025460375403656
197695 350 4.02870461981923
45684 9 4.2880868830648105
198190 1 4.736928967531223
30833 10 3.379704255523588
3933 6 4.4545208605792865
395413 1 3.8016013561333772
27970 11 4.04366236609863
60239 2 4.1828131412592695
264719 12 4.592818282346714
198801 1 4.178894943771791
137363 4 3.933569888357811
30689 211 4.521917690507011
37100 10 2.7606953207351124
208041 5 3.821467855503092
265872 3 5.226307065798035
266203 11 4.80035573678038
21745 12 4.285063720380476
4565 185 3.945248721046622
43711 26 5.044896549106921
264416 6 4.22246166616227
44127 2 4.648154819599294
136605 2 5.408117939933001
200024 1 4.3856007101105146
42175 3 3.9532549813918005
28134 19 4.828077462423236
202216 1 4.295913801578827
52750 9 4.711774058242497
11620 13 4.684197464006047
28332 8 4.6462137185259635
199276 7 4.642257570226935
265308 4 4.657710255341926
3378 56 4.18192571100196
50413 2 3.8766699335823773
22686 4 4.9518601957682
137272 7 3.951951250207591
202261 2 3.642969967943729
41077 2 4.830172085943613
57329 4 3.8521040548551277
9140 4 3.51374026356785
56089 9 4.578897745718439
1853 21 2.9650081584943484
49413 10 4.83683067691123
133003 5 5.014318794596571
18068 35 4.067023692127461
137681 2 5.356819095807191
12686 3 3.7490526043022574
396316 5 3.2105519943259857
59577 3 4.338031381063352
202561 1 4.375226907739223
34230 8 4.104846046796367
34043 3 4.243907138144555
134512 16 3.2415814162486614
267594 6 5.091589559384827
22964 21 3.821453689593409
22795 3 3.8092872391676176
56287 1 3.999447403625923
327765 8 4.0801061080498995
60923 3 4.3664079956063055
56149 10 4.501725252973085
31293 14 3.7803109308061034
269258 4 4.324319894863881
59142 1 4.9337799281916315
41696 3 3.9813808917809026
62838 22 4.32606872867465
35371 6 4.619892377123247
28048 15 5.286742818820475
50728 1 4.739447391629976
27027 12 3.504025562865938
264477 10 5.255012920612298
14368 3 4.198375384944031
35711 2 3.731445141601478
25300 2 4.420516166616033
14669 8 4.255886020980565
32492 1 4.198481256929532
267318 6 5.5528226160118
58291 10 3.153331613546546
56859 2 4.020898492732073
26828 1 6.01670600711549
30753 3 3.6006002585494676
26861 1 4.20355596246434
19712 2 4.640545464134672
52332 1 5.031276573207468
268633 7 4.115837135610571
393595 4 4.593090717572029
35270 1 3.6314772855389106
35770 1 3.7890159201836107
49743 5 3.579864564153278
13251 7 4.1501012625364355
25880 18 3.6835673744477604
265101 2 5.149079859013134
49485 15 3.8573071015295404
35432 32 2.909451207941413
38500 16 4.130092671943846
264281 15 5.399220515312399
395702 2 4.6262838232103
197402 3 4.551807467548343
132229 2 4.091249246449484
137184 11 4.3583769562802175
197623 16 4.371924140129542
266621 1 4.3891974727546
28724 3 6.032105233913258
2707 14 3.8125733347779738
11237 5 4.291725834791952
137596 2 7.0161516683766285
16795 5 3.630743261454516
30307 1 5.462364796001905
198122 1 4.680505737648595
60209 5 3.792752267517049
17259 3 4.491021958916598
262750 5 4.476318047352293
60887 1 7.747455869547876
57382 4 5.245576308512743
19229 159 3.70810079639073
61729 15 4.895529123278008
10022 38 3.9520796034285657
29119 509 3.0423870483674995
24830 6 3.8016009050245496
60518 1 4.100967951659196
262158 1 5.0512584566197045
3342 6 3.6996394832676875
133119 26 4.366781503721693
52124 1 4.037668961576211
14478 9 4.198504948784181
62682 18 4.236013245913332
263087 62 4.57358940170254
262401 53 5.053841923833279
268005 6 5.1473281177925045
36972 53 4.484561730622937
132228 3 4.514402060892003
200406 5 7.001884018623842
42782 1 4.692512287991859
40584 6 4.130791418610444
394882 4 4.8117273094345805
139087 1 7.651693501474663
33797 1 5.514790327407912
39299 4 3.7515168787235984
55064 7 4.721204151475549
263435 11 4.788912920129918
35017 35 4.261328424345725
138565 1 5.34020954667864
62445 6 3.826542740127456
393573 7 4.745401815487317
135444 8 4.879420955259318
265291 6 5.331344752983937
263498 10 4.829246795164249
264654 4 4.765466883113398
58670 3 5.012652111465741
266683 3 6.214346334719311
23381 15 3.81457500657386
53715 3 4.642178631439715
