267213 6 4.430920221403799
13951 42 4.644285328641418
35910 3 4.062628966554443
30166 1 3.997921640346303
22518 4 3.7549011585044276
46280 4 3.024193564450655
133370 2 4.9874662351558205
134651 2 5.098314998313869
11996 4 3.0370596712861944
269225 5 4.893491876536762
57624 27 3.8024260274825212
267213 6 4.430920221403799
13951 42 4.644285328641418
35910 3 4.062628966554443
30166 1 3.997921640346303
22518 4 3.7549011585044276
46280 4 3.024193564450655
133370 2 4.9874662351558205
134651 2 5.098314998313869
11996 4 3.0370596712861944
269225 5 4.893491876536762
57624 27 3.8024260274825212
265298 1 5.534318421089904
11272 211 3.6161213266399725
34379 1 4.850985782755505
262989 23 5.32718818197411
10634 3 5.355666268092279
54238 11 3.912139165098802
45696 2 3.9318233061548207
133227 4 4.584033702188465
63255 7 4.214962092380508
61688 8 5.713192284032279
264481 1 4.090025238267546
198248 2 3.959086321793862
197897 8 4.788586768228358
204438 6 3.947392668608148
268544 5 4.939712754027594
268582 7 5.570722645052995
208637 4 4.693932034916751
26345 2 4.162289564563205
53667 77 3.4651794442833173
31593 4 4.672165536572878
268302 5 4.21710941065418
199286 14 3.2600187475148825
393407 1 3.8129804016728635
267122 7 4.598375021331704
265124 6 4.945863415355634
132370 7 4.785064443337604
132464 1 3.8076882259928237
42808 3 3.6351699605042596
268354 2 4.067532078055274
204011 2 4.701874179378246
266534 4 4.612007498752031
20676 97 2.9503223062906203
267563 5 7.300706279547941
46826 4 3.9216394741658838
266109 2 4.8538415050663914
197828 1 5.033875648161362
61015 2 3.7415892456193838
60535 1 4.0640425127059485
52253 30 4.588388447977471
202829 26 3.9460480924805164
200819 4 5.455940757894282
11694 1 4.742671138281487
203396 6 4.768664129472943
60144 25 3.3106914070803595
44425 3 4.715797204511181
16083 5 4.594488662654364
47441 21 3.5129610593167655
268503 8 4.947007040775375
197667 7 3.76384334120685
19068 3 4.4595505877466435
44866 1 5.593542055321249
265480 4 5.843590838155185
263512 15 4.400169611769932
43925 33 3.738853175997138
11259 64 3.583834210290139
52228 520 4.503829511413793
26532 2 5.047452921073144
394118 2 3.590065530558687
196847 2 3.6888246760730645
24207 89 3.942482133562229
7333 10 3.8304634945875944
64449 3 3.9701258133813466
132027 1 5.222505701020684
36776 24 3.9624289692534287
267446 7 4.0579605200825455
8228 9 4.013145222764374
33132 72 3.2515938007818455
11006 3 4.557310864605112
264353 9 5.2057951360527355
2768 4 4.031104009999963
262206 7 3.874467313767716
132796 1 3.9983536149502537
28219 34 4.44935849768293
50466 5 3.808899314406658
29259 7 3.702405570400503
328088 4 4.0424526370634055
523 3 8.47348788406172
264396 2 4.172463778977384
60123 3 4.489800160301182
11383 14 3.1651988629259606
204867 1 3.812902535801005
268292 4 6.771918198639366
25379 1 4.007024107234192
56031 1 4.060358902431928
136645 7 5.171572438164044
44141 5 3.384580154803891
63062 30 3.81697532056453
41984 4 4.0067849394556205
202812 2 3.7949875781692377
15641 46 4.125818406111703
41166 1 4.516243739477227
27925 20 5.011749087866251
61189 7 3.7150151276295755
267948 5 5.798434479065732
210246 1 4.302606795463939
33801 1 4.942707094492809
286 55 2.8218375181780266
134322 1 3.6602334173762747
262549 2 4.814744160164247
35795 6 3.895906917714719
267367 7 4.6090235462105875
51815 34 3.855308510272853
268172 9 4.9369354068693525
265939 1 4.349846364973801
134874 8 5.114933837361088
39573 1 4.531201773960395
2832 1 4.089377460108723
20684 1 3.6652610368658083
137138 2 4.589526390716868
200756 2 3.6561068891784756
4511 6 3.861959411984214
33268 2 4.105738785935831
46632 38 3.708186231433097
5586 3 4.151623903701593
26804 4 5.123499576421654
53313 2 3.8193181979103694
203086 2 4.639984806135736
15892 11 5.195122309522555
51256 1 4.7252173387641365
132053 3 3.7097019463827756
34562 1 3.5883517118591746
23472 4 4.442469805327132
201072 8 4.442251920383442
198454 5 5.047267420843278
51993 17 4.461245534483979
42523 1 3.8449104317767913
264424 23 3.360411455535347
262990 4 5.168948776120471
135855 4 6.01694932634612
63263 2 3.8206032721452594
269036 8 3.973906146955612
4766 2651 2.9462900516330413
19133 43 4.640177754350323
39494 2 4.902194542670735
210066 5 7.197449228623732
266179 6 5.400948396211841
269416 7 4.680104839562368
13791 23 3.5660407248036305
29632 17 2.7679538756374105
40477 1 4.646223890279786
27656 1 4.369688902580608
269429 8 5.610125016604634
19840 1 3.8099079947602115
266440 4 3.9386819225547405
25189 16 4.126359152714545
131429 467 4.678537631510997
268971 5 6.197928925340024
268173 6 5.08748883928214
269027 7 3.8791979780247865
19898 8 3.836491756125631
139008 3 4.556598538169518
27897 3 5.350468830953047
31829 4 3.8326951536189577
313 8 7.462273220910329
267584 6 5.561909238058341
262900 36 4.183871724416382
2147 24 4.716966472514433
3287 2 4.710193204923116
264356 10 5.019132637599457
42883 1 3.7584761182703814
44503 9 3.5656017126233612
51341 8 3.503468117885296
264221 5 4.397191627044279
8920 26 3.8696676361601217
60982 7 3.921618081848962
197015 4 6.0526391752167354
199127 1 5.085805596519883
132792 1 4.001754975494471
11625 1 4.015878383612374
34904 2 3.6349415712091773
264002 6 4.835148193768312
36463 5 5.4029830172557
139403 1 5.124050105040889
42966 1 3.8120725835011546
28681 2 4.77421970574858
267713 4 5.072809807683757
268712 2 6.391365465929573
135524 7 5.047631974133718
268928 8 4.783280542087455
11236 1 3.7374422330087347
267317 2 4.972321585728298
64421 3 3.7475499816288336
19537 8 5.199607487830815
52721 18 4.76030669072088
60728 2 3.0
208794 4 4.1545157984241845
262806 31 4.619671859899848
262687 18 4.942698154464751
60165 9 3.6430920405712577
395913 4 4.320022820209722
203832 1 3.896595003392239
52543 14 4.517661032277418
60828 1 4.804741251201995
60368 5 3.833515770308018
61407 1 4.3971171720734725
18918 2 3.7741111843538615
136935 1 4.958632939672626
202777 3 7.685978754854036
52873 12 3.3099981516427457
26589 2 4.492921061062913
17816 162 4.536614476893005
25999 20 4.17515339053747
24435 72 4.0719566421793285
28121 7 4.600229973823763
131246 1 4.684952164074157
19568 2 4.7788953148576505
268077 7 3.9812174259037896
56562 4 3.755054351821466
52758 14 4.153849237833659
35463 2 4.009629479043028
393936 3 4.005164904593759
12128 3 4.917108069186163
264580 12 4.967587719316092
263267 8 4.1844272985988065
49872 11 6.7502072665201025
14226 3 4.230815799325652
16685 38 4.011776682431629
62904 553 3.625728808073121
267408 6 7.0
52402 16 4.601890050063895
24154 173 4.7471761593205075
131403 1 4.415005252624882
263853 10 5.327307468841488
51973 6 4.053745767342224
46264 1 4.509532724447444
37427 8 4.121626044577611
394927 3 4.870922191220696
58335 1 5.141952936713036
201838 19 3.1561385490544813
55982 1 5.073255404321135
200790 1 3.929557874791249
131746 13 4.425605336737429
198902 1 3.876768212799319
206752 8 3.8012520475328353
209277 3 5.843908915234138
134535 2 4.28469527049359
27693 15 3.7247738704773172
132652 10 4.418175494331755
57717 11 3.0426675475860825
55904 4 4.256012840450722
28804 1 4.617992794029661
266242 7 4.398612292644079
60441 3 4.523498174382399
11686 44 3.350748455537916
59616 6 4.869997760869338
38210 8 5.259678093080079
64245 25 4.344659007267613
47074 5 3.962590649488569
137209 5 6.067891375706558
59686 2 3.8240114033759474
17325 1 4.875367112362186
43801 4 4.610948173924526
16430 3 5.5187780162068
266294 4 3.8571665207319477
47583 128 4.44179672402296
52731 7 4.6111592201036204
328038 11 4.003851665905904
44278 5 5.047647372368576
55833 1 4.953053258237813
22174 11 3.983493032794663
49161 1 4.447389538485598
48734 1 3.854652102463162
24093 71 5.274619485457481
13329 17 3.0160669285947437
58523 2 5.1577192731127495
202671 2 4.28440987948377
54512 2 4.384717531146102
208273 4 3.7266252260355452
17074 1 3.801971486823704
268051 6 4.828877809485062
133295 12 4.914006107875147
47377 68 3.6285869928978514
396318 1 4.199615043777605
198672 3 3.755180719959687
34630 4 4.538363896283151
202234 4 3.7918117619403193
24084 81 4.187281755707077
7349 108 3.90804389448475
264433 10 5.116050688044738
21127 26 3.701912565046969
50898 1 3.5468599033816424
268867 6 4.788003457701589
263576 2 4.175014844832762
37296 2 4.595406769063164
15663 27 4.122543202200705
55552 2 3.457558793087021
199713 7 3.274656601367672
39642 37 2.9669414622116954
264435 1 5.369101495867558
206984 3 4.825190253113566
265398 8 4.15610203148735
49150 1 3.6308843273128995
63131 2 4.095159606859115
7080 56 4.612636931281686
4776 37 4.018293840462293
50005 2 4.843896055301586
23522 5 4.359223006754376
24993 2 3.4068790422724557
394713 2 5.040717629142593
200129 8 3.3439898397174836
265233 41 6.50494495571608
267172 4 5.568045573657167
33284 52 4.452886132067585
397174 2 3.818671147012691
12265 1 4.465017821870674
206328 4 4.364910496667475
266381 8 4.324023940446752
396151 18 4.793319519118306
201960 1 4.461467103258578
263766 15 4.98142272270749
56495 6 4.677727610358498
44686 4 3.7597586643660517
135366 6 4.174407603712179
268001 2 4.90144925547515
64242 44 4.165177042887561
39659 4 5.232092881887227
16543 4 4.032709262481648
45220 2 5.0330180261104305
36853 1 3.936730543676356
16761 27 5.307667587171269
5385 43 3.45746146916362
44310 7 4.09524923403879
132437 2 4.275205096832645
268457 1 4.2615696290573135
11993 22 4.236634893783427
14890 3 4.090443107564814
60034 3 4.247567333071534
264697 5 5.2137681825804325
20249 30 3.9424683414192376
135826 4 4.597942780528607
28211 13 6.255553015187388
81 146 3.6541888470202597
35051 6 4.5392592042551945
41566 2 4.134736748182568
7160 160 4.207621697649223
327813 51 4.218168365311109
328121 1 4.665456501170787
395463 1 3.818671147012691
327756 6 5.749930388368945
13694 3 3.7973735161915503
35145 1 5.0
265519 3 4.552919739005335
19074 2 4.575751869176555
59585 1 4.424680902108997
30572 7 3.8854463810335202
395378 5 3.9967661296231616
36401 1 3.7830975036640058
50581 53 2.920821481728765
38107 88 5.058790835658662
45916 264 4.8943072547385995
60030 1 4.376632074138231
138127 2 4.910629584325737
37101 1 4.126235432906205
265095 4 3.660137782334824
263570 1 5.321742321859432
11939 13 3.958667963143187
265770 2 3.775756373032403
17539 41 4.039192131788573
33701 3 3.937873332494481
22314 1 4.18064611147534
23750 77 4.052530101727406
40142 11 4.453751361954348
263920 10 4.486620420354059
43945 2 3.8681643043513687
57070 2 4.880396822273217
198695 1 5.041782897082435
59937 1 3.792260233633437
206445 1 4.57425973497402
397412 1 4.437247012247012
61000 14 3.8010147180048417
134094 46 4.897742884613446
19796 8 4.305842855449292
383 23 6.469359717320328
2164 13 3.8173617621535234
45694 8 5.487664565680127
6095 5 4.136515074101446
137606 2 4.585706136896614
262893 31 4.332423273283089
197342 2 4.793080927719945
265006 4 5.641448825062271
61083 2 3.6326666373291308
30341 2 4.0141873959393894
133002 2 5.569256228780039
23254 5 3.025995616777087
52356 7 4.298800371565225
32915 10 4.425551400650041
262517 15 4.891053009341833
34250 1 4.612850690989424
30987 7 4.143571515395963
55307 1 4.63598447926179
58105 1 5.442473151363034
394298 4 4.286169837564351
12565 1 3.617775121744605
199013 1 3.7582156759291934
13530 6 4.714831301473895
34076 2 4.32303765997825
48506 19 4.723542657613846
197573 2 3.786524861359536
262489 10 4.319188142378569
9559 8 5.312930144965682
267049 3 4.43643428169092
265930 5 5.178865172045534
43936 5 5.846237990242081
5408 23 4.1167543224515795
23194 1 3.8016759093852692
263926 5 4.7345134491902865
43777 2 4.14605002851484
136885 5 3.8525666331008273
58862 2 5.647616742415981
17613 9 3.928740764358687
134379 3 4.945024517421153
23105 27 4.152495146943243
61082 1 4.427330217675045
1453 8 6.467872753328862
48146 110 4.0434872580245225
263359 7 4.033872331756557
23341 5 4.33665725137819
263736 4 4.735577704560885
203291 1 4.446453915718395
30830 3 4.911240075994122
31246 8 3.284508502106269
16880 14 3.9961466482880743
134749 9 5.413293956257014
267619 6 4.0155283851109695
266490 1 5.276438289861934
63923 4 5.59344324632918
62000 13 3.3825251313315152
45400 535 4.722023021363577
10250 2 4.755292226363239
58623 5 3.8244047311367373
263537 16 4.858797211757274
59724 2 3.990815188733908
204724 1 3.760408370137434
54102 1 3.9894934053922464
197658 1 4.452112834255691
15682 7 3.5759333449807813
32347 3 4.691545675314899
21565 482 4.463719669352708
20216 1 3.945860104591632
37061 106 4.612728650229988
61225 1 3.781502756502757
41616 16 3.861775283064853
199252 1 5.010146731575303
57628 1 4.711180610402986
266204 4 5.822718501388006
1965 12 4.4485834764280225
269310 14 4.429680104724586
58901 1 4.548659088425785
17293 34 4.5416809241312635
31224 31 3.909128163535747
61204 6 3.62278453493296
398083 32 5.889165641355963
33105 34 4.385836904133997
137456 1 4.253093312515597
268688 4 4.2129076747764485
200805 5 4.48120542253971
6576 8 4.227700696147577
205554 11 4.967551006141713
268604 2 4.642576399479376
132742 79 4.032964252734074
29195 1 4.072706129848988
22696 5 4.207776168931452
196818 7 4.238268722371266
12418 194 3.761875437023138
40704 1 3.8036859099666978
6167 124 4.2521565986549295
6082 16 3.8249401128130205
29748 27 3.3039887820323846
28747 9 4.026229794898663
44323 1 3.8689318617890045
263960 7 4.926860227064087
3955 13 4.612427776113315
48938 1 4.571312044699141
201553 8 3.6218405693668028
26665 2 4.037677934862661
35012 8 3.3647372327069767
265643 2 5.252176253052678
132047 1 4.5564227188611435
263163 9 5.095040701600725
264083 2 4.095859847600005
58655 7 3.9101582439498253
206838 3 4.655245854266563
9584 27 3.6900583484341714
27533 5 4.599602893968987
9405 3 5.737764246622312
52698 6 4.637420353699141
20905 8 5.051194314621935
31357 3 3.3682329468043752
34743 6 3.6726758990337034
25306 33 5.988335278961084
8775 1 5.277193441479156
25441 59 3.6336417499672433
28917 29 3.2710873914580127
267340 2 6.5302361961523365
208385 1 3.00663745365868
133844 1 3.6447567121818274
264993 5 4.312978863325658
264598 47 3.6569320491286765
40342 4 4.135686890741757
43917 1 4.516211791515944
50473 15 3.4064807695883
262465 11 4.727975802073752
49718 10 4.578659292319675
135553 9 3.8503996629977344
57794 27 3.7603490193582467
14906 1 3.9532711550151562
264012 8 5.201511247001846
41285 5 3.762349830942946
264130 8 5.405983242328606
6874 5 4.084370123490311
41530 1 5.016063785232244
198622 14 4.143835744081786
7310 3 3.9544905582333136
394977 54 3.902233174899422
37057 38 4.301339525549705
28477 2 4.538187912957499
206772 4 3.563950582197708
12592 2 4.6560630856752425
25128 4 4.833990219473542
12976 6 3.8622214327858324
133388 4 3.9708243149393487
54966 1 4.351247803768328
55832 101 4.4954684120314665
61633 5 4.271372640343504
44224 1 4.23353874747884
43090 1 3.8670537112425727
34752 4 3.7956515935173223
204161 8 5.843471471909377
197433 6 4.859459915207035
36550 1 3.8237603927423307
2048 104 3.866186868401524
44018 2 4.032478454278679
32123 2 4.4967035004906535
23735 5 3.986846209775086
267600 3 4.546764762551813
9772 3 3.9044755739152386
9345 1 5.975142898582547
269192 8 3.836430565538676
263975 2 4.079333446675586
205809 12 3.6467675712391037
30274 6 3.9990291969312866
52370 1 5.739961495773277
10076 1 5.527685449114021
393559 62 4.5003532621572155
265214 4 4.8523896084232385
266741 5 6.156449265478114
267498 7 4.104484842602373
17427 2 5.650991107595921
30116 2 4.044819781904179
28571 42 4.694646154591629
134788 3 4.475364047475448
17197 2 3.029183329593587
47444 3 4.78576032493331
52813 19 4.614061038610769
8727 1 3.8938072505504007
37326 13 6.373753247815958
3784 4 3.8357492322965463
200421 2 5.448827217300124
59619 2 4.13906780741907
133134 3 3.8683819741200085
137443 442 3.8232303248943436
18324 5 3.823021121829347
268086 1 4.487730340063482
11025 16 3.803286021058359
44914 8 3.4183627260080547
327798 15 5.005779045527131
28787 11 4.0761211528201455
200944 3 3.7831060060451347
267444 1 4.990436683985071
56855 2 5.53878614968927
56270 5 3.9402851551645264
16746 23 4.506364728135507
48716 52 4.4307120345124975
51461 9 3.898134417848933
36924 24 3.3411045801186567
56935 1 4.984986609627435
51146 1 4.7622666354809216
55413 2 3.956181762078059
24955 642 3.4354137546325734
28245 37 4.482313112587339
50428 2 3.8063568083109867
52560 12 3.8512745112802795
262848 18 4.739344247529126
19528 30 3.7732803086214943
201201 5 3.4375980611698926
132596 7 5.211009683032108
42140 5 4.551502836945884
64235 13 4.392226828678885
9031 72 2.8963399048467844
17314 3 4.2412380792261875
394563 7 3.8328233911839233
59138 1 3.96095442257761
8008 29 3.1422442414225196
265034 5 5.852960739518252
269111 6 6.2580318052585
133744 1 4.520444362242392
60603 1 5.154514346637653
206008 2 4.147359024944461
57803 15 4.765092391599591
44925 2 4.4898831119124
44999 2 5.139243519028254
29822 1 4.2770328269305296
9260 137 4.135443621469135
57228 3 4.159542684037329
2860 132 3.5835437348604104
263179 6 3.6864256978286933
14104 2 4.56187377031312
36467 2 3.8632604075260017
267216 5 5.406413290462571
56845 2 4.711718886443051
22326 4 4.2466376589174315
9834 11 4.771014704233947
263181 11 4.812885954856421
269004 23 5.261032529465109
138717 1 4.210606132454218
56144 1 4.082275595177652
13383 2 3.777534193635561
264314 3 5.279192313422223
262534 4 4.166632765161382
39472 6 4.328982337674841
48157 4 3.7998062460803275
546 3 3.8144838889349666
32145 1 3.594699952483204
52383 7 5.066453264765486
52464 2 4.958867225470293
264402 5 5.3588493596927105
264702 5 5.536478019406437
58516 2 3.8137745187041694
267441 5 4.295678700446869
269123 1 5.490733723492344
19201 17 4.045785517913955
27995 25 4.822853293878506
328261 4 4.348993526087123
264382 11 5.470809725043007
18429 27 4.861256049582717
7152 16 3.893883637311619
33786 21 4.446420045779028
51283 1 3.8285419131179816
267440 3 4.7365409231492555
17511 84 3.274386566028526
264430 5 4.753891131029636
132986 4 4.892840007425529
16999 5 4.198205060738791
11509 19 3.8099631917278125
9095 3 5.250883728226336
199581 2 4.979495211416618
56254 1 3.9430879645703065
64012 4 5.2501247847872525
35773 12 4.393880078681662
21497 61 3.1054256607866244
52839 8 4.52310385198332
395066 1 5.35758492070479
269328 7 4.98329474507493
45484 3 4.029676714698033
54354 2 4.014745202927746
264030 6 5.107671512979833
27956 19 4.7761500107914925
6658 1 5.078896521383969
28675 1 3.9935657213852704
23140 11 4.826069074152713
41119 1 3.7292406538929277
23584 219 4.682029709374154
131442 19 4.010419164787148
46867 10 4.049993966698331
24341 6 4.415920176960195
31034 106 3.184331403289137
134982 2 5.356095763826174
60197 2 4.216395802759005
38700 9 4.3425355432318975
262302 22 4.365159766672313
20756 22 3.5987592310735996
133000 7 3.631420570725802
262805 26 5.579753887171591
42919 2 3.5779263064977354
205176 3 8.917907661741586
136115 1 3.6385208845174284
53259 30 3.8961210586856234
41331 1 4.771434560423715
34395 5 3.915901911485994
41723 4 4.290582757768449
37173 11 4.70787910043893
31605 1 3.8567790078158746
63468 2 3.8481510786486304
262322 13 4.654635920974097
12440 20 3.3651209803108797
264438 4 5.149707473791769
28399 5 4.4626272678243115
6405 4 3.918269255512603
39536 1 4.561442275112226
196714 16 3.377597635791701
9970 11 3.9068207332535314
53634 1 4.239437995582388
37081 6 4.39030139369171
28889 12 3.9058963521387247
3333 7 3.221997663287785
43139 16 3.527568291510479
262259 4 4.459680162981561
9873 141 3.295842121989806
55947 41 3.614584375660383
47523 14 3.977837824944152
3352 355 3.9972835403388762
56383 1 4.497724843792823
19207 2 3.012924272535388
28262 2 4.222955482919738
13698 6 4.601369731800767
198002 2 4.242993410121825
57280 5 4.874746116667696
58044 2 4.5211429166881825
50804 8 4.823909410595862
136842 4 5.091546942787245
137974 3 5.769878651015889
267669 4 4.255407349877727
59463 10 4.462747731825603
263252 13 5.493101949804278
135577 8 5.814278054836531
15321 62 4.1993012652795345
1102 4 3.9147457163781647
58033 1 4.414259795348177
137431 2 4.675033392500059
28346 5 4.689179568989405
58054 3 4.0901961368855835
138886 2 4.4013409961685825
21485 5 3.4672513591554663
52943 1 4.270938512317823
61226 15 3.7973181432347474
264912 5 6.607496781296881
48147 30 5.8697374861034195
53988 2 4.121335386015188
14822 9 4.727820336046682
43330 2 4.300283683186629
10133 2 3.128426795497238
29146 1 4.653160419092314
17233 33 4.20189272057746
33208 2 3.822963868136738
58419 6 6.131809456686545
395905 1 4.424250176934906
61481 5 4.461771604748079
266048 4 4.604789531808261
40620 5 4.5187161220698
135820 3 4.693205734796468
203985 2 3.825922099289722
46309 7 3.7137706666745487
50739 1 4.557500820667131
262354 14 3.0943742593890113
132872 1 4.849128644571994
262362 17 5.18728347522705
38943 2 4.149185644595924
61059 1 5.868412072024552
134297 4 3.6042085027913524
51572 1 4.003446874178192
32635 1 4.013984342656374
10457 13 3.7495749420612605
53489 1 3.8068951896763226
23844 27 5.071214374052981
55723 5 5.356231578094072
263944 1 5.374652251686257
11825 2 3.8026721814778868
15258 2 4.271866819144645
23730 3 5.0054411709224045
262888 12 4.399123298196289
31913 1 4.770352494765466
200003 6 3.611149448263034
39530 1 3.733003331004408
205195 1 4.313974462131144
132111 51 3.437254371697154
328269 7 4.060010356695337
6653 34 3.3909773118991597
136733 6 3.8084438115953425
14672 8 3.756425928088327
268027 2 5.150543297548317
138357 2 5.4652866302923915
138824 1 4.927913847450812
263703 30 4.7914390543423835
201107 4 4.7677365364064865
39828 1 5.485366802851409
206815 5 4.602984146790495
61400 33 3.4802452751546933
26905 1 4.511833425538468
12626 13 4.03190301031714
63259 1 4.179473950303179
8180 9 4.1279616684052725
393804 1 4.560333199003149
41405 6 3.17221101464911
15670 28 5.274771331070464
395582 15 4.6108028444055655
56018 1 4.787750741322171
137566 5 4.675551476036442
28581 17 4.995831070450271
201496 1 4.336731670135031
49138 4 4.050275634512722
269291 4 4.7891637980669755
396012 6 4.26223777198886
197146 1 4.051579758100016
12182 41 3.505972219745281
33463 2 4.811427508816672
137099 4 3.5879578644459604
47544 16 3.523740909924669
41271 3 5.703455454350584
202453 1 3.9120399735350198
55112 7 4.100548439165128
199993 6 4.326960106437604
40220 20 3.8035269268662235
40983 1 3.727459815316958
266735 1 4.772338975869354
49090 1 5.065980145865203
393710 3 3.411347689447803
7328 11 3.8686999093548473
393564 3 5.350077585782706
138262 2 4.71165796409172
53674 3 4.336544045263257
41490 3 3.4145057717828755
263292 13 5.05185420750758
204060 1 4.755432771273784
265020 7 4.583540914402947
23050 3 3.800394008664686
262579 10 5.556884195534959
134151 6 5.967929660241282
198444 5 4.054031667346727
265068 7 4.84427088837598
28597 8 4.62575172394227
52771 12 4.286234938691589
43022 11 3.713010329502679
33732 1 3.97481874641417
395162 8 3.8204978036012527
13075 5 3.80951512888067
49575 2 4.009591139008165
207058 3 4.534426635960315
203146 1 3.0055286209708996
56909 8 4.2311132309618955
30266 1 3.8183191037494506
52295 5 5.5159702999931515
55476 6 4.758911793567054
19233 12 3.079939561990371
57660 7 3.748341532237716
12831 8 3.915023933849241
47447 54 3.12600733314358
22086 1 4.030322096570379
28230 3 5.921544196544197
60020 1 3.692047767047767
197309 9 4.310944846900741
133824 1 4.558974742834555
40762 6 4.790713476498218
59383 10 4.9717540714362105
12113 2 4.496626783178508
27872 1 4.656631404595762
16315 1 3.5195268638936197
747 59 6.896239745869539
59210 17 4.553563423924468
50611 16 4.221754426957436
59318 10 2.890443773044507
57893 2 5.819606322867106
327717 6 3.725612790552015
265754 1 5.342523059179463
267529 7 6.273047569241338
14091 14 4.2057946960798285
15191 7 3.7136664034243756
31379 1 4.760591379946218
26234 3 3.8639918790690615
49 23 5.240892939751622
12110 7 4.250201361973859
200810 23 4.032984041590029
204463 10 4.45674797741999
57986 3 9.062946629178157
56554 2 3.9537417402037467
60717 22 4.276897202190376
59163 8 5.632977955349581
676 8 4.8705658671525605
61098 51 3.4935790299664777
132821 2 4.826121114786728
28519 14 4.960191656120604
47654 12 4.229323230793819
56285 2 3.602880917407727
34498 2 4.682098126740984
397529 2 5.77930588036006
39365 5 4.553408738095946
48167 1 3.681746565570095
206174 6 3.9082863806805683
265128 13 4.890458004179519
265836 4 5.129657126039334
14026 24 3.8397404288867065
35350 5 4.156243900755767
28300 39 3.959736758708426
264870 7 5.655389959685122
57729 2 4.271806549072636
263897 7 4.101091692136571
132323 16 5.510012380194145
328387 2 4.7531565700993035
52998 5 5.129747280857706
208925 4 3.8016052144406247
49506 2 3.7685399871446377
266940 6 5.221611021418655
206841 13 4.218414718016395
396233 2 3.831554275932
46865 1 3.7021863239843538
54179 2 4.768888036717917
18745 4 4.686931777145434
265315 6 4.603639632580519
30153 1 4.543286179205982
11647 34 3.547960358320433
56815 1 9.382362280576565
327927 1 5.436401100844378
210225 1 3.9878045884511395
61410 1 4.849573759185104
47832 3 4.007948076361147
136587 5 4.981065957116088
137823 6 4.841653309853651
394343 1 4.472193343173003
63313 2 4.208646129976802
2730 7 3.641366550567512
133419 9 4.215721266777899
204649 3 4.771976572030349
132040 29 5.376196436928472
63868 4 4.026982737482517
63617 6 4.644032531104133
47967 5 4.132211724445089
29933 13 3.0546305070079063
267226 3 5.432372881266453
133738 3 5.491036566126463
39863 14 4.8345709574676485
38522 8 3.9101512251896637
24216 1 3.5966394936633037
136617 5 4.7641055600788595
46472 1 4.904249685727518
204263 1 3.890375209199697
8443 15 4.1018869022848135
40853 1 4.263122518787544
262724 7 5.651018869581425
269382 14 6.030085651239192
197248 19 3.696437402462819
17639 300 3.3581874447387707
50271 2 4.2670821163198935
208612 2 4.074907063285865
204608 1 3.8439904532082343
11014 176 3.490046226017524
395574 2 4.20567065847854
30815 12 4.684409144284885
50232 2 3.632097215568977
40926 14 5.234168981939677
63956 51 3.561921646001127
395425 5 3.586360832200489
2043 1 4.259553578209593
263757 2 4.388602911275957
41311 4 4.523040456590008
6866 165 3.4876764448515383
11071 17 3.2378757340431585
262876 5 4.299504649462966
136477 4 5.585385215987457
262841 4 6.106016439678089
3651 52 5.198145087055697
18806 1 5.765829012257583
394050 1 5.1882296250851265
266671 2 5.007708204053379
37603 1 4.560012449384177
31173 3 4.441930108021578
263538 10 4.475080238097043
31287 71 2.905226923792049
32152 11 4.771521818489361
15632 15 3.939415639736544
198910 1 3.8434906527565453
266430 7 4.251853039484995
136908 9 6.25963345782318
54477 1 3.902782876310826
15723 12 5.487723733962382
22888 3 4.581349505156396
52602 5 5.3986375058322515
54763 3 4.024681173914988
9308 31 5.055431979474044
30682 19 3.946745553451205
34119 15 3.266873725460541
196824 4 4.093221773528529
35063 7 3.9103252584275205
9950 288 4.728527061935329
59946 1 4.557037473108902
14365 19 3.8289947639002806
30427 4 3.8874848210391155
63178 16 4.709099449307974
395998 1 4.471049456230079
266365 2 4.098215214041754
14985 2 4.4455902277545185
37354 3 3.669813883384267
137286 4 4.009210914803636
48012 1 3.854652102463162
269771 1 5.051902421492939
62339 1 4.814310097625663
393298 3 4.938431223948465
17453 9 5.110856030776298
393441 8 4.645439540310436
44375 2 9.381536051158141
18325 5 3.8387022562268034
26674 1 4.204401286544144
131653 2 4.242471753069044
264050 11 5.471673938300888
204595 4 4.678046100952504
33667 28 3.870953144782264
132892 22 4.56476219621161
328074 1 4.3342129109468885
43567 8 3.7634943445287212
263616 4 3.597819824474852
62218 1 3.816147777141914
3525 2 4.473530037949487
63741 16 4.258914894449656
36912 53 4.764122125954711
53423 2 4.424206430252661
265397 8 4.872263061242597
7588 2 4.677443251840336
10788 8 4.1916564399498
265170 3 5.735080618481432
133809 5 4.6141699199984885
49076 1 3.964192187430882
265886 24 3.9526317981848123
9513 16 4.564654859982937
132196 19 4.969481968802863
15395 59 4.052065490446575
15397 1 4.1069023113358085
15599 6 3.9559141091638206
200147 7 4.077074299021474
60182 7 4.077289158539411
9680 2 3.404440163381993
61743 6 4.6052444937797015
268446 6 4.437362510519542
48271 7 4.355420796153727
265815 3 6.166607950359393
205988 6 4.011187045477682
5961 9 6.466654423025954
204798 2 5.460454756883328
30735 1 4.335949942576856
198694 2 3.8011808030908734
45627 1 4.834786962221685
269794 14 6.2622163163747775
1378 9 4.012729245624648
15614 3 3.562756709035979
264203 3 4.924481517511454
23772 16 4.11333073319179
209896 3 6.810846501610048
12958 38 3.3600498157218035
43203 10 4.511949319524173
396831 2 4.6294685774208055
205643 5 6.748139898638679
39001 18 3.8817901264284753
196636 1 3.6836937108525056
62952 3 3.591122252125279
13208 21 3.585798863752355
21599 159 4.807210224896811
54430 5 3.885205537228545
202321 4 4.1685746222376725
132435 10 4.686760049422783
199386 6 4.282476653161784
131933 4 4.017401656978555
30967 17 3.7798731689978533
1432 4 5.122494172494173
9299 399 3.2093649488454914
47463 1 3.9267722163603
27265 9 4.382936484412448
393339 4 3.77220135621722
57293 17 4.088090217062679
29571 609 4.140613675533793
24101 3 4.182518858418842
13376 2 3.7726540469024084
34415 1 3.6247807747807754
9632 5 4.350265728780501
28232 3 3.7889611711040283
393917 2 4.462364796001905
269249 5 4.555556372930886
109 102 3.731506485488095
132984 1 5.6069073461930605
133722 2 4.588418971004797
53324 1 4.640455576169862
12529 2 4.646403219407421
39845 6 3.492372401728263
50794 3 3.7389852611883105
135311 12 5.5679015076889975
201966 3 4.936951214163193
136128 3 4.004712584171314
51243 10 3.846513647097485
132753 5 5.995733650525421
266423 6 3.5434218166209814
29404 1 2.9395894411176178
58758 6 5.554546110882969
199541 25 4.0271465896453265
28277 17 4.314665421090533
9575 3 3.9411119290103054
2516 562 3.1484230366642705
264526 2 4.0970256752323815
49491 2 3.9708077025189517
42855 1 4.6460563075770445
21892 1 3.8231133325714612
201155 10 4.636618504722795
328494 1 4.933705441915622
54990 2 4.141419696150682
262573 13 5.047903595935305
35039 24 4.995550726646608
11693 29 4.070880002246072
53628 15 4.57216361797751
8048 440 4.298223271874467
6968 5 3.5108563070178254
57641 4 4.766197016519182
2549 4 4.093982340535762
58148 2 4.108405735552189
44441 2 4.525627170188975
57797 1 4.140700209156249
268829 11 5.096384122447837
58822 1 4.381711441124561
264967 4 5.014324312141462
40754 1 4.002040420095677
17670 60 4.024112256205918
60489 2 4.082469514612371
14940 1 4.425600202570646
52874 14 4.9492366492281095
16527 11 4.035237096225522
136847 2 4.222550985731035
205824 3 3.596038325668656
53087 56 3.8405727411160506
28947 8 4.102783732489209
18618 64 4.24145283794982
19419 18 3.7819222983137615
328249 5 5.422320370189816
60473 2 4.408596544090974
204035 10 4.688768380346902
268088 9 5.402201473258129
131719 1 6.804319080238621
63422 1 4.55703490847169
266437 25 4.261944045822547
267946 2 5.845549133463002
135290 2 3.937585043630451
57812 3 3.7450623550085913
15617 17 4.5743774930547065
15149 14 3.6850096280612457
44444 171 3.442118113803479
51848 8 3.924513889683347
30722 253 3.7587059408589942
45993 2 3.9626115175046057
12764 49 3.9468688531704466
36877 50 4.472933573229137
61144 2 4.061992135760607
205348 1 6.144370080407643
45176 8 4.0025816158495875
61821 1 5.446156853546015
14507 1 4.153592332942947
197579 3 3.8205439957242695
27514 2 3.740453390238039
18046 63 4.062345755303208
58713 17 3.9808328256355474
47434 2 3.762113214998869
32860 18 4.280665179013329
10886 17 3.524787990290857
135371 12 4.665679517198126
56710 2 4.11691141704119
205374 4 3.6820727090426275
24210 9 3.9333190447453594
266617 5 4.4126295653944805
136317 4 5.660567432777198
8764 603 3.2579260897426305
5839 20 6.489217404376158
202038 6 4.806835180010633
20009 4 4.220170141771935
9558 15 4.631221950887755
22522 15 4.462492264898513
204228 1 6.339367380391816
204560 3 3.966571948187914
208181 1 3.145244718660411
268155 6 5.322745404525698
201109 22 4.135436494888169
16475 1 3.861764293907151
13092 8 4.381741433636078
134906 1 3.6150416767976297
134714 4 4.383464462615063
8402 1200 3.9919023194995975
11286 31 3.9901508800503924
10337 2 3.810202876210192
63964 1 4.017779102701105
53566 5 4.079278165198689
7019 4 3.851345059434595
266128 3 5.96932897072832
267540 5 4.458355688198216
208788 2 4.202677564374698
17586 33 5.237796039699346
263009 26 3.2593821187385936
60067 1 3.691770626745996
266905 3 5.081006395211225
268789 6 3.8865054143732567
34661 27 3.762686883328655
47549 1 3.765077278511187
37661 3 4.77176052657029
133530 15 3.6683746804426907
64021 125 4.406170188043123
39732 1 3.855620533673529
203344 1 4.099533074878697
201916 2 4.157743871708596
23673 132 4.145650185325881
37362 1 4.503881086058957
134012 2 5.707359779992447
60155 1 4.017608909588371
136745 2 4.498197785363123
139251 4 4.9534049392676875
18257 4 4.041191493391372
28218 31 5.227736636771635
198106 1 4.622373244422933
16577 2 3.8235742201242866
21705 4 4.814762077686955
50237 5 4.847595145247337
394979 1 3.9780939749862476
18220 4 4.821639727547111
9312 38 3.025911656697803
34905 1 5.512249525070821
196812 1 3.8900501689384184
22103 13 4.028514752398989
24922 1 5.362473383844351
15141 4 4.24885251593318
135971 1 5.075600214770722
8137 6 3.8702691603185846
395343 1 3.9699875731375673
328211 1 4.071919297633583
205746 4 4.1310343508886005
13819 8 3.6028728679479762
206596 5 8.509385237328383
26271 24 3.0166538294030585
61592 4 4.1200997616139095
263015 29 4.875541696548796
204755 1 4.205052756390661
6724 14 2.868186949681744
26808 3 3.821388438075848
60011 6 3.0194580216252285
205650 2 3.994763722446091
47451 2 4.904126426078049
134894 1 5.079246893979037
394723 2 4.750695273436422
47871 2 4.873100041887649
28400 1 5.819743246627484
266054 6 4.511335905703425
210197 6 3.8048802952455043
35050 1 4.2411718124851765
17660 7 3.119905809510088
27596 3 3.946137794381516
328204 1 4.698445635850784
19097 1 3.8535472391137424
12426 3 4.882033416565922
51241 2 6.932305573145304
31770 9 4.478488441191417
5537 4 3.6922990701206895
24437 6 4.272635656763877
199082 9 7.810397227975661
41931 7 3.8753455065210805
204674 1 4.876953127793464
27868 4 5.050302034963925
19763 2 4.873080938537024
28052 1 5.032324035813363
49547 1 4.598074741731458
198985 5 3.8372156657765206
25612 15 3.032660574648221
37638 10 4.918112427442564
15301 6 3.017616196473045
61672 4 3.818589636320729
37075 74 3.8343510084135835
136609 1 4.410618631887502
19034 2 4.186186341539983
54841 6 3.0307083726835247
135191 2 5.272456902621592
22976 14 4.012619252319705
348 18 9.461920906521954
43639 2 3.881141934309587
25956 67 3.6905798477841736
17206 4 4.163301085914096
19482 2 4.604416066008523
27023 2 4.917710271848203
267788 10 4.657429795554161
22330 7 4.072245039478474
2198 4 4.543754623733854
132553 1 6.854670678478728
26048 1 4.748860692916521
6882 4 4.8819527495534585
52579 30 3.791563011805336
137652 2 3.647432124966688
61482 7 4.980137881576247
133605 6 4.968456764779928
23818 14 4.362519558064159
12841 1 5.062584776121643
328080 1 4.722019303447875
131371 4 4.8742887921105
133149 5 4.737965095396227
27851 6 4.9382082706057355
42700 2 3.708633794395518
35597 1 3.8192129615211754
54800 5 4.679841916135745
18741 3 4.538253222195465
328441 3 3.6696909763730035
134257 4 3.612363096411605
47189 1 4.01820097818032
12268 17 4.377197045319623
132263 3 5.021217717231031
206598 4 4.791137694359713
58457 3 4.278233333436105
47957 5 3.037242267948193
26455 6 3.776361929454914
55478 12 4.659516648677754
264159 6 4.594456963835236
61573 8 4.202234148064686
198352 2 3.9620469503383604
138143 2 4.5665776146701775
6561 10 3.015548241756017
62171 4 4.356988398764905
29903 10 4.443923042839298
4557 11 3.5652085642458764
264607 4 5.750985555008384
42019 1 9.005640333940827
55092 1 4.789272562792677
16080 3 3.2011204297941296
53602 4 4.05227241204371
201536 17 4.732579698200178
29214 6 3.904189593322743
18966 2 3.9460616010854945
26606 28 4.791616167342807
266343 5 4.685914650820673
134643 6 4.152212244130834
39150 9 3.827854931971461
196676 2 3.949771889303909
51101 4 4.589850953473838
208560 3 7.063411881518407
53224 13 4.3855767199825335
138896 4 4.1089473172887345
36788 5 4.807974518906255
269829 5 5.326572941098123
2457 2 4.437301354122474
137490 4 3.220370512028
209364 1 4.004661344294803
52414 1 4.467557151960457
262318 45 3.879279557291617
20870 45 3.7281103464163543
1290 16 4.109572048122254
131259 17 4.6386710616857005
45540 5 5.557224165260361
196830 2 5.011585935646086
37889 3 4.4826788744644
27975 83 4.491295467754884
46502 1 4.059704102561246
203287 3 3.85841156033862
50014 1 4.877204805776235
138178 4 6.148642220106198
13055 54 3.8759149655312006
36070 2 3.8065774206332503
32031 2 4.130190402644011
47506 3 3.6080258200161497
394868 5 3.80631360858795
139076 4 3.8707515212183656
132707 4 4.931066872650381
21061 1 4.056150952999692
263867 5 5.24888144201304
6337 1 5.469013304702959
29178 1 3.7788727475432204
25070 14 3.6996953221858027
30782 3 4.411256818140956
263583 8 3.7959201749291096
53167 38 4.846119950176166
60879 5 3.78456930671551
11529 2 4.18290059710026
43028 2 4.589986423079543
25816 4 4.266164191644366
266816 2 4.769682234280699
204253 6 4.047571113572145
38494 8 4.965114842338334
52910 1 4.462615629216614
40638 2 4.251586965151224
265017 8 5.83916548690644
19009 76 3.635737760025088
53712 16 4.458237063388775
11285 1 4.011295206027483
53004 6 4.897268861645936
36358 1 4.531053321488462
266556 7 3.622599907775187
61243 1 3.71598705527277
394548 9 4.785199376465309
51925 3 3.921699748927581
61800 2 5.922020114922825
133736 25 5.940984866237183
50272 8 3.8771040048915757
208931 2 5.499573236358467
17007 9 4.095795408790967
63752 2 4.794494223773195
20719 6 4.385994984091015
199869 5 5.37821111956777
32442 4 4.195930047291199
49691 1 4.422216804359662
35676 9 3.709236044021477
35395 2 4.273987181330009
6994 6 3.1256528539087367
19554 10 4.230752792467712
59133 2 3.942502303916019
22136 3 3.0335425431233953
327729 1 4.471018142594497
11178 12 3.6486669950256334
32802 4 4.5235418987349485
47323 2 3.6576647716140163
268763 4 5.0225042475539725
200783 1 3.564700629355685
327975 7 5.3199601615275816
37490 1 5.8522847593802725
21656 2 4.70222325967424
393880 1 4.463246630217073
58644 2 3.845540228256641
265297 2 5.096757018415796
139302 2 4.475669078816573
327770 3 4.747729953113769
269175 3 3.9304753732765105
57343 1 4.220125100831176
268333 7 4.927566399006322
56996 1 4.761920619063475
15768 7 3.6613223813966354
39109 1 4.514792614792614
396142 2 4.622013497024007
60752 4 4.163970897547568
14720 23 4.0676788778864745
5101 1 3.7896122396122407
43529 8 4.986219217989267
42097 1 3.6372818615429443
21688 112 3.609739671217346
58266 3 4.035331040579308
45854 19 4.309229622073678
13113 11 3.3268138244854333
43962 24 3.923513023011446
262657 7 4.945413197293709
52974 44 4.148904640701405
8697 26 4.14246213869556
62293 2 4.273184853654661
40449 3 3.0340755127484162
393796 12 3.0226066763611295
25531 14 5.142742091994011
13752 1 3.0414058818464778
12075 15 4.430572139756075
206027 1 4.524176635171033
54978 2 4.318309250501368
393491 1 4.013598711193612
29986 1 3.816861131415662
9809 35 5.054256412476446
204147 2 3.658576629618242
24750 8 3.6875909616391374
265459 4 5.346200556271809
24251 18 4.296399088800696
29400 6 3.8848167135049314
42108 1 5.399374798481942
11090 53 3.039291398121418
46861 2 4.2963606951556255
266164 10 5.27716195852741
6848 103 3.7009428584730264
60554 4 3.9216575532051725
22752 2 4.212181820684503
16525 6 4.457077763596258
43131 3 3.9826309168146476
204817 5 4.53499525047618
27291 3 4.499327777626659
133114 2 4.948557981599319
268545 4 6.734184332589504
47522 5 3.6474267607654633
201000 6 3.791362413270111
264962 5 4.558208861915803
394575 3 4.327706630469744
25653 34 3.595017517349544
31054 1 3.7645063664987752
19864 60 4.032550409251886
40524 2 5.53696861294152
202682 3 4.167515912732021
35393 30 3.475316874707581
58080 2 9.37665842438167
44831 25 4.416876039625994
61510 5 4.737442291387462
9562 5 4.683164598619203
17964 53 5.352438254356955
265793 5 4.733103806125061
55855 10 4.618192441483586
39342 1 4.468844445404379
5547 19 4.663358468282928
39984 5 4.331463721838664
201378 2 4.478257677156547
61836 5 5.034028833782528
25328 3 4.543403371976534
136092 2 3.8289381425880915
203392 4 8.109803143609424
47139 29 5.375673664735116
136449 4 5.691906412628909
33871 15 3.854307975988851
7754 37 4.119281857525491
36493 35 3.527562587872526
28790 5 4.588329966421682
48651 1 4.102406858800867
262432 3 4.728723574554253
63310 1 4.882048635546171
207092 2 4.573245834527249
9709 4 4.124430128668031
41135 22 3.625208888933807
262673 73 3.9832898869847533
263310 5 4.062805729321946
268407 5 5.2141291738101145
60605 5 6.8837119305436
55701 35 4.202111326499469
197298 11 3.9223862510822363
204679 6 4.043460341944534
52751 24 4.699112600665837
47269 6 3.9007171779649132
22177 49 4.054510556734095
267448 13 5.432512469954673
40360 1 3.7374422330087347
263549 14 4.560491528772931
264344 7 4.511423584129025
57614 1 4.074432247646533
201778 2 4.659419639609011
263574 23 4.42991751585313
1477 3 8.473737571951856
38931 1 5.199443740658847
31112 16 3.641813183712013
4212 2 5.472929465170844
13853 7 4.2001808548572015
269076 7 4.398724020916139
28326 15 4.814120732515519
22891 5 4.289427571389238
29906 9 3.6622154947388776
45001 1 5.011691401560334
27774 2 4.976010903508682
61822 8 4.581539268985914
263801 8 3.9446809583714355
263928 3 4.725998806080087
50384 7 2.3683955400341956
48148 6 4.093176140410078
37229 5 5.119983290351455
310 76 7.462551381732571
52456 2 4.172434898358284
59561 1 4.776252587210219
14829 1 4.513907740112783
135181 3 4.274418107378147
6254 9 4.72643497876345
3061 3 3.7671544139264523
37673 7 3.9695151774112984
265824 3 4.7412824930612505
37266 24 3.9772659518913507
62648 8 3.8052988456736534
15881 1 6.618002248029776
14735 3 3.673384940750181
203081 2 3.7452872605696297
267267 6 5.251569106265431
51127 3 3.6954789885161032
40849 1 3.818671147012691
53225 7 5.527383407063432
39596 8 3.881405632777737
262529 7 5.429404509169403
33246 2 4.018105670671407
27962 3 6.574089669354025
209294 4 3.364033076946329
46664 21 3.01944005357979
205246 2 3.8960474637356306
54979 12 4.5628338869569385
136156 7 5.6189686675338
64477 1 3.7953261523920436
264779 3 5.985381235827664
267389 7 5.518077725588573
37989 3 4.401571632601377
56318 3 5.746023962718382
50406 5 3.88155012428386
136111 4 4.959373549777219
15694 54 3.5695213582286494
33540 2 4.235311410284541
52969 2 5.196734288004275
42922 4 3.72183540870059
23205 22 3.4446499253356184
204573 1 3.725279590717145
56330 32 4.351299904672921
3194 10 6.4168474526102965
205129 1 3.9226005072779264
38909 3 4.733514090836299
52473 16 4.48022305335286
53550 4 3.020767613321784
36726 2 4.82591915953421
15570 25 3.4720059533376015
268253 6 3.926514378770994
38477 24 4.526772751889654
199391 57 3.9761865307556183
57418 5 4.675205307651049
134088 2 3.8034427960140262
394991 14 4.183790377518775
40139 11 4.683364474272507
27935 6 4.67802597239082
34224 201 2.9699795499075106
50203 3 4.516223485509201
262304 10 5.302366151316158
43049 1 3.7486917771835198
266739 3 5.523243698620966
47257 1 4.226043043172731
18994 8 3.9489974256814317
394705 1 3.8204978036012527
59762 1 3.7053239178202957
7459 29 3.526726795743624
14590 4 4.23483990524092
265346 8 4.207569479789525
265323 5 5.086568852345174
42138 1 3.756169413013365
209520 1 5.071995206960644
393879 1 4.16594228613933
10135 11 4.42873382890727
20227 1 4.3212356535536385
52037 12 4.098747875783313
54952 4 5.3329560998545045
132507 3 5.3068447478909775
4468 18 4.099457172441459
135913 5 4.095728795462938
135480 8 5.59344295970432
51236 1 5.730705808893605
27757 1 3.388034188034188
24861 5 3.752044045440464
57389 34 4.537476439769367
33575 2 5.073926525961677
262741 26 5.8520100005036095
59951 4 4.771251985296376
265550 3 5.396735970956003
264210 8 4.744191191439346
136314 2 4.620106626728652
11855 18 3.6040253392543242
56973 3 4.516466298068447
28131 37 4.435002204632511
5609 1 4.954888673936294
138026 1 2.0
24164 175 4.628352128937305
267343 5 5.1333417513497155
9176 2 3.779441325869898
34223 4 4.226665045157749
264146 10 5.06229317883198
328467 3 3.81817682872022
45359 4 4.8341568144922755
14882 8 4.26299133912199
39466 1 7.747034932318185
29046 34 4.821384933558704
29760 3 3.6082318419882133
44710 2 5.2996635345566325
33051 3 4.0447525098300545
50285 1 4.940723952885283
62831 14 3.1873004779947047
262195 13 4.48120051774683
50462 1 3.7026786925596453
54142 18 4.3149860294351035
24835 1114 4.686282366812627
10441 6 4.250356998377109
8838 3 3.7755117364006887
196986 1 4.888342992015724
266694 6 5.4857543086581435
20897 7 3.7518059141994606
209086 1 3.88327031416622
38447 4 5.031761415955718
12261 16 3.232996708348812
57531 2 3.85170348224323
51162 4 5.550057780091801
34775 7 3.8441791241052323
14737 19 4.715358733525043
43939 107 3.9678754543232317
19002 1 3.802208528563209
8749 32 3.6806078940637557
266352 4 4.793589881141278
38952 2 4.355619018762047
8846 1 3.993067691545013
131713 4 3.8792475012123155
52951 17 4.781004703463437
61316 3 4.486988069937965
35658 1 3.940438920706295
57366 1 8.750124629359494
18402 10 5.255144455332423
23252 20 3.632011916449675
20879 15 3.856361972006385
268603 4 4.7075153439623625
135652 3 4.291967587527307
394449 19 3.585839237135797
24695 2 4.5851431378935485
262199 14 4.126128118070046
18379 1 4.251941730419631
53069 2 4.734538226958884
22917 1 4.331073674252603
22910 44 4.20762436251859
139013 5 5.563816953729839
1967 2 5.139647190268831
8193 22 5.855205912561847
7679 38 3.628835095143218
26592 30 4.594785998659816
57750 3 3.932525266036845
91 8 3.8443508506877246
52353 1 5.1228905048609485
63293 64 4.695030753186261
210191 1 4.928479284581502
201565 10 3.998510479620271
268295 1 5.936878448580576
205764 1 3.7462856637163675
135774 3 3.6249098944800124
63169 1 4.530094582483746
11367 8 4.734195745046025
21450 110 4.815243021342774
3141 1 4.59749941984965
62088 0 7.0
38021 1 4.656635824492969
44200 1 5.842925148186285
44856 2 4.444231695297365
262303 3 4.166918687400552
34299 3 4.9977393035689905
262292 20 4.901664540432913
6979 20 3.955071509383262
204732 2 3.993420202335753
327725 3 3.8019846482654365
264282 3 5.369908006474164
44998 8 5.282737849651421
203681 1 4.564934942738323
52704 14 4.608982847583943
1273 268 3.0234205006438026
7219 7 2.9997814389971857
197107 13 4.453661544341459
135142 1 4.832558325133893
29264 5 3.775529291013346
136060 7 3.855785338442555
262426 6 4.73994918223916
35237 11 3.396784463227343
40523 6 4.215493209925692
262786 7 4.898692983406155
134702 4 5.135583215798002
265759 4 5.044225063899249
327928 2 4.910694799366893
16580 64 4.0670002857679215
132369 8 4.309818784035907
63735 4 5.241604604783714
206088 5 4.970224037507064
136405 4 5.02792135419826
10587 11 3.649744318168734
269018 8 4.8905887707562
51665 17 3.5653854456306
30997 1 4.946830034892432
201153 15 4.347964472006036
132667 1 4.562042934031851
17820 77 4.989730434068756
47782 19 4.990704601855321
40170 11 3.1314608333404483
40322 1 4.1650293667288745
28337 3 5.204085213899917
59910 1 4.58341470759369
51790 22 3.956895072591559
57129 83 5.805909471122861
263535 21 4.3110937759562615
11307 9 4.660506130191647
17468 1 4.625878963706742
26646 21 4.242111313047211
62134 1 3.6604208920453165
61323 54 3.112584651828186
327931 46 4.681128338290917
18643 3 3.815829650343468
1886 7 3.8027678704347814
37479 7 4.669064569555959
35445 5 5.190589474498241
