51025 0 4.0
8068 134 3.4007790380481824
131090 392 3.710523853546717
53918 2 3.7739548303578268
12133 4 3.9393086337035546
54738 2 3.6940422392970627
263066 14 4.020498663502783
44786 20 3.8014780812253326
269102 4 4.0096577180546396
58558 7 4.986957833477352
44716 8 4.1012691052255175
51025 0 4.0
8068 134 3.4007790380481824
131090 392 3.710523853546717
53918 2 3.7739548303578268
12133 4 3.9393086337035546
54738 2 3.6940422392970627
263066 14 4.020498663502783
44786 20 3.8014780812253326
269102 4 4.0096577180546396
58558 7 4.986957833477352
44716 8 4.1012691052255175
13877 5 4.015395670818044
49649 1 4.377102584556001
43063 1 4.350992753757256
22931 5 3.01242536815906
131363 3 4.202846285146032
55541 3 3.9712153680109012
25513 47 3.8918345673170114
59117 30 4.344713581766065
201510 4 3.9315122307019963
50810 76 6.015159710389052
262627 8 4.152279567106169
135862 3 5.081863167485887
23251 15 4.029344044730252
61790 2 4.479574696657169
133977 21 5.91518549271206
21502 56 3.808154399514463
263274 9 4.444456865188361
264013 16 4.98753613699594
200983 1 4.55244389709907
30277 4 4.828454133122054
136425 4 5.605702106597913
138497 13 5.394302141522821
52948 11 5.1111551897779535
394506 5 3.9458815246823815
49407 1 4.272467015311195
35110 3 4.805720204830853
29690 27 5.140931841782013
49702 1 4.798863577137125
135730 1 5.571833017071112
60595 3 4.218462046461456
7838 62 4.128906984645575
38799 5 4.142681400605855
40267 3 5.1747847641806075
132883 55 4.647004400829678
12700 6 3.605725822603738
19968 3 4.145712544768375
62795 8 4.3815497257563045
268801 5 4.675826613379531
24109 17 4.483190516917556
207991 7 5.003060606133387
14549 3 3.5236364597707728
38310 6 4.931752797795587
52898 5 4.272905054932563
265372 2 5.7741457864478685
203432 2 3.8202515455943145
25933 114 3.6620912363151477
51740 7 4.590462408766731
265907 2 6.060696431829436
53094 23 4.295739992210377
395153 2 4.182577422316007
396380 2 4.197153695601972
266695 7 4.6346632141016855
3365 1 4.392337435416253
36114 27 4.146596177483618
139299 11 3.549666368322993
6224 4 4.526402461233432
30235 4 4.495367292805716
56040 420 5.261465316973994
208970 2 3.7517865574414038
4704 26 4.946363496492957
197705 1 4.2784126148574915
46435 12 3.619340848597385
263144 8 4.132142274745606
137884 7 4.65988279127772
268263 4 5.618177175251715
24313 62 4.973774517836993
62430 2 5.273999771201304
131353 29 4.797355732405988
138296 31 6.308530846581942
23280 5 4.350859488708213
26194 8 4.311538740975317
57843 8 4.520869555224576
137485 4 5.551286968666712
61521 3 5.756036822213293
267161 6 4.77637106791295
46331 1 3.9970778651732184
60068 143 3.395683000598541
29618 1 4.050186888117922
3927 2 3.868694304565343
15471 123 3.7231882058516845
28067 11 5.459636606154082
134721 1 5.935369379233174
266371 8 3.971598893620003
6256 122 4.33234732185301
262548 4 4.075629674407799
13611 25 6.715830062237222
52979 11 4.99864859491758
198838 1 3.9310376685952724
6660 11 3.616510246964226
58163 1 3.929107312247285
138473 7 5.540725916318379
20029 17 3.6665536173587663
24082 3 3.988742458741757
40722 4 3.8034204807976146
33679 1 3.8014561291654885
132664 1 5.013398902643566
45505 3 4.643327193463575
55226 2 4.385206027148284
21315 11 3.9395016482952823
264634 7 5.127055749767713
265958 5 4.455426644900991
265058 3 4.65651368033089
9064 5 3.770759674173501
9551 14 4.7399440680376905
204107 5 3.6619071923367916
61767 2 5.57993757966351
197745 15 3.894838183183707
28524 16 3.7494551985703928
40530 1 5.326618708786197
394485 3 4.220474335420084
61062 2 3.5102735401961564
201307 1 4.614343945296327
55542 27 5.351531402906001
48694 1 3.798299025872171
23502 1 3.8159801871788748
21813 4 4.056775114254405
24043 9 4.5052200094719534
37582 15 3.841567746733842
264058 5 5.435097699534737
64312 2 5.568880842318439
20792 3 3.3715120733506696
268949 5 5.009460132629987
23141 2 4.2159004657794
22007 1 5.239465955804215
65543 1 8.029131959801465
134858 7 5.797533803973739
394048 2 4.73684594368104
12801 3 3.9982385303074954
42495 1 4.0
198225 7 3.68343779143864
202092 1 6.171411128553987
44619 3 6.510461041297031
139261 2 5.30562044142567
264576 5 4.019015032865605
45292 2 3.4909359937148716
135450 5 5.063706263075975
52273 9 4.75791012885573
38278 14 3.9774456671602687
4879 1 5.324891242338869
61660 13 6.162578412308879
16686 14 4.349705577672415
12898 2 4.000651377443428
202378 1 3.9654061702381025
204945 2 3.939227623159614
50934 1 5.286123910754452
328137 23 3.413055582046411
262330 11 5.550892888769015
46565 1 4.350457223856238
16244 5 4.245889306210962
21511 1 3.8592807499621946
11074 5 4.338984839878047
55290 9 3.8557280455106477
265324 1 5.065099063498078
264283 5 5.121902167223711
203563 2 3.778650238141589
15611 16 6.15213532198769
8247 15 3.700554495495383
268238 1 5.193177540462885
394828 5 4.4390014847376245
29 6 3.9948266539107555
210280 1 4.099593889322361
203210 6 5.082855544486754
13231 3 6.747875595017651
51685 9 3.663370638370638
206873 22 4.358374187523984
23902 4 4.404690395684765
9056 2 5.230528930805809
268880 8 5.072705217921905
63852 6 4.814550745177191
57417 2 7.11414093711529
198867 2 5.939861375729566
395723 3 3.9310029492637155
54985 1 4.9309478960271225
14701 36 3.643440215330761
28351 4 5.0319421230402845
199428 1 4.038608293907833
133969 3 4.232062957305927
53903 9 3.8139129215771197
267574 4 5.304339144356181
135356 26 3.443511566890708
268475 1 4.757730455208903
16750 1 3.0147078108883423
393662 2 3.804890332192792
265529 5 4.550500756375657
50401 5 3.7130038194657145
36327 93 4.015863787342032
263019 5 4.070034327726429
43554 66 3.5064033351816666
393571 16 4.304634813863055
395505 8 3.90986472853259
34516 2 5.019710448281877
56354 8 3.8123320975390618
24940 79 2.7241350274200995
44960 1 4.6610445500039095
42289 3 3.7985570885299684
203257 4 6.345496481049589
262423 11 5.9175293623890655
15 1 5.629771259206742
44565 49 4.727565539776689
396236 1 4.9245499533671095
59766 3 3.644318308783331
45657 3 4.568090041659936
35604 1 4.655799414315226
57230 1 6.911863132306483
263742 9 5.128937731443889
135472 3 4.698241184984248
396954 2 4.463246630217073
198854 1 4.03274186131329
841 2 5.221458616651729
264640 3 6.098911483807841
14352 7 3.887001605411602
134931 1 4.863631601932095
28017 1 5.50312299905896
268455 10 4.172245040299718
58613 1 3.8454772400984143
44836 4 5.902290886544156
6890 1 3.6378825059570747
17829 15 5.273169450640488
200553 11 4.0195642800926565
137307 4 3.9549650766189965
56210 1 3.859663538998371
14010 69 3.518744854818824
203063 4 4.465694793030852
197078 22 3.6146635861341694
28514 8 4.5462827467414915
57495 6 3.6707237191576376
268388 7 4.7433576011133445
262662 2 3.80426694356875
263282 62 4.961570408926912
267084 2 4.783156048492314
49425 9 3.250897561485851
5690 68 3.4894449376257364
134596 1 5.03248494800219
268986 4 4.897612713868871
32736 10 3.676878276459316
10883 1 3.031190176213766
265945 8 5.148055744341145
58302 4 4.949533901773658
266593 8 4.843887741529308
62701 1 3.8785141996687122
20222 34 5.403029052032363
57847 8 5.017023201595014
201358 3 3.7118028452791343
37235 11 3.8282518855301038
34211 2 4.396426039847846
131893 30 3.897424353536442
268699 7 3.5002518315018314
47279 2 4.380934326363547
133533 2 4.941236247687627
53525 7 3.6856318631495757
56180 1 3.6185343096057387
133989 9 4.311977036883808
52878 11 3.8771755401733983
46692 3 3.020155118387807
41599 3 4.17654681339887
23139 1 3.888589392727323
210109 6 3.6275482455727333
36057 23 3.939418457947132
267520 6 4.233152066592212
48654 2 3.609875704450515
7381 127 3.7536338946312293
58340 2 3.9928205396282874
206806 1 4.758593522879238
37056 2 4.4270408864990145
55996 10 3.95362854422973
37684 34 4.3802921317344685
44269 1 4.790262507226009
56373 33 3.8130281420495655
132298 23 4.791914444498626
398197 8 4.016285431508627
60193 4 4.331425364133274
205611 1 4.476295908873422
13575 1 3.9899076294448523
202469 1 5.809044599808146
267809 7 4.133518077787784
206765 1 4.80213696589747
206200 1 4.628540644583272
137947 2 5.8843134957522425
60964 2 3.793034901533461
1467 6 8.472158108909088
49173 4 4.010181465778598
262880 20 4.650033096256577
62024 3 5.099492209270908
31683 9 4.119503753057958
58383 1 5.265204891724301
35491 21 3.5348936377243967
36594 3 4.367664440065124
264800 4 4.940667662227756
263660 2 4.976544586735256
200798 3 4.199919205256047
262499 5 4.95404407799583
46686 1 3.74267676038612
26819 4 3.966948581620825
3608 10 4.626408487688236
4657 481 2.8950244580431184
210101 2 4.633819206854978
52735 2 4.353632348312152
264521 4 5.535027362108421
50340 202 3.2909120114307457
43748 4 4.674679558029154
18431 3 5.033825048165842
38928 2 4.392097948600129
14021 4 3.8804633054937767
393265 1 4.004024547079804
134946 3 4.586968377742188
37193 4 5.442550877965014
203609 1 4.684209566035603
264456 2 4.934168965123761
267729 4 5.586453100251442
49815 3 3.831481536896283
328447 1 5.046533570425195
24753 45 3.4502925694691893
25806 2 3.8175373601646188
208357 1 4.195064988176114
56912 6 3.777798621394484
34778 2 4.99087105651145
55586 28 3.8483502042620357
139369 2 4.404545845646463
11252 7 4.354913899394652
35800 1 4.0591084612003225
206698 4 4.658585715430953
24523 47 4.354679535658654
54547 1 4.694261747280974
26083 13 4.70865072791779
132021 7 3.8910081833881187
39271 4 3.4288928047419467
8742 2 4.013550333397718
36315 34 4.02710765197828
55605 2 3.8962373114093753
269114 7 5.552606101233731
267282 8 5.849371322707945
41676 16 3.3278625512437467
29145 1 3.6341574692940233
29596 51 3.905061498597001
2856 204 3.712779890335368
11353 4 3.812119157044463
21737 18 3.0586011275827922
2021 37 4.530082520777839
52179 1 4.483586801443944
21743 13 3.954501860572483
59637 6 3.763409915860238
35916 122 3.5409411579278145
9517 4 5.320945452321897
16177 18 5.525724677427526
40882 3 3.9363589874172145
21385 11 2.9771148808594408
11205 3 4.886134956754783
38044 8 3.8105182305172343
45349 5 4.794290376941367
264715 9 5.732150521335295
138338 4 4.9008036487959075
61001 4 3.6925522958140315
62969 10 4.214612980901056
29888 18 3.946307597743118
13893 17 4.18017868126489
59671 6 3.7921290829193803
52554 12 4.0667013458089345
54891 2 4.124033215056416
265771 3 4.602531479238238
48328 18 3.6549086143950587
29286 127 3.6683405050685374
44247 12 3.8623117522916823
42608 6 3.7710848510964197
34875 4 3.8356302564303824
269483 6 5.8775890681057055
266232 3 4.210035824333812
51778 2 3.473367070521635
7674 3 4.890755399261123
30189 3 4.03077915850494
46443 4 4.772179151354028
41027 1 4.950527908654253
6871 72 4.695974117147543
58005 2 4.829080705140092
267626 8 4.3715480324423215
61725 6 5.2430571538454664
62669 1 5.178355971060199
11988 1 3.9579350664902067
262619 21 5.6331725599254465
38594 1 3.5843864358745314
209339 1 4.3533603804392715
2611 61 2.9724657524139033
199913 4 5.540685363901717
135463 1 3.646457392453936
28198 27 4.296666937168684
9825 3 4.4244649092522
63462 3 4.172142464007856
47174 1 4.826692848104477
27958 2 5.046142702095084
198932 1 4.7108962721342
138706 2 3.619367174724318
207031 2 3.911533278139266
266753 5 4.497910404275386
58326 4 3.5206361646202193
201027 1 4.771132420263201
396238 9 3.0244790008713105
58902 4 4.167834476572782
3393 1 4.463246630217073
27365 30 3.9899909697553357
29718 1 4.198026156474431
201448 1 4.432324647532021
131181 3 4.035176248630123
264373 3 4.948643757124859
46160 16 3.680269387137819
52422 5 4.769821040994664
134603 1 4.534865080651292
62705 15 4.443923042839298
59717 1 3.7399006926767933
19152 22 4.252579696071824
15739 5 6.000001543610575
138240 1 5.8827523753385815
19656 1 4.804189192881656
198791 1 3.9423550176880493
263461 8 3.861138770410383
43486 1 4.0
132816 6 3.0251585417173152
328330 1 5.04952595479689
135037 6 4.9042494246284365
198289 1 4.142787659162997
10882 17 4.754225080952716
396082 3 5.266747148171672
33171 6 3.9988625093443035
135003 9 4.309928344610346
58345 33 3.692396893654574
205165 8 3.5332202543585924
268643 6 4.687661902175134
52645 1 4.092338525671859
52274 5 5.740827045059665
198930 11 3.034390011665042
5607 31 3.4307553222622884
53571 11 4.470950364623102
37094 14 4.152989281536791
206843 2 3.489100431150564
16350 3 4.028112376713659
46188 13 4.105225587689558
25704 1 4.068771427893547
22968 10 5.189698452266
55531 2 5.9352943367062565
202331 1 3.8974067373293053
268129 5 5.176197290540495
32505 41 3.187576960782774
198957 2 3.8633347268563645
133895 1 3.8494855079136623
132107 4 4.921322031740339
62845 1 4.030218115717895
32808 7 3.5528628427425724
5588 301 2.9979406770609804
53830 22 3.71110053144933
52860 5 4.890004613001237
137354 2 4.332920574480276
22509 1 4.458808970594884
266655 2 5.223627390240044
16541 1 3.8114275088166725
11115 13 4.265720953841774
35036 1 4.552427233729249
263187 4 5.831433796330204
395768 6 3.045736297449982
62372 1 4.812919424806418
14503 1 3.9981822509656175
14744 48 3.803013472665985
136419 4 6.810489554184399
265334 7 5.635021179601092
268607 9 4.11773832414998
29425 4 3.7362425670421553
262507 6 4.698666831823123
57443 7 5.627653979275489
26347 40 3.708250985613038
263263 16 4.519115374132035
268987 6 3.9025557141990057
4835 108 4.057548093608856
19616 2 5.285335525420395
53506 4 3.8539384092304596
41662 1 3.8703056203056203
38597 3 4.848633353076108
199470 7 3.829430865022506
29824 1 4.177753736867038
51232 1 3.946909175480604
263767 3 4.76308341904401
29510 1 3.934100116482035
264272 3 4.857787092480969
131596 527 4.7961042099392746
210172 4 4.215399073403044
133385 45 4.35142556541166
24218 14 3.2865296210591555
199652 11 3.6956854441222564
200163 5 4.359169416937713
132364 5 4.9707957187013525
49381 2 3.9275367247725663
51203 1 4.723527781227607
46762 2 5.046991621295392
262439 2 5.232541384212801
196983 22 4.301666244736511
20924 3 3.2119264680200894
59825 1 3.6941047563303924
63980 24 5.449360104013098
198913 18 3.8069580041788393
56386 9 4.559294206076897
22328 4 4.105774057686747
43633 11 3.6942680683916898
26329 7 4.032953450815988
39376 32 3.9721622470385136
267054 5 5.1335840470168845
19631 9 3.638958148697716
266078 5 4.8288400494420625
43308 1 4.4221957507918095
722 5 6.464968832747045
14936 2 3.8036217456602284
51659 38 4.796542207433932
16495 13 4.1507139557832415
13336 9 4.296010785530266
56056 2 3.568524563804187
145 35 10.465812442450552
57261 8 4.057988625530642
200189 1 4.015529989723538
262353 14 5.3950396806354854
61096 1 3.8514774992885594
29608 26 3.276711498833192
136823 5 3.7817459534921944
39869 8 3.4486812119040797
196799 1 3.819299519668826
43998 1 4.37413097067324
397163 6 3.995945052719027
62522 1 4.144292744292743
268311 8 4.569085519379161
208503 1 4.915155889676146
394559 2 3.7744901071231474
46564 4 3.8083666899943927
61470 43 4.757881680486115
52989 32 4.836721163464135
264827 8 4.349034648926446
268586 4 4.561499694906199
132468 7 4.874454797679145
132999 2 4.588418971004797
10774 2 4.201361900782104
23045 2 4.209226657457364
60548 7 6.175075969495
54327 7 3.4903244649513736
264400 4 5.147778522619375
38623 339 3.891301339612627
16285 56 4.251011455636714
204530 1 5.524428613714327
27209 1 5.096486819146918
47578 2 4.297983340392343
33573 3 3.8036452099259983
197512 1 4.271700398615721
26820 4 4.869554924755429
51039 1 4.6186917281387325
36395 3 4.7699897683902215
139351 1 4.999266825303919
204472 406 4.622744501126054
206932 3 3.9411548550639783
11339 1 4.338055390148987
38434 3 4.52593203945183
265001 6 4.394167674202888
20568 3 4.343148975162518
49232 6 3.5746760474289685
32780 56 4.273163366522185
133437 1 3.7034953804465065
62683 2 3.864771743288565
204088 1 5.0039373914208065
23049 6 4.463246630217073
61394 2 3.8650106866120217
52787 5 3.504989628519756
49309 1 4.26049847525217
395279 13 3.7969571822247303
52607 5 5.152661962578766
138359 3 3.033173532069317
25854 5 4.099864787541273
10084 14 5.093157099491251
21020 3 3.7437598526699327
132060 1 3.978674722222762
28065 9 5.058959866774639
25842 2 3.6992840704248082
22027 7 3.704476086191014
54113 1019 3.635649048696043
269082 1 6.453954303010133
577 441 3.2154400720975307
47242 9 3.8957875120017462
19781 1 4.472758954266185
62424 5 4.083717037797
41911 12 4.438027948992841
201406 4 4.468944378538261
205323 2 3.860688536342591
58597 12 6.015347840055069
42197 3 3.7720539022435395
327999 6 3.6649423576268
263879 2 5.187729705788244
262713 36 4.795867348793716
196849 1 3.808475519189806
34248 9 3.901876781730134
268979 2 4.790021911825948
197967 1 3.9435489465591056
39238 39 4.498382563879459
47713 1 4.718369905699016
27887 24 2.9944352366930183
48000 3 3.8820260502000137
137381 1 4.884711134129314
209071 4 4.216529930569339
54198 97 3.7315305115470374
397470 2 4.589854269162022
43970 1 3.8489886537327904
32354 22 3.39511315024856
320 18 9.473259954699971
29576 3 3.7882914932175917
14797 3 3.8135759298799843
51190 5 3.7126140272437738
61877 5 4.682761594699789
58221 1 3.762973501945806
393365 8 4.19316466073172
16938 3 4.070882449059789
52284 10 5.604827567909005
58903 5 4.617756369562769
262178 35 4.078400803197037
394302 3 4.461324604827363
25259 8 5.605080297283793
45031 29 3.7661787221765635
46376 4 5.357978510539371
397168 23 4.160459593984886
45226 4 4.849330361477795
138150 3 5.870568647317829
55919 2 4.4686227052674425
267640 6 5.224019887814956
264172 7 5.089192013021923
397585 1 4.374961264788851
34392 1 4.646151114542184
133034 1 5.275119798631704
23635 2 4.6286630036630045
18021 6 5.851772389224367
132768 106 4.279932001961927
15092 12 4.163945585698892
12213 22 3.647334598929153
15000 8 3.815627185757618
40508 1 4.010509783216136
201608 1 4.358061371401708
200590 31 4.657361985425804
23068 6 3.7422647841839245
46302 3 4.154379197395749
267255 4 4.013046856764011
19739 8 4.381897010866195
23563 101 3.9436734280350243
269186 4 5.5339090545266005
59753 3 5.599325700882454
266069 4 4.168523275252623
267676 3 5.193389316311745
26571 1 3.806515164273785
61579 7 5.121867228699279
205363 2 4.750405394968296
393359 5 4.521205820642284
14209 6 4.5862712181927066
62600 16 3.7977734011813604
23587 3 3.8233934687350835
268035 4 6.144246919609011
19380 9 4.018401808001678
131597 52 5.444001114699883
33174 2 3.665405886937146
394601 1 4.205863435658181
15361 3 4.637748068257103
37672 5 4.918060204294098
17465 318 4.090069719189158
29324 1 3.7459665995380287
204447 1 4.3905160976589555
53176 33 4.391934947042882
199935 2 4.464059618658642
138728 1 7.016522488944493
42518 12 3.2691526293226425
52479 1 4.6083926123745504
26209 7 3.007586122913003
42408 1 4.564186310614883
13793 1 4.6239414025128305
46052 5 3.724712108289106
28776 5 4.538203859266495
206626 4 3.5368348694011513
48217 2 3.793979173571282
57255 1 4.714810321953179
760 7 4.014495069111012
202788 5 6.821991291977535
45287 71 4.06114590944918
396507 5 3.02618497970717
19111 7 4.307483606782749
52391 5 5.399428053202538
39931 3 3.273063021774476
267883 5 4.687372273541505
262431 1 5.045748844942393
49792 2 3.7079545150594155
28478 1 3.8467402375037842
266581 1 4.583197794064209
43843 23 3.817176250900572
203336 1 3.97484850472138
21873 28 3.9761237961927636
205098 6 3.965565422266539
47210 1 4.30375545865932
268521 6 5.604564030124278
38110 9 3.9238167874801597
8596 3 3.6908851004868213
4668 69 4.307952825880787
267118 1 6.1733464563955
198435 15 3.7479877437785527
20928 179 2.847705887027281
8386 746 4.9477990079628515
30957 1 4.0694015970801685
18148 11 4.4549390467776835
15886 11 3.6180855451401364
394275 2 4.2931004069644
58375 2 3.782034312982678
262678 9 4.4144786560923235
48996 1 4.20278852513438
201355 1 3.944641601784459
28102 1 4.825479779715207
267278 10 4.6917564997498165
133925 1 5.205145242004848
15742 11 3.8096199918784954
393924 9 4.3396477629009755
139537 2 7.193036692143835
328213 2 5.643323354259315
139216 6 4.082147921619981
48344 9 4.508100569003041
55291 8 4.646656397503718
29843 3 4.735864750793108
54584 1 4.0269619849576594
265481 5 4.980516655537998
41853 5 3.881465110943425
266328 7 4.675937669347698
1569 5 9.491158061276135
135438 4 4.664394445094244
25625 15 4.239397414717909
49662 1 3.6980008075560087
13460 4 4.1750579062852715
38571 31 3.809190872060135
262227 63 3.9585909476029597
200448 4 4.235043881408514
53398 2 3.905723276979038
60330 19 4.335151779344871
35394 17 4.066948791953787
14950 3 4.516310267911749
57320 1 3.608861258485318
11994 15 4.1080200821668775
393368 1 4.619305095203579
137617 2 5.472328699685964
47331 7847 4.408021803307697
206067 79 3.780859808503047
268050 7 4.840946375307839
615 1 7.487865403388802
133761 3 4.908768006769916
32995 4 4.588166287815194
16954 5 5.042120507374265
264555 7 3.96703994184256
38731 56 4.365323141793344
46537 3 4.469869016383283
38965 2 4.3545216863626095
36886 4 5.375993997332822
202847 10 4.007492757513041
52814 5 5.651325782848082
265028 2 4.8823496832633975
47245 13 3.8904983950216825
264918 3 4.744781127035565
48511 1 4.265624634912733
269525 8 5.333807602673009
262839 10 5.290930265361898
55355 30 4.1175730439876235
21371 24 3.0547737451623673
1267 142 2.7847621170560957
205493 2 3.953348286105472
204899 1 4.132314419752844
26934 12 5.1965264231648725
134416 1 4.397372481559673
50622 2 3.495622078079735
62537 5 3.5056050598523987
201104 1 3.7863775447301955
46342 9 4.393886721316568
47838 3 4.120301210975643
9484 43 4.027689742462191
262295 1 4.986102972925633
59498 13 5.225598066438738
24057 1 3.9080075044312794
4628 613 3.44369312732549
47673 1 4.366106546586705
55639 10 3.5787471083218545
35065 2 4.022066322058076
204650 15 6.767716073839849
54296 2 4.190803491649139
51024 5 4.666523372779203
46950 2 3.2353183612886003
266781 3 6.361416062807794
267383 4 5.790818708267274
40840 1 4.435061829961917
24995 7 3.7287124339162667
31167 26 4.075280599168029
24650 1 4.692661624356
51821 3 4.743441334888111
15618 1 3.798763848973933
8605 4 5.039947203316852
46841 34 3.061529101978457
27947 241 3.932251737835616
62157 3 6.187292981358478
207925 1 4.435649484940176
39080 4 3.969493912180415
25857 2 4.352140965713243
17023 3 3.862663304679467
28748 7 3.434468327811965
43516 4 3.8526793055012196
49102 3 3.6366404953850955
138084 1 5.151126745889435
266198 6 4.762156397506732
54396 2 3.884162554174927
49049 1 4.145062246334824
20909 1 3.873706980849838
22512 11 3.0760389022173094
28178 21 3.90519887634154
31223 2 3.79916471960807
15335 2 4.053337419419714
44451 5 3.614690399445328
328145 6 3.3143375284166945
44207 1 4.483595768655936
12455 114 3.6287901446601603
132006 3 3.010243399390385
264975 1 5.0865151542491445
210247 4 7.184429476531993
48900 3 4.43410327450838
32355 1 3.732560633127137
23917 4 5.669902641682168
30643 3 3.8178403791691036
10222 10 3.6668075417758206
21719 16 3.0682431044172414
133638 8 6.014841280953855
135287 2 3.8758728265930067
262822 24 4.0683568000913395
206331 16 3.8366535691436305
57251 13 5.345178292012076
43209 8 4.760006221860557
8781 139 3.136733892183544
24260 1 4.53596901183108
54145 1 4.327460668322736
268079 2 5.518658491568364
27580 5 4.605055800722872
44736 3 3.8820260502000137
15311 55 5.047797019224545
62238 1 6.930515929366505
28572 16 5.486406504218439
268164 6 5.8050008900569825
7020 50 3.5445182236857575
16028 10 4.976344646726994
198311 9 3.923946381765064
11917 6 3.4924868026826323
54123 2 3.9740275305702357
30793 7 3.8839855384265807
137638 2 5.931385841514722
26160 3 4.199348040186311
395376 1 4.0027305512205915
18616 100 2.9869557363489037
31297 3 3.9124484782100515
51015 2 3.6641963856249564
7973 3 3.867005378531286
202167 15 3.853516109050319
7835 2 3.807569282569283
12390 21 3.079474505252158
201714 3 3.7152484231718494
18201 12 6.275761992455266
59884 5 6.242800264178207
47258 11 3.978880410715627
36986 15 5.275863803927866
131763 2 3.759314971382944
202361 1 4.005663563016505
394173 1 4.436326380242635
60638 4 4.879478787268196
29171 3 3.9590160276961446
12905 4 4.1985312802185755
38916 3 5.374408983674548
17377 8 4.102461682698414
35973 1 3.8016759093852692
29663 2 4.8118139746430115
9122 4 3.831175348241131
46685 9 4.551628106776551
39138 8 3.5015852063241204
40354 2 4.008576201971111
41088 2 4.537783877431728
5432 52 3.551893415599937
198392 2 6.9111170178755685
43972 1 5.9283958151945395
264261 2 4.878174452361553
394360 2 3.811426912941219
51987 1 4.251334962409251
25623 8 4.891312009213916
11398 64 5.471875146051919
61500 7 4.505199033880622
52540 14 5.22751884756609
60974 5 4.331393984510906
35236 27 3.4731721175834336
35467 43 3.856111838776554
38859 6 4.202237768248481
27293 12 4.318417044609108
52964 1 4.74229677312384
2593 2 3.6950250264943842
32429 1 4.805992069415715
61928 35 4.055363352345649
18207 484 4.086786414017853
204167 8 3.5983733282656725
268418 8 6.465369014681191
35722 2 4.644618076387799
327826 7 3.6938970571614944
200923 5 3.87349462150864
203214 2 5.905303447093887
15802 195 3.0686623333945486
20703 1 3.8514774992885594
55056 4 4.635434099958876
395449 1 4.179344287349213
39781 4 3.253061479422177
55251 3 3.5814177535201694
43989 4 3.6439875257814243
268600 8 3.887899541413976
265102 6 4.853404292793113
28819 2 3.8628360278575
9444 36 5.053736693883009
266447 3 5.428036480204422
29432 4 3.8824758841349114
204001 4 7.004681828256436
7033 2 4.186514192764192
199601 1 4.0319978962836105
208290 4 4.584836982636655
56792 1 4.687741623455909
135477 9 4.066803006440649
25487 1 4.9151395405566705
19800 8 5.297278020515118
267639 4 5.7883959980697774
55248 8 4.095610347734732
208570 4 7.034289370337066
18885 7 4.634987024017128
268714 3 6.047688545815183
265322 6 4.497498040770024
36210 6 4.024159747416908
269303 6 5.363110383844123
54818 4 4.150238100194243
6730 55 2.8842600228267283
10837 29 3.9476411876906563
63373 2 5.390906023824742
48377 1 4.695664378933249
61669 3 6.550360529514883
32361 4 5.2142800760769035
327700 99 4.522180050843814
202517 1 3.881204321862924
42295 2 3.9881128009253617
52655 15 4.132371198623527
57634 24 3.4901891117220574
50481 4 4.036232545961609
13919 13 4.566309528267788
41606 19 3.6469767047970745
45133 4 4.0228675212291805
200764 1 3.8601015461326518
17158 11 3.7361998935293634
32097 7 2.9418874267145463
61759 6 5.699784160843698
131434 5 4.3013796162743025
205506 5 3.809580348513008
23235 3 4.133927502003739
12777 2 5.562090314353595
52790 14 5.522692771817056
38448 4 5.01339946085686
262590 7 4.729055427380716
47973 12 3.034755399531216
7821 50 3.811502726829019
262966 9 5.040022616642391
25943 1 3.011180474027672
132524 53 5.885031764553398
38609 3 4.343584194477215
205415 1 3.671417407081038
61948 10 4.376645653379076
266409 7 3.912112263865701
268010 3 5.004902842041626
41858 4 4.590700494632937
1761 20 4.213217591779034
31955 2 4.099985303536785
264215 6 3.7734632702044695
62620 4 4.0879316500456655
56120 21 4.703833121483384
52105 1 4.881347232825066
51859 25 3.8478050957360033
393436 12 4.149539910168349
8982 22 5.23907164623961
263266 7 4.443668761084707
55907 9 4.525431179978931
50313 1 3.436989644342585
43724 3 3.767007186362025
199714 4 4.269768588343804
50542 46 4.313034307987735
133540 3 5.370444836333405
44688 1 4.263650549574919
61745 3 4.639901492053738
54247 2 3.655121734222721
7560 25 3.849847095810737
57716 4 4.740265575645868
26428 6 3.998867465166387
31261 46 3.3530362034699923
5466 28 2.846457593448876
41786 36 4.315817187145431
136339 5 3.6131522675205927
20539 23 3.9689200910222446
3145 21 3.8190063110867123
1471 9 6.4639071091926406
26994 12 4.76051846410293
34372 7 3.6929384346911514
38543 2 5.108957215624291
19154 10 4.030667485798109
138621 3 6.166266400200803
26745 1 4.596677753919133
133303 3 4.351758175028674
57862 9 5.379246229043368
395110 8 4.422507129398111
202207 5 3.805966406017978
133037 5 5.287648022554959
38513 14 3.9594824876669525
8194 7 3.7805594733024726
135192 4 3.6697906514390777
266160 11 3.903856972152566
205634 1 4.126738631390888
133450 3 5.492293116318335
265433 1 5.662731176386639
268884 4 4.199837744228132
268109 8 5.584440140493747
206816 1 4.720836011172146
8161 17 4.252611835286048
26049 1 4.772179151354028
12302 189 3.854633209585061
61213 2 4.479753183324612
199768 4 4.7727386873041455
64231 2 4.062583870061429
138005 18 4.3979927253631645
48022 1 3.7156683783931252
37506 9 4.755729296154691
45350 2 4.267994363447061
15897 396 4.982557451728945
42640 2 3.63464405964406
264326 1 5.221450983038047
3472 6 7.462273220910329
57457 9 7.050778756028054
23425 1 4.433889901377586
18479 34 4.566746603315052
269135 5 4.848108562737025
266515 5 6.0262676242236575
266623 5 4.0778635906897485
42144 1 3.574177074084492
45596 4 3.7483697422440607
139618 1 6.125607220947082
395726 1 3.818671147012691
57442 1 4.888822992202464
263057 4 4.608450147752809
39831 3 4.332626978997699
267045 6 3.9476029984017615
37969 7 6.885237513808941
327961 1 3.679645747187764
135384 1 4.245005151219572
266542 5 5.4545821599835875
3790 123 4.785411632890924
43895 1 3.8277367473796042
53648 1 4.4967044859902
55853 22 4.1861764871184315
265276 5 5.320308035857919
268587 2 5.274259860853797
16160 20 4.365428959572992
199290 5 4.136400675707505
16235 2 8.919880449120692
268454 2 5.295748775842155
26399 3 5.061434250738375
22834 2 3.7205101119259134
19773 148 4.063646789904246
30103 66 3.476328687476718
29436 5 3.9779933252810737
41557 49 4.265377717167609
25583 1 3.6131281821950023
38138 8 5.047586787895631
39027 14 3.845702335273281
50919 4 3.8959991606425697
29012 5 4.814505511147477
59747 1 4.002968289102744
12491 214 3.6879095205316372
51132 6 3.7330948025269315
200996 5 4.752628051155592
44816 11 3.801803211262358
51580 16 3.385826434155618
45244 2 4.6746369576418845
394197 1 4.191739358584546
268598 7 5.570280680202235
56201 11 3.628679660629087
1472 3 8.471611721611723
25988 1 4.805311879718628
32703 43 3.0147523766024062
265582 4 4.804732373116712
15182 7 5.336526261550893
393309 1 3.9420377479265287
25717 11 4.292035662516708
14469 3 3.6191719210866675
36843 12 3.942349387552627
198015 1 3.191786521005709
52380 12 4.5261870401236095
56964 1 3.9029054279054285
55956 2 5.042040251605113
6002 3 8.0
135810 8 6.017530821271506
46290 1 4.76784088926946
265902 9 5.081297362779895
3356 2264 2.8171530812206083
5033 14 3.966163435570978
33988 9 3.6598282469131016
132958 5 5.01389971559939
23330 1 4.747941715319588
8829 3 3.9925582692073815
204215 2 3.6833805179603716
47510 2 7.064417251974856
137935 14 4.570129476493811
9115 6 3.03717990553672
41198 1 4.499975251294548
56146 9 4.603725794143502
268320 4 4.5805002968339705
52474 8 6.007873016384076
8660 9 3.6473357220909786
58197 1 3.7291188349467386
63769 2 4.742506681944677
394744 1 2.990806307409374
39810 3 4.853462112580654
63286 3 4.823473490120362
38280 51 3.999840104207342
396362 60 3.435479127179588
57858 168 4.606514410484469
206313 40 3.3799057432585307
50593 6 5.351214311721096
33923 14 3.525657503528948
7597 0 3.0
20196 1 4.358272096717474
263291 3 5.549917508549713
28546 28 4.4631400375126855
58170 1 3.6308843273128995
263250 38 4.800046128448683
19824 1 4.693130085120194
63368 7 3.0293021665576454
60094 2 3.549602865622159
267704 4 5.72329262144533
49223 38 3.751307213202696
10208 9 4.121454531323744
268660 2 4.845928056446014
200277 1 4.804741251201995
200668 1 3.800266194506006
63878 4 4.116698510289599
268898 1 4.079644976034948
24024 1 4.008051390317401
205268 2 4.8612565790313464
57316 1 3.6308843273128995
18651 1 4.199924258372533
267256 5 5.1555874152285375
63130 3 3.8026127753597296
30045 19 3.9534414336245476
135563 3 4.049836654966877
8239 3 4.6430461734033175
204165 4 3.8459917128215855
263744 5 3.7746661033688733
262485 25 3.645000970265847
17806 69 3.8652850990228456
18988 23 3.0265461667518596
267127 8 5.5915822124398975
34497 8 4.335487502854949
24620 7 4.685265040328623
9144 4 4.942427639258388
61717 28 5.016463966499081
262702 17 5.53454472873838
267183 3 5.180138369655516
265949 12 4.375123855443083
35690 5 6.567863778519164
266091 7 4.236762473979704
209085 1 3.9328473114187403
48748 4 4.674423769962135
267633 3 4.2967930860228805
34038 10 3.888330693310619
35478 112 4.812655253186675
63190 6 4.625162645357266
19635 70 4.2836599809079345
58926 5 4.78280303294059
43510 13 6.736808254329973
268944 3 4.918766490824536
137116 2 4.594452064690161
39867 3 3.54560585471674
36304 1 5.325944504552846
22011 126 4.2673126931262555
41202 9 4.698591122390619
264789 4 5.238385224904555
31221 8 3.57889729739242
138636 8 4.481213638740694
262593 15 4.773411054359699
63382 1 3.9915465714726794
18930 18 4.823939278804984
53809 2 4.124569817089301
266133 7 4.770937117963424
9808 3037 4.187656089958335
47709 1 3.8018617738393448
33262 1 4.542908777854918
16524 19 3.5810230082885277
46578 1 5.324169741617369
60189 1 4.75827408922647
23360 1 5.545132097194905
48190 3 4.019260635489626
52680 9 4.447753936551797
395092 51 4.303849709758307
12615 60 3.2901977205103274
59471 3 4.499574350066135
56899 2 4.4092534549923705
38506 8 3.63822440920151
43442 2 3.9062592673135264
262234 25 4.7132022685929185
268094 6 4.958374947288653
45706 12 3.798337686818091
16837 6 3.8038894101701985
138378 1 5.058614377209226
10780 30 3.9817039507558727
572 6 4.897672482665362
51457 4 5.466108152662775
199382 3 4.116129303249317
44019 2 3.7618000974346963
44086 3 3.9870366190298774
29317 4 4.187262001000093
52611 13 4.600031973226327
263293 3 4.227039070955404
198583 5 4.122453442277732
49997 1 4.621440596440597
14068 1 3.8110933173741057
38886 6 4.683209898519899
28369 12 4.4686263200802685
393960 16 4.424798811360622
11519 6 4.420886648210424
266878 4 5.10367381389109
197877 1 4.074622744299132
266880 1 5.748371318974766
37593 6 3.9913581785220993
45219 8 3.7500578738862282
19217 1 5.823403724614437
55862 55 5.825712288705099
46293 6 4.5413967134850095
6373 10 4.350753240211386
27579 2 4.425412550716327
203282 1 3.027081268747936
7578 1 4.8656857211558115
265208 1 4.749059356835768
266779 1 5.184984529608185
210306 3 5.391521550013585
52412 1 4.529997735950118
20730 7 4.376526910911727
265975 1 4.513426958008239
53168 3 5.657112471315514
203746 1 3.9956776127978935
137541 5 4.648978045727216
4672 29 3.759431267045712
206564 2 3.7606651028330256
266195 14 4.04265294215085
27294 5 3.999826905072284
263599 9 4.53951816661503
37480 5 4.8142850515536315
263534 5 4.0501905859424046
10298 10 3.8006361152955423
38421 1 3.9653338512123395
58810 0 3.2711864406779663
267016 15 4.630788818283608
328366 37 3.160724974182822
62829 1 5.142680064264629
139343 1 5.120740927422089
33852 29 5.308734839832627
395880 2 2.985068333406483
56427 1 3.834193007169259
38299 4 4.94472835107273
268113 3 5.633174553088022
23479 2 3.9950689752588806
266284 5 5.9401841768149675
44293 11 4.101487209067632
133652 10 6.011881577900724
22504 8 4.044759573858087
134990 5 5.481988934690798
32094 7 4.084393952804826
16055 4 4.568113144366639
132981 1 5.004616912537684
201299 4 4.018625362225113
25946 19 4.041773688647099
63221 2 4.139799623521126
203625 1 3.9575903803219865
210322 2 3.965864874310784
46233 3 4.726674352789787
36898 2 3.725645451760065
132316 1 4.698110934176206
60904 6 4.612318565100383
58361 4 4.017140107205216
17957 6 4.527054929614074
3635 13 5.5514133119798235
33481 13 3.506575861512096
11870 16 4.221597967645924
206756 5 3.93330858655248
26091 7 3.977491929195885
25482 5 3.6965969294231704
197036 9 3.4983516613260783
264472 1 4.520128822932202
12843 71 2.9436348480908134
56140 6 3.289705249723804
131486 11 5.219765263815972
59567 1 4.741456759659525
53373 8 5.081556882348851
201147 1 3.8229564679010997
47790 8 3.671356271977389
52854 1 4.928997986140842
34961 1 4.0917357774500625
53486 3 2.993125266435362
266876 3 5.968620736247489
35829 4 3.0256905980159474
137131 5 3.5865642997771374
18375 2 4.970175117840419
198185 1 4.08683314654124
50673 219 3.008948211031251
50057 8 7.1615023094152
38776 7 4.280478030328011
33003 14 4.051911361915886
204748 1 4.731332732523209
17038 3 4.0178480435047055
32103 1 4.464171122994652
39470 12 4.060244475899269
138790 8 5.465126330380711
46694 17 4.513544768637068
196689 9 3.81067948726614
267551 4 5.8075002410914385
22297 2 4.516451683820975
50090 5 5.006560523269785
43489 4 4.5661901561548035
13847 2 4.761045304442886
138527 10 5.490720549722811
8369 47 3.441143269435147
56088 2 4.131498699021473
38269 3 5.618969026543825
209782 3 7.439772428410857
339 4 9.467851975693655
263358 1 4.5170291777188325
32686 4 5.768193788733878
42031 16 4.093586906345054
133934 5 4.403321993969177
36124 2 3.0846334694422213
205173 1 5.635890479208451
263289 17 5.228584752248797
137445 18 4.083429776933891
137891 3 4.137226210612886
52924 11 5.1451253082171995
35682 1 5.631576587144987
30334 5 5.118136276676685
55793 1 5.83440876712518
63861 1 4.054387431553879
60812 1 3.937216539907085
12817 2 3.766306185435308
208861 155 3.684559706469303
18564 12 4.603337167451007
394184 1 4.199615043777605
264180 6 5.188291246095953
204928 2 3.9962127371255116
2568 10 4.211785770897875
397134 5 4.456291715010439
267008 6 3.868001649501881
264266 3 5.183102122535991
264810 4 4.902436667919864
15823 2 5.086380503766335
16091 3 4.572298000447444
50257 13 4.480031185233183
49017 3 4.311077814603605
263260 17 3.887578988673358
134739 12 4.320533086775535
268793 8 4.1930889321562335
53000 2 4.604085941514886
44329 3 4.470672561644407
36837 2 4.198618006393047
10446 4 3.8032901961256065
21833 4 3.8679656216193754
203362 1 4.69851830412056
12608 1 4.802930682973587
17904 18 5.287712069330025
61233 2 3.785885083604838
135918 7 4.905847967134848
396177 1 4.393722793353335
266688 6 4.4854009924471665
45368 2 3.9063040062321672
53597 13 2.9742751183926392
200994 29 3.645769132764657
135022 1 5.503159871547597
44889 42 6.188292560982721
51998 1 4.764835164835164
264333 7 5.489923593116588
25364 11 5.01912259346324
17605 2 3.824122756235879
6356 18 4.0598540768358555
50249 1 5.619144784773477
264814 7 4.728564327813272
47321 10 3.5663306108138992
2116 195 3.485788817956413
52659 9 5.112595430619382
60409 1 4.5626487664254505
7602 195 4.268106426728436
32563 3 3.7361109789466527
22218 2 4.7580895981092715
21195 48 3.834622659303192
266523 4 4.660367444856304
51607 2 4.811803876060789
266281 5 4.887507030785203
16791 21 4.437472805181962
20787 1 3.854652102463162
263716 2 4.5126424889879315
39519 1 3.867865981116499
58440 2 4.850057645559447
27822 36 4.183241317386733
397797 12 5.323813069676452
55293 78 3.508709535119258
43576 7 3.728268591369369
54360 1 4.90815391813291
41003 2 3.6288269456124413
35389 1 4.1286538197252485
396420 15 3.999884017025652
11325 21 4.637996071198059
264148 5 5.732454715688128
199197 2 3.7782629000378383
208492 2 3.838749895650988
50287 8 4.18072423229241
19889 161 4.272725436784849
37470 1 5.371602990284008
31206 1 4.68934128396494
62455 12 3.4114982315402123
54420 5 4.376993108272272
1452 54 8.46664451017276
24213 11 3.925293087451542
58183 1 4.956664483801184
268463 5 5.976868130245843
3134 3 4.441959818953423
21271 15 3.8317766329932206
41722 30 3.4040795025422903
19165 45 3.254756144383627
38142 16 4.6471311655020635
10929 60 3.2103396535115243
16478 12 4.081680372719372
4902 1 4.028040474372224
131710 5 4.466624647115719
35951 1 4.362256065408774
265646 3 4.485273502268576
58819 5 4.141430700586035
267651 7 5.200537844924643
11916 2 3.8172411302689437
266210 4 4.855970069956479
135133 5 3.729077799882744
62593 16 4.225854935869227
63747 16 4.288194452912135
61327 12 4.084590066804071
19806 8 3.7217191483774577
264594 1 4.258557639222663
53134 17 4.965979653148796
36243 8 3.956862013372188
52218 1 6.067157577871863
46701 4 4.499800732160732
28530 4 4.572756768746274
39291 3 3.7479939107457847
262830 17 5.195994147725901
60372 7 5.612908720502111
138074 11 4.318393978967693
201054 1 3.1637406323691004
39571 10 8.78696627255197
40623 3 6.449599755058162
263153 11 4.346606796387289
202525 1 4.771588599597545
201548 2 4.090766239269117
4594 16 3.1529821033051117
136933 43 3.80011334984894
205763 9 3.5882505463357237
37024 3 3.9239790465570947
45177 78 3.394723015969797
134903 4 3.8649534933761127
196644 2 4.372213226095077
132950 1 4.933010660202779
61012 2 3.149566307626663
44377 4 3.590778605874767
265049 4 5.094362150895772
54196 2 4.635495573262873
43949 9 4.613090891304311
266339 5 5.526134120509721
134298 2 4.650658044556855
49210 1 4.121257897745993
393925 2 3.7833076191819144
39894 3 4.363046379651093
37204 71 3.7759603156730757
51622 15 5.432738231300696
21821 4 4.936343516945758
42351 10 3.888658309050013
136683 1 3.5843864358745314
6912 5 5.159175237789462
17809 70 3.3153977963708794
327730 1 5.018818034729365
267240 1 4.699552212975858
61588 49 5.501719360665157
55439 2 5.723498718608655
16908 13 3.8349697571380026
56502 1 3.781502756502757
50475 2 4.882282600732129
54300 9 4.558154485044885
43993 2 4.158643107626235
6245 1 3.7389660284980484
60940 6 3.5164020294461373
18002 232 3.981487847432729
133439 6 5.771919939986968
15337 3 4.746451631268259
59708 3 8.671087395771682
29014 38 3.0491954235057688
25203 1 6.065714576428862
266958 4 4.530125223713567
8200 11 4.501572621787814
26546 8 3.063607112756631
56214 4 5.301471535699771
25398 7 3.973855409727294
394334 2 4.091060054595976
265506 2 4.944377491996539
394488 6 5.39212271349797
14552 19 4.1844749257672245
51352 4 3.7939407425657263
38209 32 4.607006784387447
19246 1 4.649206613492328
56118 3 5.64552911020202
205979 1 4.0387300484591115
135581 12 4.7266153587304665
18126 66 3.556687794069651
48467 12 3.3384070178736183
135170 1 4.615330277086231
53244 1 5.110727863369687
45184 109 4.896775191800463
265639 1 4.462165151943476
204405 1 4.0358827620949445
137074 3 4.035440081525649
53202 10 4.204809442036951
27424 1 3.7524026958263423
33597 105 3.3532609122546613
46261 446 3.9060668714345845
133068 1 3.9779409199577267
264564 4 3.973480571324792
134737 2 5.990857679513142
5618 15 6.879877631796169
51789 1 3.877662961066322
203800 1 3.9575903803219865
24013 2 3.5823333953280647
52577 9 5.909807836272786
47288 20 4.419336431078382
12811 2 4.195300258034248
2665 260 6.15118709758379
39216 62 3.7764006296961545
23509 7 4.026893857035537
46054 6 4.716966060689676
15933 33 2.924762966376114
265874 4 4.870135373587508
198463 8 3.4163769742620786
58906 15 5.233346999308292
133839 2 5.22012226612072
199493 25 3.7050579699889634
49409 7 3.4212487781626595
132702 1 4.84478800140746
52600 4 5.072400407750601
35862 4 4.432712768864757
19620 10 4.033377910291218
55220 2 4.094133104009605
265359 7 4.250423435232182
264661 1 4.962608939825689
56978 1 3.893197426600788
24747 4 4.676966046018779
62585 1 4.533059690778584
263870 3 5.61293472539023
50009 15 3.917411571399139
12447 2 4.126026687187052
39839 4 3.814033781876249
5572 7 4.328321030911268
202761 8 3.799388225080778
209030 3 3.653778004465225
9540 2 6.01450252387034
43521 5 4.505603892663328
133038 17 5.18076692419168
135612 2 5.249051408361753
62054 2 5.197203872840975
31131 10 3.9858891251470308
47619 1 4.007895525169283
263027 6 5.325100332778795
4685 36 3.6013194232476398
27674 1 4.572427810892508
58946 3 4.690085431182783
199606 6 3.8296225665267523
208562 1 4.3781839885887175
1426 2 3.0232992077367142
263776 6 5.225709081748893
15584 3 3.867003687140956
51732 1 6.332657535656642
136780 8 3.9365536557189333
29114 1 4.272301953751848
199081 57 3.6891535323953595
265180 4 5.143279565098003
19051 1 4.087442486966296
58040 5 4.610121939993144
132559 9 5.272324134143807
55096 5 3.837488184903152
36750 6 4.172502875250517
6505 15 5.523226693591408
33983 38 3.76839633043161
204548 8 3.672558123868741
56636 3 4.051040922253416
203499 39 4.1028732008386255
203487 3 4.939661060157313
21584 1 3.878684460735591
26218 11 4.568512598958987
133843 5 3.702054486782843
57627 1 4.893497848797388
24055 3 4.052424031774161
55711 8 6.012878087381956
56848 2 4.315354006566752
23109 2 4.79511843943368
266993 8 5.322144922040641
8820 52 3.7957166440513883
50228 1 3.929591708854382
57169 51 3.31681806298946
35914 37 3.5175117040024704
18530 52 4.156665910122472
10071 10 3.92822447932909
133137 5 4.73381793125013
23033 122 3.466845911070767
7914 9 4.03064199762682
45924 4 4.518542047734145
263642 12 4.159131308665287
52431 21 5.373354409392936
29867 5 4.649031043254332
137834 5 5.874540147773532
266954 5 4.994393033733151
61191 1 7.377567449853323
42678 5 3.638796995615373
55719 5 5.604278265954378
61250 3 7.6721135795054165
137607 1 4.594452064690161
269759 5 5.544519118716136
327750 6 3.621598758156028
197177 7 4.504991528909474
50896 5 3.5802649916120455
60163 9 5.425472585956507
266264 5 5.798278938685692
134269 16 4.638771893478877
40670 7 4.617153187269608
134189 9 5.36668419180058
4493 10 4.954470077303523
49047 1 4.0069721284007
36444 110 3.783457950021784
33467 1 5.296236893049489
48279 1 4.750992884345536
59045 11 3.7583630421606293
59793 8 3.7942074317016607
393915 1 5.096870617978992
17922 1 3.06574074074074
131445 187 4.17013980664448
60558 36 4.37703603354744
10348 2 4.644141696281827
263456 5 4.296811685931861
139268 1 6.207478984149491
46334 3 4.635920105776812
32591 2 3.81695917752664
26451 33 3.3645683664946042
1733 18 6.491466768776904
15754 1 3.5924141995570573
263937 5 5.177252943541534
47342 4 4.006947608288352
42677 1 4.430543530543531
208064 1 4.7846909947074145
137651 1 4.6563493109624075
1466 2 8.46857501776461
46437 11 3.808900306725973
137404 1 4.436765799157859
7301 1 4.153119235262092
36980 1 5.685628078817734
13868 7 2.9957964619296633
32362 5 4.592061998392048
36730 17 3.7561495802309537
28428 2 5.021849080038735
47737 2 4.625046705477634
209388 3 3.939973037963538
37417 9 3.825284307945015
28225 6 4.292270079290477
15964 110 3.9035052320584085
136353 1 5.46708288404717
137601 3 4.594950801696835
60416 1 4.369696705410991
201200 18 5.117565637095475
35599 2 3.7617760755938097
15359 28 3.6118626741529507
44759 1 4.515919482400104
44697 1 3.963735146998452
38938 6 3.727154750807614
9430 47 4.3331969949392795
15499 5 4.2797918646306625
264464 4 4.388551532870248
28293 17 5.133569977519302
44895 30 3.8736729213499643
61931 2 4.074659807746836
264136 5 5.479455808962891
32307 13 3.1645940404803707
3359 9 3.251139322388946
11648 2 4.33109102364537
39435 88 4.321175537895743
51056 2 4.010162229142865
203551 1 3.830561084353787
40639 2 4.297124941858291
9751 20 3.8073226823524076
265302 10 5.221417352082108
10919 1 3.820703946664539
42287 2 5.639498027819046
7595 10 3.229331908304325
267412 5 5.276060664421026
9535 107 4.270928613609086
262470 6 4.6284176125810825
57460 2 3.756553618349208
8570 20 4.165240393437453
394752 13 3.1970033863171663
139741 3 5.556058701320103
60487 2 3.728074696999163
20668 34 3.7431582665432606
36911 29 4.523602484325261
63020 1 4.854279839846342
