264961 4 5.511053592630395
35405 4 3.6603636164072024
61690 4 4.652882075007765
23948 8 3.756644540920276
208532 1 4.633071257064303
53497 5 4.534996070680179
58965 32 4.962060300617183
5483 110 3.9519449085556695
132003 3 5.5013829748688385
8411 1 4.2438532036746315
12077 1 4.045951037550321
264961 4 5.511053592630395
35405 4 3.6603636164072024
61690 4 4.652882075007765
23948 8 3.756644540920276
208532 1 4.633071257064303
53497 5 4.534996070680179
58965 32 4.962060300617183
5483 110 3.9519449085556695
132003 3 5.5013829748688385
8411 1 4.2438532036746315
12077 1 4.045951037550321
52687 6 4.644602228077526
55672 1 4.631685451951244
202766 40 3.7277281286126978
201019 7 3.548734802162431
269054 2 4.187593673431113
16066 5 3.377773594843706
38325 78 4.392207276435362
20412 131 3.730538310518869
201460 2 4.106349286783695
38266 1035 4.934683079440869
135661 4 4.006332569179792
12906 2 3.5514624359030185
38968 3 4.715414336190066
134855 23 5.688187262118073
42746 1 4.178212153807392
199732 2 3.768563463319597
134061 5 4.626933535358148
47926 2 3.9891666492807825
204358 5 3.986624635012421
22738 3 3.837165143219592
20039 1 5.11372707448241
30542 4 4.473791374076332
55629 2 5.3397360744156295
136654 4 7.017366237296547
60766 1 3.5084166119880407
15377 8 3.6342867690124914
22800 1 5.340153761582333
265972 7 4.714586896630639
59860 2 5.26837878308751
394816 1 4.762745254502232
134113 9 4.300144852611136
15199 3 4.800217996768408
397572 1 4.642421562199888
51611 1 3.9888643183579466
266837 2 5.143075717333178
208675 3 7.670791364261853
1554 8 8.494516427390483
134006 22 4.864523885909263
33964 7 4.229992491823155
203637 4 6.094052073894693
134179 5 4.761549412782679
53101 16 3.7367730306297084
47996 1 3.769105088459927
49463 11 3.199124096521894
10156 3 3.9041190745885666
31976 12 4.423343890213833
14600 6 5.123724416178802
2697 155 5.365229144489125
9306 5 4.4088821609229765
206324 2 3.558739315556786
131337 4 4.1321887273299325
264072 2 4.599762680692341
267523 5 4.577168075395777
32293 2 3.8036721670958125
5530 1 4.659430128801326
21527 28 3.013254435569829
43106 1 4.283474056373215
203739 4 5.171106876654224
206191 1 4.386954694639424
328220 10 3.679128617061294
207033 2 3.878436950031634
12379 2 3.480598625056752
134812 3 4.378807242853663
21750 7 4.2409910625088445
59065 4 3.7577109405891336
18836 6 5.113400609783587
52692 10 4.321487388492058
59416 1 3.8325741252211842
25100 6 4.5695466409159
262790 6 4.616133460444566
210327 1 3.8991959738503517
21644 1 3.8021912670434843
26714 3 4.151005184903014
40298 9 4.670237705419063
45304 5 4.2260121623439
32255 11 4.200781878399284
6846 5 3.6105693008628017
5605 11 3.272049139942708
264421 2 4.093528888057266
263741 1 5.658587015976179
14611 3 3.6041294439589198
57631 1 3.817106883954369
48904 25 5.290042201017057
2863 4 5.242029348895064
201429 1 4.245693856408142
44813 2 4.110783607604166
57792 2 3.6903143009995643
209861 2 4.07676580507071
61854 2 5.1580738846802525
52912 13 5.201196116067386
6147 1260 4.043911142452394
55923 22 4.408817016698002
3316 39 4.150434927041836
266566 27 4.1210308384483705
33806 8 3.594089105056967
61494 0 4.333333333333333
25674 39 3.8408150155221716
37671 37 5.8491391324535735
266299 8 5.097979031673231
264403 2 4.569526733995654
56694 19 3.5596094129744116
49121 5 3.4375849034914308
27929 5 5.1184000081560335
705 136 4.180528986814887
61805 15 4.5562125943304785
396245 1 4.770352494765466
24296 6 4.755753172715928
11472 3 3.0252471358711284
4563 4 4.19315279049662
15278 4 4.018010803422422
45624 1 5.012163681245167
11003 56 3.8600924108009864
34387 3 4.564212288104852
8403 27 3.4502419146902463
16089 12 3.770386365522525
395116 1 4.179473950303179
26779 4 4.616126801590073
18592 15 4.250765452140336
11831 56 4.222735995603916
63103 13 3.92820571130253
63620 3 4.6710183796003815
197300 7 3.991566880387707
265722 1 5.130743121480184
48123 7 3.880337875823968
48321 1 4.0
5180 62 6.4665143437550245
328050 17 3.8659190788328766
12464 4 5.5513160872092495
209649 2 4.9796888666930705
200104 2 4.205534516975654
29382 2 4.324435685426907
266844 6 4.761586584290366
62762 1 4.2046749592316095
52271 7 5.9766171870869655
48529 2 4.633262769888385
52557 5 4.918088131858469
263924 11 5.196217541215507
43251 3 4.299206155930481
37170 4 4.3905060512116325
26891 46 3.85391103659974
53037 78 3.9826627525842246
56415 1 4.080109837252694
210123 9 4.221882043230908
15263 3 3.9183805954344604
268091 13 5.707961536877001
396310 3 5.141105338728112
53273 1 4.770352494765466
39119 1 3.8154930412502317
52394 2 5.243326204409642
1789 16 4.2011511209064984
32252 6 3.8235361581259117
24785 20 2.9755074982441427
17228 26 4.19002224751915
138092 1 5.9208278954029305
55912 6 4.419248710978364
38364 27 5.047223803225497
25694 9 3.381804233041101
12731 13 2.8437873659316315
15536 3 5.137412582137341
46320 5 3.8126201596167766
43852 4 5.027970996046111
266969 2 4.272012397736534
29456 9 4.070588494406896
22576 11 5.642372231878296
138064 4 4.205343954801767
6718 39 3.3842888241483706
3372 99 5.181985298059045
268840 5 5.68807969765412
19602 10 4.310456941918892
17457 9 4.661033588141469
135162 3 4.240790185120129
63514 7 4.856741671625528
327969 1 6.196381954267833
209150 11 4.702662718793247
210125 5 4.613858537194036
28697 1 3.945913411832952
14127 118 3.4408384086911377
43445 2 3.2798131131002757
39986 6 4.080458640437546
138914 8 3.9965445492755665
60463 2 4.66620115243268
137117 2 4.585746601205489
197275 20 4.0822693704671895
52683 12 3.6611735485878945
328144 4 4.5459017554727925
205777 0 2.0
30361 40 4.518194958077521
49360 8 2.9643405029803085
57272 1 4.760945998445997
204393 5 7.963667657169695
53120 5 4.2565992550874725
28066 6 4.493916828089761
31662 12 3.1990388547197806
31690 1 3.6517352569771924
16734 7 3.356941127549578
204188 6 3.2678923036403233
53274 17 4.191700182069497
263553 16 4.824713791214926
267432 6 5.295136656761347
27744 3 4.757509670534881
262780 32 4.275051525768397
14103 41 3.06612610993308
198237 1 3.7012744126643624
132682 1 3.9996363681006013
394078 1 4.772179151354028
262229 20 5.761446119103223
40362 1 4.125511754559374
265648 1 5.129775482417306
139287 2 3.9667878831003627
18856 4 4.362986342849636
57578 25 4.457565588255362
204869 5 4.042444912382406
27311 5 4.082133136348296
197686 10 4.527753306036445
23853 62 5.0958330661662625
266151 3 4.496785337924159
207156 2 3.677743088212572
34556 7 4.901034912663766
267802 1 4.749725730504672
14388 5 4.610000890780353
53828 20 3.4389663649867646
134875 2 3.596886811172525
54909 1 3.8204978036012527
63374 4 4.239085198253033
38621 1 3.6291023020189694
54554 2 4.3661755655212335
26577 22 4.122333313803868
18604 6 4.890470832202745
57184 1 5.345658831322948
198580 2 3.8422774143899807
205892 5 3.147640682951354
61444 4 5.775870805857464
50916 19 4.0902118456711545
134407 2 6.199492266850177
409 17 6.839062763336104
138586 1 4.00249666147958
2903 5 4.799992948486918
8901 23 3.84718195879286
52662 26 3.4727469221955523
29891 4 5.0697109409365355
134672 12 4.038958644168993
264686 5 4.584885394887087
49970 1 8.430310859775144
41063 1 3.811695579552723
4764 471 3.4196035341711615
52496 16 5.77598572575786
39647 70 3.0218647496083126
40281 11 3.9606238834459866
267138 5 5.351841957170706
28786 6 3.932482340211077
265342 8 6.180119035481688
44272 2 5.348123585098375
20081 13 3.5918436133365055
205232 2 4.698262088014941
22998 2 4.197734521453732
35583 1 5.738186033484497
22370 10 4.659234153373597
54721 4 3.772339977172827
207030 4 4.590758451648835
265078 4 3.795259110400367
25715 24 3.0274608729358543
267395 5 5.133831282682719
29063 12 4.12058486538444
28854 23 5.205847595132583
22656 1 5.198027742190304
26447 4 3.8357594044307395
204651 2 4.577944182683201
51878 4 5.103099216254454
267687 4 4.633288673031997
29355 99 4.426826753261772
197232 1 3.8654892539974526
207910 3 3.9388101860030362
38553 34 4.008547089763628
50245 37 2.8454760588828405
44581 5 4.266442176102525
13585 57 5.489068982692349
267433 4 4.932385699159036
23710 2 4.9696924922844685
31754 1 4.0025400837306755
7412 2 4.404018645694606
9658 543 3.455968621207704
30424 2 4.122726614177021
265918 5 4.562553517542345
4237 34 5.1352963978191575
7786 48 4.005421794749012
48096 116 3.7899487607907067
46231 21 3.1852700398357308
265498 7 5.260093478839415
19636 2 4.285184767183414
7770 3 4.5975307805161645
197906 1 4.391006240004598
52243 1 5.516058828661456
39456 1 4.369696705410991
266801 1 5.218255687533721
55154 9 4.045138453095261
135019 11 4.924271147587935
49884 1 3.779441325869898
7678 2 4.815142000856287
52856 12 4.51111806609692
53164 7 4.174651113359119
9108 4 3.4217581618564616
51619 5 3.592722318292165
63509 4 3.862291614432044
19184 3 4.948927378931137
200515 2 4.344417528252544
63459 4 4.7057296884121005
8001 37 3.4378710030513067
42735 9 3.836226890299873
39689 1 5.00116224801347
18407 1 5.058305812657208
204281 21 3.4235685751381517
48152 14 2.985651100205835
266811 6 3.810221473971531
267631 7 4.452424552919697
393882 2 4.471934382013041
18637 3 4.1144946879429645
53630 1 3.8016759093852692
58624 2 4.834353641770967
268092 6 4.945209737391556
264924 6 5.082462494647778
22236 1 4.198481256929532
11326 6 4.558193903949241
48114 1 3.791576016576017
9038 137 4.081164478255375
61149 7 3.7245576919650976
26694 3 3.804108850666048
264025 18 4.529202143085666
43168 4 4.2403222557444895
23443 1 4.179473950303179
132530 4 5.400811698511093
41732 5 5.114475978870567
266936 7 5.320292113213819
197594 2 3.858731884826301
264748 5 4.9724614877267515
55393 1 5.6571508283489855
10397 70 4.005251901231459
19592 3 4.509143940461037
27418 19 4.018934494518538
48317 9 5.7585619548244695
43704 1 3.6622986185559605
36457 2 4.835302138104377
266420 4 3.836330543567848
137080 8 5.96843012676717
395518 4 3.669687593613645
61461 8 4.0070175941369355
131605 2 4.349082974265754
47949 3 3.662231786148532
264250 5 6.737688129075998
134258 7 8.016819843290566
9706 15 3.934157946654729
201889 2 5.265167392233574
328017 2 4.917888133003355
267983 3 6.52603828048092
48407 13 4.168765311532242
263949 7 5.170890217115602
199820 5 4.597329295349332
3912 21 4.130606087243404
49951 1 3.8104805247662394
34358 36 3.5949394724030697
11574 1 4.511833425538468
60990 1 3.7646798000403767
131351 5 5.500674889364221
328491 2 3.7786619304040903
138504 2 4.693693875141486
202608 4 4.974418958876219
268093 5 7.016932827414424
22501 31 4.760563342048783
43996 47 3.046418824059483
38583 6 4.045224202070257
50627 9 3.8538716829704835
26410 33 4.573160923018197
11975 9 4.596459154461073
61425 1 4.087389094441964
267881 6 4.835367782930953
57918 7 3.8892292124574714
266070 8 5.4773993693425576
60408 1 3.8514774992885594
396972 6 4.175210510510808
133414 8 5.0304724371712375
38726 67 3.8509286312914193
29615 1 3.777137326275258
54561 5 4.037933501836658
209299 1 3.7415514703703483
197610 3 4.843840030205159
135150 3 5.1189799304382655
13871 20 4.779043505944164
27659 26 4.583719399306404
58534 5 6.351288600718758
11598 7 4.4950556931661
36872 4 5.176134995939309
36614 28 4.105231996937272
206837 26 3.8162283617021227
52818 11 4.609186409993098
8683 14 3.3153168449976986
266101 6 4.544608268825123
199410 3 3.6555989284524344
25071 31 3.729552289078696
33628 1 4.199790167565208
203462 13 3.3855421667028507
47703 1 4.439803062378941
203277 1 3.7995513672607264
61362 1 10.062234194377051
199880 4 3.783767033664249
62187 1 5.5862356802186435
40684 1 4.810809948638645
40412 5 3.920887284803988
38951 5 4.163627236225279
30836 22 4.425141560276144
45533 5 4.649441312239451
24396 6 4.044785678568373
264108 1 4.479574696657169
19647 18 4.061843338577542
19531 19 3.7563301179983
133124 11 4.198942305628919
20507 15 5.246826269307898
262709 31 4.9232270709681005
51799 1 3.5118838123102525
2895 8 3.6594703645844766
262408 6 4.6017592451043114
37556 2 3.9250663545398488
262577 7 5.524290226817194
327863 1 3.7930580359919834
206281 10 3.603252291335768
52746 9 6.0089729373423255
62943 126 3.451614874322724
30560 10 3.8940767334909467
269241 7 6.294913591342162
15817 24 3.544916892382624
60115 2 3.6492932697536253
200868 6 4.234945244518571
200542 1 4.855848857932192
199653 9 3.501419876893994
52287 2 5.699585919269664
205791 1 4.283074037695887
132741 1 6.420812836842517
269247 6 5.099929609618353
203941 1 4.45786232263449
22266 2 3.803577246204505
200594 3 3.905346027029308
10782 17 5.20096095321161
31084 7 3.1448722064022534
61246 3 7.882516935260496
134823 39 3.4270533692486076
59451 8 4.611929943498164
52990 3 4.305559816192017
3112 19 5.107426191503244
202435 2 4.211011664644795
62364 3 4.8059326423530155
5390 9 3.4258604572796467
262726 27 4.481258331177203
62309 1 4.61969696969697
134034 1 6.021346236625384
59374 8 5.866706820678257
268442 5 4.706709551167679
60641 8 4.656726574529283
55662 4 4.685186803649642
53241 6 6.034521590611616
205804 7 4.04537194307117
28340 6 5.713866645734275
41865 6 4.732383013022482
264042 1 5.056294867799714
46215 4 4.377255793575914
264427 4 5.38486287151044
15513 5 4.82924165604437
264448 2 3.8827258335005093
62659 7 4.0696194197292375
139409 3 5.748439801523372
47147 4 2.7550435127509765
46029 8 4.378927115901111
22632 3 4.141163589166463
50035 1 4.34741585445367
121 5 4.954371958697315
199952 17 3.7988028301242838
37166 3 4.709792728515043
10098 35 3.7789569637520137
196831 2 4.0239498086442875
201113 3 3.627877873237555
47442 37 5.134812319575256
30513 14 3.997399179945373
51035 55 4.3229147988789185
395915 1 4.184840541384055
62276 1 4.697052987861811
265244 6 4.407615701277638
9842 38 4.083632912226024
209910 18 4.577008049106579
134895 7 6.01628956470942
209489 1 3.7981016817817386
22377 2 4.8188878382646
203064 1 3.877119970164614
52180 7 3.951941784913415
55128 4 4.604658796638884
20992 1 4.73049710763244
197618 8 4.690911771840523
266986 10 4.517146192312147
52509 1 5.033548992146554
268991 5 4.629455649086454
263500 8 4.271891921017545
30990 92 3.4300747379873235
206858 3 3.997704380112638
18000 20 4.299178923203984
49338 1 3.95239544882402
49253 8 4.2575528334738895
37103 23 3.8602590563441637
52709 4 5.576128466607468
265862 2 5.404094636821879
15659 11 3.6393064739661916
137895 1 4.773234478976776
201485 2 4.466662453637244
18720 1 5.336274006090304
52724 2 5.255114489597248
15555 11 5.0565362631512585
55158 6 4.014335273720026
199311 1 4.070521372471953
19240 1 3.6131000890217484
198278 1 4.009012944727231
24023 6 4.431205221513154
265099 5 5.184232605119953
266100 5 5.140330777401902
59151 6 4.728517344471063
8257 15 4.567551125606885
28458 9 3.7564777781770253
266001 2 5.3451793784730315
38917 21 3.7022128873633044
56364 8 4.580326711664969
197706 35 4.579918611977287
44374 18 3.8008543144438427
43513 51 4.137198864772081
35304 1 3.6159571909571917
266026 1 5.319662279531711
50074 1 4.64146320175732
267312 4 5.397622864964533
10586 11 5.499036846416448
58007 1 4.014636459077702
40212 2 3.7802160489553094
26667 13 3.274995683291997
42366 92 3.8617627836695227
60058 1 3.800275448248582
25868 1 4.8928274298225025
33594 5 5.18231207799083
42639 1 4.574822123385341
13679 4 4.659104277546448
10101 14 4.083626635435194
132502 1 5.857112301884381
35807 50 3.478790160255465
136814 1 4.962595259146983
264744 12 6.074341188709379
138112 5 5.141898603428421
266107 5 4.689513924912113
28545 26 4.494711702590869
59891 28 3.1405018190256517
9172 11 4.4974112512766515
32629 3 3.8492548488472584
197888 5 3.4024657252119788
132135 2 4.243050357385598
55900 10 2.9959063619685007
58481 6 4.282120032059287
204975 4 3.930690529558928
7764 16 5.6010284293730015
206299 4 4.282023226423884
269427 2 4.974444329395314
34718 16 5.435415278042309
2841 8 4.897659173202012
64280 12 3.8129992574665446
268450 2 5.224419378657119
33659 586 4.09740367851268
2597 14 3.8479089291302673
262768 9 5.636341792695292
204185 12 3.119432209241947
23022 6 4.461676975908851
263037 5 5.422548408502919
262248 11 3.7594346494415616
56868 10 3.6811807204972546
54525 1 4.882048635546171
134907 8 4.223639130308091
47271 3 4.484357633426485
137147 3 3.5869825621960065
264004 6 4.872180079819773
58427 4 5.945631462320338
17826 20 4.03152067603586
2202 6 4.436306892235155
37918 20 3.917597899383527
139435 2 4.861939967354713
6556 12 4.286043516307841
28392 3 4.598592579717969
50795 6 7.1525800908941415
56212 2 4.837843973804674
21208 4 3.7429406322985233
262537 7 3.52468200080614
46420 1 5.108436069191406
209836 6 7.394285614686241
33019 4 4.850594901558629
262269 1 4.3722611694697076
135487 1 4.718907206776954
267787 5 6.11182313417675
7155 4044 3.723148260876281
266212 1 4.691527397873385
15808 34 3.6078889801176195
362 12 9.467987775051904
35668 1 5.347420892999722
58971 6 5.7650134810313345
15084 33 4.346961422100934
209749 1 3.8100767531184396
49934 1 4.385578440130259
23694 7 4.831457236628015
269329 4 6.019736140133236
34646 1 3.9841823685996136
209308 8 4.608936950896272
8469 20 3.2095944277585318
199500 1 4.6853719749402165
48184 1 5.614634414409842
133258 4 3.5967948058416512
58175 1 3.7146853813520475
53301 9 3.0202073069686524
199095 15 3.7058068365542622
206701 12 4.365910999236122
59575 1 4.005735063088005
198563 1 3.606917190252782
54827 2 4.462575733089919
39681 1 4.525591055393249
25795 7 4.020370095212894
32537 14 4.226702650273164
48176 24 3.674868350158068
52976 3 5.777222512936798
132970 1 3.621738105369058
36120 5 4.4686501014046165
5766 9 6.464821183961503
138415 64 4.526766985360901
10010 171 3.765739326809491
44120 1 3.783253221646079
46755 3 4.766906662877193
26610 21 4.71521055019676
139281 2 4.222645651699292
206738 1 3.5474701224701226
19839 2 4.266017084539253
38924 3 3.795647009050237
3477 32 5.521148696394756
23873 1 5.804207055108122
63017 5 5.854643247396104
6595 2 4.487570894713753
50042 2 5.296775076899632
328419 1 4.958959234996101
55845 2 3.8504103020922327
61431 12 4.0562678449404
132470 6 6.013283213935683
39591 10 3.0162265515852384
35900 30 4.733773930944746
55714 238 4.115700514962184
34592 4 5.911541934792093
265730 1 5.532849253465016
47453 8 4.185943752919433
27805 1 4.447686176257605
263784 2 4.371159277856493
17445 2 4.298065779242047
202979 2 4.1019950897077395
17394 19 4.013519997678634
15106 4 4.297025982540104
9908 270 3.5671940448815653
39706 2 4.17626546697585
199026 15 3.837339418005306
6995 36 4.180900260013802
12796 4 3.6230520197323894
39471 1 3.765801129088663
31983 1 4.548903741760885
11062 11 3.5423010554368726
61977 1 4.526726197539005
196635 16 6.922085761289353
205853 3 4.074476151653385
138050 2 4.148359115143122
34499 5 3.7859689699510453
133747 45 4.716688938156724
197400 1 3.8982774266184412
21772 9 4.649505924164152
21782 12 3.9115365451722006
210086 4 5.281218535159421
133739 20 5.13974645816116
209447 1 3.827940842226557
9519 20 4.485882631194268
52986 5 4.707504903701237
17929 12 4.37142395033153
13607 22 4.270395973350757
41469 14 4.606051386673623
199468 2 2.9924906019583895
22495 4 4.198909275026724
265388 4 5.310818730519368
43861 2 4.610359217745748
23930 181 3.7545615497215206
133062 3 4.835484686214576
132296 54 4.456131204976442
25521 6 3.5106786890435977
4878 2 4.953230738108063
264991 6 3.981653909559362
134134 7 5.305290039396581
37353 11 3.75140494194356
266435 4 5.164058971699449
48549 4 3.9829275768745718
10974 1 4.474600645659759
7516 12 3.8829866972896037
63284 21 3.8033558478787137
269068 1 4.695498351614936
263608 25 4.428515277511396
136732 12 5.742301909648018
33 2 4.199615043777605
397881 399 4.732852863097429
206230 4 5.046109677587511
12252 464 3.8400940804639525
201254 2 4.333129920756894
21305 32 5.340996570044524
209623 5 4.616628577941863
393567 3 4.566504356599002
11193 11 4.477076240064746
35701 6 3.981234505813169
24664 2 4.5596555370767975
396895 1 4.69783844401798
56972 10 3.7855588083465057
135552 1 5.473978418953788
49065 1 5.3149836274836275
138558 1 4.2032004848825135
28036 43 4.303258427029608
18809 342 3.8619895700997517
7573 6 4.399905661308311
134995 6 5.88487444445896
131891 1 4.239131064155694
5502 1 4.37025032947652
33948 1 3.6308843273128995
45625 26 4.4514946653390295
205956 1 3.0188087750604007
58305 56 4.408024465286171
62429 6 4.019040094649032
134806 9 5.619639644569477
137449 7 4.871434593068723
25607 82 4.896160951426758
53005 22 5.678559822303247
265205 4 5.306358625043536
266155 6 4.975947491177141
25984 7 4.321818049597104
48348 5 3.7304126635378188
13296 9 4.413436423273071
55424 26 5.564315447138812
4589 110 4.321496497503971
40812 17 5.1942118419836225
268179 10 5.6337760022917625
263018 2 4.759106638871248
22452 2 3.8008310301963038
7640 1 5.059831306259878
28006 746 4.93053672759511
38505 17 3.9826608272039317
8264 3 4.195705166958109
37232 4 4.637886824904392
22689 101 3.7512985141733797
209889 4 5.964744300012159
394068 1 5.18881936664498
52420 47 4.50333559423881
33389 2 4.340179706564419
52409 7 5.267955305558096
43137 3 3.75155745805497
234 1 3.9256036428450227
28256 16 5.106730382187227
47956 46 3.6378382074547835
135752 4 4.594452064690161
53127 27 4.923122843462491
262266 2 4.769496257807053
39292 2 3.6349200233321985
50131 12 4.649083101522461
264417 8 3.886259310911668
52953 20 4.9260077098472514
24344 3 4.691610031463378
45117 298 4.864742665486908
131767 6 5.0106071130429815
50530 28 7.91957485688382
136201 3 4.835484686214576
262699 10 3.508159399161375
10881 22 4.220056932429363
52444 73 4.288876476421936
30466 178 3.0374651664639862
268350 9 3.733685830575359
52469 8 4.738472117980488
61849 1 4.509903069039881
21951 3 3.063049185543286
4258 5 3.5239648866500333
1562 3 9.492001696377699
15083 79 3.770689118689806
133314 1 3.6484857450679273
267002 1 4.612842795894195
263139 14 4.8013228444321285
16868 5 4.203890202908361
28207 12 5.64152623887432
45574 1 3.5745413867437685
268877 1 3.852253860628245
24792 5 3.8554633542825836
137343 1 3.2083333333333335
50748 1 4.418552269392605
12828 1 6.053275747620986
35228 114 3.425674036756064
61165 2 4.454490446084255
266301 7 4.85951875018291
393222 3 3.7502672970645614
264696 4 5.57995313834346
133291 2 4.663457799655595
393419 1 4.556105057796091
205687 1 4.275985822292766
36847 6 4.1609071252016605
60095 6 3.89416799434408
62224 1 3.809066545049648
10340 6 5.100141456329118
199075 7 4.043551756189193
200904 16 3.8419885832279013
133349 3 6.269530609714614
197422 7 3.641405551860985
133435 5 4.750591378910328
38498 4 3.936046020523867
133422 1 4.006815228569793
262526 35 4.739236883045454
44195 2 4.573271495253387
206939 2 3.713851104244367
8519 2 4.161299998495
19589 5 4.038085895269357
269477 4 5.927037116884465
262739 6 4.604456568478987
268525 7 4.396333212267593
62895 1 4.464171122994652
64103 2 5.775872167048638
267132 5 3.8639793839066803
31452 92 4.275015219547554
266184 3 4.038015808555002
265774 5 5.759464890237451
25 13 4.719065661898882
44691 2 7.750124629359494
37183 61 4.333935168580849
264542 2 5.446982571593414
1147 1 4.287794694728983
393636 3 4.6901622013361735
196645 21 4.608478101375079
206215 1 3.6192426771946966
132712 4 3.9504204947803965
263162 10 4.730379995283688
268565 4 5.41870346069441
54240 10 3.5997245539038323
133616 2 4.541340232561446
43712 2 5.687576444719302
19624 22 3.558154826495241
48989 3 3.7460674078794356
14958 1 4.18064611147534
134635 2 4.251320672209432
133334 19 3.8121142046958467
44630 1 4.766708068875333
263925 5 6.516949181536544
42291 12 3.2793592063830452
58464 1 3.8310606605409907
37585 1 5.871820232882424
263728 3 4.506956098025025
59541 1 4.1285769785769775
48266 20 3.721900047802137
264488 2 5.677211170002101
27619 2 4.21428920569706
44021 2 4.021713129964361
138730 20 5.706733150181978
263658 4 6.556050139462496
133030 4 4.00582789436255
7309 5 4.9368298726303665
35178 1 4.125268514554229
201595 7 4.61930860798674
1556 5 9.494532879728204
132377 1 5.007380632503784
10100 43 4.101579304220465
58177 2 3.7819536283822
131465 1 5.222990241545019
37076 25 4.091781619312152
58763 4 5.5954827800065905
265942 5 4.267511324654182
205711 1 4.028055785092032
33848 15 3.487013711134876
14215 1 4.474188359533188
265856 4 5.3225330524930285
62826 1 4.875367112362186
11591 5 4.324880676086864
266102 5 4.85433877870528
54303 3 3.4652024512928357
56580 9 3.770762938119343
20262 1 3.8049455315326397
61637 6 4.591625407835267
47170 1 3.7632995377905494
268878 5 4.49272010475145
11323 11 3.8139982198558604
397004 3 4.199615043777605
64240 2 3.8196232549057147
16858 8 3.7849630102558742
264896 4 6.320105167555316
267500 3 4.856847058460239
396968 2 4.1192260419623965
3339 28 4.03474553435423
57401 2 4.240120079500332
17073 10 4.140059084442213
3245 6 3.3815570570986337
36224 97 4.487036962632188
263955 4 4.428077239722067
39812 11 3.743699532666562
18385 4 5.167573394379497
134110 4 5.814819401417891
26076 17 3.6213577048092365
25935 16 3.929450502555479
206186 3 3.0409520091163595
394524 2 4.4485906071557695
267513 23 4.417524928733574
61458 1 5.146102013029551
18605 1 4.200764824484035
20971 4 4.69095974945677
25124 12 6.746716418878552
208429 2 4.425260249575152
38868 6 4.167773915506704
267356 6 4.556327870301668
16578 82 4.396335709598827
21454 4 4.3590983856627945
201933 2 2.8859693743116615
204872 3 5.902369484526504
39430 1 4.203913077599448
53136 6 5.034484917419265
14681 2 4.591018503481557
59655 5 3.283941958690269
27952 4 4.780565221273349
28189 24 3.8251840571864193
21774 11 4.219028938629939
328107 1 3.8078669414876316
202644 1 4.3393445218234
3758 318 4.1428438451655945
138171 4 5.94891129951839
39315 2 4.05569441045089
199995 10 3.422488862634683
16164 4 3.3335698215742178
54297 2 3.9331801697650226
58162 1 3.7066455514948706
57493 3 3.8719001055039053
205781 1 5.035952792798032
198941 2 4.446090711181744
199361 8 3.8503463255549493
265864 1 6.2487677812062055
51614 2 4.340130351700889
12470 3 3.681646234516564
28101 1 5.033397674818037
267214 5 4.569640887306143
53289 8 4.429435369831354
63646 140 5.060175511602896
264561 5 5.3966178367397655
6921 21 4.804796175879612
22814 1 4.04452246612175
52640 3 4.493280989044406
51002 11 3.641364359563821
31326 4 4.814708751710953
28658 39 4.446556037771328
136974 7 5.935430758469894
18742 3 3.659858622345567
57424 12 4.145258031201011
52679 5 4.888078011156908
25156 4 4.205425253207521
200617 2 4.711140408749706
50644 1 4.148034676185937
273 1 6.472829565070945
3550 6 4.972940356431001
55550 2 6.002873835181758
137515 14 4.127006058602695
134790 3 5.273919348811045
15640 22 3.8746803807674857
10185 27 3.8193254139490316
63112 10 4.169691777465075
135861 4 4.5907473489145705
32122 1 3.8014561291654885
265478 2 4.022803966549505
50533 5 3.033848120350713
56388 4 3.60595928728298
47551 5 3.5022897889498523
20866 8 4.013548557805688
55782 1 3.5920442212108887
45090 1869 5.332064619361329
2763 1 4.513704193999761
205813 3 3.624427217612986
394255 4 4.734209059882032
59631 3 4.498722092987374
8943 9 3.301086548235482
41343 21 4.03204830462857
50178 2 4.080373483545914
43046 4 3.627559720495703
53831 8 3.7901889431582267
47410 2 5.232540078097125
56823 4 3.852372008541987
52829 3 4.759914960896386
265702 5 6.424102856164491
262159 56 4.331020290329574
12915 3 3.842236906819542
62546 1 4.612568954490136
209599 3 4.502652430056262
206195 6 4.702398874096121
24461 9 4.974754465161792
24515 13 4.389124376287436
263337 6 4.417340405894301
11338 96 4.084609471162587
60127 1 4.673737427020837
17054 132 3.6587936905675296
198262 1 4.450653819843585
34682 5 4.802573203955996
46027 3 5.007007042260033
37381 32 4.171045858341442
263541 8 4.567682065857932
45170 5 5.576032715180007
34852 1 4.883185597471312
54599 1 3.8204978036012527
12142 3 3.7858248767575975
328018 1 4.715171927356801
269061 6 4.574136194715385
27927 121 5.126195923726923
328328 10 4.234566836275362
11500 11 4.350276674683996
40091 32 4.3469032673616095
133273 1 5.570479884765599
59502 2 3.6977712704487273
19916 8 4.481550516609521
136820 5 4.552497598079809
393840 1 4.068771427893547
18394 1 3.759184149823551
267405 5 4.143386522870096
196808 2 3.766179417775414
27695 10 4.682761984011313
58967 8 6.016657975052052
41258 3 3.7999562295780773
9074 12 4.952279817659457
48905 1 4.403502834325702
264049 4 5.215438770987125
57348 5 3.9963513087418923
818 1 5.24486175200461
263568 3 4.947672895829578
31029 22 3.0447740360253914
61569 1 4.773741946575258
47548 17 3.8523075770754565
131577 2 4.401102663977087
264235 5 6.016942396217351
26072 17 3.743639771946929
16018 2 7.00848339751519
58096 3 3.800222774942663
265833 3 4.936971602646279
12438 5 3.7200831862002
8173 1 5.285735382125716
57148 2 4.880296817275335
327757 1 3.7971167563039026
39833 1 4.348975231118088
28295 8 5.047098842320623
56772 1 4.581176250154887
24787 2 3.684930106358678
132876 7 2.838135861017238
50186 32 3.9208663845882628
33642 3 4.2719042907466545
56401 1 3.7486409850869427
133225 3 4.542301067932833
39736 2 4.492244428061436
53436 4 3.7255245462979425
32898 1 4.474109953663955
267541 3 4.7992280257340605
34479 3 4.482835923762583
137909 2 3.5845594190876846
29687 92 3.332534093973352
267422 5 3.871895898049812
268103 8 4.318228277179339
49233 9 4.467563307975213
4181 1425 3.4011968640282153
61834 9 4.581629519243894
396434 2 4.179341200824298
38392 6 3.847845631836364
60315 4 6.522808078707932
16980 11 4.262251648411762
199516 6 3.0001943451260704
37124 8 5.493057725792291
266062 7 4.53171287450226
269223 5 6.074407808017675
14643 2 3.9495377651603567
41018 20 3.4627470459293868
138056 2 4.006627675634244
26429 1 4.0027305512205915
136911 1 5.0561696162594645
54182 23 3.029556788357193
394754 2 4.704138820518027
395990 2 3.9951047612464587
41859 1 3.640957587386159
34552 4 4.751914551300115
34056 4 3.3531958711188614
10126 13 5.221898586554348
13839 5 4.241143418376744
21981 4 3.024241625686383
55695 5 3.9636637799889036
41639 4 4.497166652503797
202442 1 4.935472660836421
43598 1 4.454224370162537
200065 1 4.437145116196288
62856 16 3.6836240550266166
41368 11 3.982895522871343
50013 4 4.258672463017324
25903 1 4.1016713987654985
21947 19 3.4398648088644896
394618 2 4.525843764751964
34533 8 4.270861140981483
50405 2 3.5275148230042968
41307 5 4.296777113317856
8317 2 3.8496303079636416
52542 8 4.888794770973633
268827 5 5.770553478748241
203929 6 3.4051003159636073
30237 1 3.807569282569283
53046 16 5.108446233251111
60325 5 3.851840740541184
266965 6 4.1567858993554125
11136 9 4.527102243963464
263873 6 5.883309528106341
47575 1 4.848471355318646
29363 5 4.288203434080695
53767 7 3.580989012800825
60352 3 5.307379091176118
37003 3 4.7964319614278565
20441 1 4.2722020043448605
11382 2 4.239290692311175
11486 82 4.154112051595862
33362 15 3.0060659524808515
51394 2 3.786339597731224
48078 16 3.7185082215239977
21430 68 3.5579558257474653
56435 2 4.328200372722752
15348 12 4.63403783210848
37196 26 4.111378094922934
26317 14 5.166839448832764
13990 28 4.621436918976421
268549 4 4.018475005145536
50479 1 4.640416365164707
6391 5 3.372234564439407
197572 1 4.1889615675329965
395872 1 3.8571710057891857
135441 2 4.698306905491548
27696 132 4.167005458869138
45974 98 4.044680855932617
269770 1 5.169989455331204
40725 2 4.512202565442491
136439 1 3.8666636706369992
263016 1 4.36352426992821
37390 10 5.1819184376133185
25063 1 5.267656398925027
23922 10 3.845361520856023
21885 2 4.936748863940504
30619 32 3.745199540071587
134404 8 5.735408414307905
19106 2 4.083434780322511
62415 12 4.511270665793816
327769 7 4.233241810831203
29665 4 4.160115858231686
263991 13 5.0776165208248685
35994 615 3.9247165977581218
50561 13 4.750595521067315
4538 4902 3.7264460646923308
267316 7 4.340420613143861
132459 1 3.0
41540 4 4.197232598527576
28606 13 4.909809135367188
13091 9 3.791068571591884
12617 23 4.764891783905627
262655 3 5.421925045560712
35469 2 3.76639530265749
58447 5 5.700223491481993
198781 18 2.8112541175059573
48383 1 4.6604775434186525
25553 3 3.7679450867193287
7334 7 3.8009292240326737
43937 48 4.189156696796077
19167 2 4.211455385032717
134063 2 5.264681408506848
41105 10 3.981346862471323
33250 1 4.201876034018891
13032 6 3.8535955399437127
11370 1 3.9586753534910213
27046 465 6.497356758091345
55872 7 4.971114447822352
35362 49 3.6769204757564182
136393 15 4.9234024680618
395565 4 4.439844583114509
28906 2 3.706770963913821
38412 42 3.8365348077218315
136883 2 4.378851283205366
268950 2 5.062817971544213
26009 1 4.04452246612175
54249 12 4.179286004593111
44032 2 4.45875962191721
264988 1 4.296720037853043
64059 1 4.923796356201608
205142 3 3.8256682076236825
44779 1 3.9969321217220375
57411 2 4.567995430495431
20334 16 3.889733440883217
1239 128 3.1926602550457894
26367 11 4.896807806040763
265174 2 4.572321967780098
266992 7 5.07385653364157
56387 3 4.102707678053299
2381 36 2.9911049949664807
196733 3 5.015027959556082
265256 5 4.50454367874115
45707 8 4.5879786360139585
131628 20 4.829875881672167
203972 25 3.679392452514794
37518 16 5.731482212952403
58593 43 4.1906444759330475
134924 3 5.020045192251909
45576 1 7.0898833874926375
25961 44 3.2079908869864964
28513 12 4.179738468574247
44682 21 4.39475624555298
265436 8 4.685522471690152
14880 2 3.9806865111227245
132933 28 4.506973127169866
1218 36 3.7541283286601717
18895 55 4.995977565756612
38785 8 4.259242360759423
137615 1 4.883782086368294
30742 22 3.610634974541761
37601 1 3.720973134490799
12353 33 3.9153045860523896
9771 9 3.939656356000794
136662 1 4.596925781449592
59993 16 5.180278423892722
27572 21 3.89292852062553
203795 2 4.629563544920689
48366 10 3.6013697053100615
262668 8 4.42241368942126
18305 70 3.911749708475957
23030 2 4.213557422563202
38999 19 4.80014137762763
204292 2 4.661445940342529
40818 5 4.245588603954117
6067 13 3.276700401490978
31848 1 4.068582646733907
264863 6 4.434633671832903
56514 2 4.8599871288741054
39635 3 4.298981237960572
262575 10 4.276321950270561
263749 6 4.533971442380865
203339 6 3.811230126538844
200183 7 3.800741102631119
7385 90 3.8250116843518756
62343 6 3.8279294056884443
38813 8 3.976249251210691
16600 1 4.548091709421759
268621 8 5.504663281048817
204542 2 4.47047630612664
397045 1 4.444533332932347
43511 2 4.266783143163631
267987 5 4.726774357231307
3737 35 3.49008207671661
62588 6 4.065766564850672
54958 2 4.587950367710307
268006 4 5.3720962402517065
15112 1 3.8178403791691036
9506 71 4.35513740983862
45360 1 3.8229333813184745
11641 15 3.6208232434798258
25877 57 4.484951981344837
8657 10 2.702481029482593
196892 8 4.537096200183204
33247 10 3.570892599617779
262460 15 4.629043837919523
52486 24 5.695161056440285
29905 2 4.494258181399202
57191 2 3.4936791274744365
60757 10 5.060586341427237
54020 14 3.121143005773582
263433 12 4.222111695418046
54986 7 3.9181710057607324
22769 149 4.077338256400763
35274 2 3.8809713171848355
62882 11 3.9846004376978463
7054 50 3.9224169529270165
16301 5 4.122162434983427
10206 8 4.504887924235069
393643 2 4.711453661268573
12387 4 3.1301271572276734
199718 3 4.0000114663661455
51340 1 4.41113767078795
267489 1 4.1964758131516495
61807 7 4.30052522812098
55127 3 3.8694725399068366
327761 2 3.6092462012626716
27 6 4.431906127950603
56646 1 4.904043498275175
24645 12 3.830062089080555
32478 2 3.0010706728202203
34265 8 3.793922471353157
204904 3 6.749201028149261
37475 4 4.8566146465922735
18371 56 4.535251055535535
13110 22 3.376304670591209
28926 8 6.266763701119707
265238 3 3.90776878160009
201549 2 5.011299987490465
52677 4 4.967951364453827
45927 1 4.79139207353493
59824 2 4.500060684863899
42923 3 3.9467867823307223
201803 2 3.8776680678394735
3833 158 4.139999025068291
17035 13 4.117163632824963
16610 23 3.872489257880154
62015 3 3.919454283915451
268727 2 4.658810115700825
21769 71 4.643765983169745
14042 5 3.8247779395471206
4470 23 4.182713830521503
209152 6 3.366603721414398
202942 8 4.554696242040471
43178 1 3.992005479468534
45319 1 5.437178838881425
9416 37 3.7770583254693353
12169 37 3.865207882015762
264062 6 3.743483428536189
48340 1 6.357904190796451
16387 2 3.818671147012691
35993 5 5.519046053825115
135411 2 4.535444478409206
627 6 6.4676365257599855
63755 2 4.860662269033227
264829 4 4.910443939260314
202555 1 4.106611641414596
327802 12 4.615814782689507
28418 8 4.796744912758914
21062 8 5.3485180834579085
197998 6 3.7670076380062043
394233 9 3.5699845552775025
31249 1 5.465521251235537
267358 5 6.038355098550017
200296 6 7.568488230174115
29479 12 3.314524443604197
133360 5 4.378570189555513
395038 1 4.514284060220022
22674 6 4.602180722506277
137759 2 5.280097647935291
62004 4 4.531440535048354
268380 6 4.6906409783702525
47595 3 4.133990711781864
47905 1 4.071626780575733
397735 15 3.8255646890526984
56300 229 4.535740141865642
133455 2 3.845540228256641
63240 3 4.922905379240069
65003 0 3.0
266424 3 5.736588106387884
328336 4 4.69264795254674
197242 8 3.8922709025065947
265842 3 4.919395250797619
46559 31 3.935178116336251
41586 3 4.479125102934627
133888 1 4.696721356245167
327947 5 5.165687022083982
8439 20 4.123195701100877
45552 5 3.9756017862231983
30321 4 4.973745637924054
397040 1 5.05286787924719
12880 162 5.24108510157109
264685 5 4.234649772323476
132819 7 4.0348207756141115
49827 2 3.775692883547822
203566 4 3.8497081225903402
33075 2 5.394262545753581
56304 25 5.862823534206454
136216 1 4.454246750456356
208625 3 3.9409927590789238
262906 7 4.177277782038047
24525 12 3.946943767882565
51142 2 4.603839540924927
35810 15 3.4670635808621477
53010 4 4.193623597783744
46914 1 4.554920825361858
48888 1 4.610583728440871
328007 1 3.955556437926886
52350 9 5.2550639153627365
134270 4 4.908361980440672
4390 6 3.8154542807908816
31797 1 3.388816391941392
12254 1 3.809367812750408
63773 4 3.806119346223844
43497 1 4.473501265264323
56307 24 4.03921704405278
14816 1 4.893560030555103
268815 3 6.094773782870646
17759 3 4.523531239062315
39963 12 4.920869136998963
29049 174 3.0288191990771
20698 1 4.3572621860113525
9729 162 3.737508874531289
6703 237 3.871594267774596
262397 1 4.784012057162351
137952 4 4.913862975424654
14709 41 4.244795364908344
49392 107 5.201328925645713
52432 14 5.488079731814686
50964 7 3.7084903779844867
263614 8 4.793627036808532
38491 2 3.8065271149959083
50172 3 4.854815690457756
11086 19 4.60291813094829
53513 2 4.7887578178526455
673 2 7.489931628046389
44171 2 4.744909323480752
41754 54 4.317073868791497
265266 14 5.052109393970861
265670 1 5.085565048890172
264566 4 4.98027332270794
25352 2 4.005383781503186
58310 13 3.774749036858731
269017 1 5.414696437577682
18024 8 4.415050397804403
49683 29 4.673757829369804
33522 20 3.9848774815081005
23036 9 4.1924549599903
59485 1 4.009968794244564
395920 1 3.8065774206332503
200582 1 3.9281457960029385
15505 8 5.189118742407503
11676 38 4.160187335497079
53504 7 4.571436805805445
27139 4 7.473336373790646
57130 4 3.8551620614408635
25059 1 4.876424497161825
41349 4 3.5717496945110336
396204 4 5.094708436906714
265417 7 4.875509631172734
58314 7 3.5829970350000897
55779 2 4.698413688629067
12057 3 3.954794660251042
396123 3 3.9291387776206683
201824 1 3.7884559153307245
32436 1 4.199615043777605
19324 34 3.565718941744998
51052 50 4.008680170439014
200058 5 3.802545243948456
202876 1 4.427210223092706
27033 1 6.498512192970322
22927 96 4.1144646688440645
268733 1 6.003501409690826
36879 1 4.050088245999576
19969 200 3.011417395553962
328476 1 4.974523966272734
263704 3 4.763905335983155
17029 15 4.199245441251067
34610 127 4.932792573059976
132269 1 3.8456418480765713
132401 2 4.081698840599936
6640 152 4.504137751318204
22346 5 4.32827868306822
394304 3 5.114003303462738
29298 4 3.9587996088113835
264036 3 5.21772272387544
16220 5 4.558928896311141
50592 1 4.269741345918859
264903 7 5.139839477301232
61176 1 6.747735857758899
11284 6 3.9799417861793494
56889 13 4.054761904761905
38964 4 5.230019920254309
199005 3 3.8049297801291027
21360 4 3.587138714275963
201127 7 3.8696148814129727
29125 39 3.814877224785771
37449 9 4.72542424480014
10194 1 4.361672630720249
395030 4 4.489263657430017
56262 9 3.9336913902808197
44979 4 4.761426930096881
63433 1 3.752698273264776
5637 1 4.552428930310704
60132 1 4.116781639592699
199416 1 3.826715588068595
265314 6 5.29414470100176
20886 9 2.8315354049307015
34083 1 4.8326422326422325
42581 1 4.709801305856742
198916 9 3.7359718544690748
200325 2 4.576915807929153
132084 34 4.209149102469701
328037 6 3.737102707414546
26960 12 5.061146830893901
207165 1 4.6973068420471495
265150 9 4.305851770708209
29971 2 3.7797022340728805
15619 1 4.632055907055907
264522 7 5.84101766412356
209510 2 4.364728729455159
64267 186 4.517928160600101
57991 1 5.870561272942226
20790 1 4.657295858447698
53232 16 4.507244629890572
200524 5 3.888397802931984
9875 88 4.4947678272682765
136856 5 4.2147080621106054
22244 8 3.7065293385284637
266987 3 5.267682962124202
7408 5 4.788858852286911
7871 6 3.9826834954622248
267700 5 5.130377397922931
22436 3 3.803156809437598
265967 2 4.968945301381483
43786 5 3.8997866421472027
58923 28 4.008008243633595
263219 8 5.652383751457318
38710 138 4.984061290276468
3246 208 4.233062424666354
45373 3 3.977821741991547
6301 2 4.5
36903 901 4.866785983064294
58750 6 3.823135116717495
49843 1 4.9583136283074705
41173 1 4.384746685417272
11160 3 3.7585934404177745
61954 1 4.006142892277346
60437 5 5.258197198194866
8687 5 3.3240617331560043
58704 4 4.62500836169612
14521 6 4.022347049834984
262978 6 4.543039968483622
55870 2 4.836129509884243
36711 4 3.9219687412883233
54814 7 4.571185420044724
133046 1 4.976365526117486
3176 3 5.9903329636686
54839 8 4.0315671599980485
33660 9 3.8977259702755496
46246 3 4.5487160469342856
4816 112 4.049898073617588
50 11 3.9389972715425845
18870 2 4.344498632967302
266970 1 5.314115563405779
264295 18 4.0941432844215075
263214 2 6.017635079487501
12946 38 3.8262618585639725
267732 1 4.672591152803591
29249 1 3.751970683794793
138889 1 3.6611210356890083
27393 6 3.8237934887935836
53112 12 4.257218778941119
15172 1 4.8770677926342945
53854 1 4.469769879848538
38430 1 3.9375560734345614
397589 3 5.381348485357246
264491 15 4.082724917799651
55508 4 4.890274075685071
43611 1 4.396889772485011
22743 7 3.63954574247924
262890 4 4.691448835119816
62348 1 3.7368332991198425
50587 1 3.943881250917498
262463 27 4.475466763958501
60118 16 4.074160405232207
266750 1 4.4952985969816845
197953 1 3.63726546821785
41152 3 9.377812052545309
9051 151 5.092185524405532
262543 13 4.919866299601548
262418 17 5.6112926749401755
31092 1 4.874312988598702
46653 6 4.499285176174405
268886 6 5.771525456667498
136323 5 4.638265417201008
394931 3 4.052992706102349
45699 6 4.586080577407598
9810 6 5.095258036601289
56361 11 3.6599638538731085
46883 6 3.9596144901642187
196640 2 3.6600795368652514
268918 4 4.444361632994545
395737 2 3.8204978036012527
206992 5 4.340937523335064
199849 4 9.436947450060341
393653 5 4.16797390576376
264541 7 5.126808692265568
52387 12 5.044559554683899
31758 1 3.745596271624837
34916 14 4.7207971736793795
40015 29 4.220302565040747
11189 8 4.40206902650912
49339 1 4.1008195572135655
54372 9 3.7036898117068064
29276 2 4.339493709220905
27220 3 4.627307239429284
45754 60 4.071265262213385
267345 4 4.888710345694924
263317 10 4.77855738521344
206207 2 3.9657758901640405
38746 4 3.6185936208819593
8868 12 7.243214813050111
265262 9 5.116730795155928
136592 1 5.629059738838064
48430 46 4.5115412245844775
17371 10 4.155522025308826
267756 5 7.110376086302582
27919 7 5.0078349140444285
328232 4 4.657125856515876
49148 12 6.929289172786711
61905 2 4.12784510904367
35352 5 3.7846280679900377
8371 22 4.06207669801608
21294 17 3.06089536535846
263501 3 4.5524173920517494
205153 2 3.9100766453707623
51947 3 4.402226311368733
263494 6 4.977161082643001
21211 29 3.8297150713192214
13666 8 4.180543088509752
262959 4 4.649342114718124
10715 12 5.2217872038315045
28143 5 4.651602477930362
51303 1 3.931946240677768
34579 4 4.64943193140817
53738 2 4.186462767646556
133662 8 5.86710014953598
26018 1 3.8021912670434843
131275 2 4.85391574459719
33918 1 3.7373209523256867
50164 13 4.360227021427282
205419 2 3.978489235632093
54329 10 4.510907051804778
15577 12 4.187457413618638
39175 4 3.158033963158824
202920 1 3.8045179845608894
131294 1 4.40727937087543
205860 3 3.880061518826623
134001 6 5.1706272703071985
135065 2 5.2089212609692
198490 1 3.9886876365444124
54366 5 3.8030348015881095
265269 6 3.457076146326959
18319 7 4.329009416598491
9685 2 3.9356889494083496
134033 80 3.904437988387695
58309 2 3.7624101141418045
262171 1 3.202109347220122
53045 11 4.547814469417709
18242 2 4.888975872779859
60999 5 4.748322996185941
50477 25 3.8776119594340166
24751 6 3.5952928287412984
267349 1 5.4759421729865085
33680 20 4.359416442087108
266098 6 4.3296848383944475
38100 3 3.820359661690051
9269 192 3.1906016634742294
58563 98 4.029552111662151
26027 2 5.146823513751052
28990 8 4.495294331299753
38517 8 4.923589229583863
57588 23 5.3857619662226135
206066 29 4.186974769928166
16564 9 4.346479217146409
20521 73 3.8383195541489963
201468 1 3.8137665357441066
268082 6 5.485717722284604
61186 1 3.77217275466322
55587 15 3.934129224739538
31251 9 4.091529438778435
328383 3 4.126351664762676
16400 1 4.3930700361488535
22758 14 4.40365060646939
203977 1 4.609302017692822
31839 1 3.8214936827221324
203948 1 4.987333207571304
210090 3 5.191300488866202
267381 7 6.339110146844743
50633 7 3.797179949282981
267157 8 4.648692404064606
266605 5 5.230180307524701
204331 4 5.224458222030681
204202 2 3.7015073528666496
263197 1 5.710677946392233
394635 1 3.8174976291725073
11758 15 3.5100345465176948
262398 6 5.600442433837806
263023 2 4.582617338628498
16509 5316 3.1201014787923147
201771 9 3.7486405003138694
10347 1 4.434421618337874
266450 3 3.7830237042688655
34679 1 3.6368204182243593
268364 11 4.969981263242515
42728 2 4.783610405109398
36166 2 4.661590740039015
26940 10 3.9492545774644263
20799 6 3.112417168874961
268731 4 5.36021934980402
266496 2 6.0
137983 4 4.479568111159283
265245 4 5.5293216076960885
209938 3 3.911347041462087
50543 64 4.3200383195592345
201864 3 4.664651760167555
27335 1 3.8021912670434843
267845 3 4.129166668350093
395461 25 3.803356651508934
200857 1 3.0037329750150756
52331 2 4.744664392083316
32639 2 3.8822526552907433
265241 10 4.325350501458315
10890 4 4.935186265281923
262791 9 4.022354016927497
61367 8 4.648166722976202
133345 2 4.764676582102375
12220 19 3.528549919104125
22216 53 4.2341620284757635
46287 1 3.797707655417016
4759 17 4.514711615677448
133102 1 6.357013709698438
24066 4 4.415591994708973
9976 11 3.956065530099955
269242 4 6.329755179528129
210181 2 3.8029736865943766
19819 4 4.637183059978055
139052 2 4.960875456561847
37616 14 4.29051371673652
198251 2 3.7404602972022
28021 8 6.13541884953215
269084 6 4.7374962647476355
133384 6 5.723357611310486
22302 24 3.2798750579956377
2199 13 4.313472722399886
52588 10 5.190989434095784
52529 3 4.5638135061667455
