269124 6 4.456326355311848
46294 17 3.893383248024157
201872 3 4.089052881142641
37482 16 3.5549678416078994
198340 10 4.214130316499276
395879 1 4.809793425440758
49311 8 3.706152212176271
24950 8 4.268233069386342
28359 122 4.513166978052624
1149 1 4.18812165302313
14677 18 4.4216954314602885
269124 6 4.456326355311848
46294 17 3.893383248024157
201872 3 4.089052881142641
37482 16 3.5549678416078994
198340 10 4.214130316499276
395879 1 4.809793425440758
49311 8 3.706152212176271
24950 8 4.268233069386342
28359 122 4.513166978052624
1149 1 4.18812165302313
14677 18 4.4216954314602885
40001 2 4.018905191720531
45136 1 4.878662913025028
11490 2 4.469769879848538
12285 30 4.574917267743033
32138 1 3.8631587211419136
23503 15 3.8791111772968256
11695 1 3.803156809437598
54959 8 4.191622435586059
46873 7 3.9437984615947324
268862 1 4.050637173601843
202701 8 4.447255117490735
134224 5 5.815413207613249
132152 2 3.8265227905876906
28087 12 4.367961831884555
11636 1 5.243179648074968
263982 22 4.575625131414593
264551 7 4.488201739865102
52941 29 3.0823254767206305
61885 5 5.487645252654024
21342 97 3.9856984733508227
51841 1 4.63253101456714
5532 26 4.940016050629492
132562 1 5.1475150748960266
60202 7 3.5107527772999174
328139 1 4.752252266069999
47786 1 3.989083256507919
34033 1 4.752375451643344
137299 1 3.759314971382944
57233 2 4.62507769666222
42649 19 3.5332051851131547
265258 4 4.079135293829016
199482 9 4.011288810395953
42577 1 4.453694663088544
9150 22 2.9167838295359783
49488 2 3.7444941507868057
394916 1 4.48220360646469
57811 8 4.06260328886083
40720 4 4.031525270879495
265005 4 5.000877452992691
268729 6 4.941051630120031
34469 1 3.85322971532649
264335 3 4.609870929192582
266949 1 5.547931136642877
58108 1 3.819924171212086
394922 1 4.152203873788438
56050 16 5.175604302421075
268605 6 4.315106598672
38054 7 5.236355883075091
197155 62 3.700601302414396
48747 11 5.226161322252515
24081 4 4.245424493117692
3738 60 4.341250076746347
137048 11 4.525859261837742
22185 2 4.044607729131538
30407 46 3.9497597475623185
21699 42 4.125499906937482
138506 1 4.730915927331201
18786 6 3.2527978752513422
137567 4 3.952207585292878
44291 11 3.54457474313107
136708 1 4.338479575979576
37133 74 4.32120045462849
133680 12 3.985507593088059
53067 34 5.672385945789208
38692 18 3.911774728271124
198653 1 5.062794524699287
134799 1 5.014131703302475
269807 2 5.0475435806679325
199917 3 4.540420786575062
55992 30 4.929090375704079
203817 1 4.752187993777856
265178 1 5.192868618443166
50451 2 5.537752107494883
32137 1 5.0
24327 2 3.6098914276138965
8918 3 3.392067632650965
37294 81 4.339873533929184
45905 32 4.5920451372678786
206512 1 4.134215706372932
327899 2 4.59857886416588
53180 30 3.5234948987917636
18961 9 5.000148688262857
37627 2 3.6297771361314592
49278 28 3.965629936333191
54634 1 3.0418634533825677
263882 3 5.661928163373327
328120 3 5.143629249003543
12850 18 3.457961830240452
52330 14 4.5850482995894675
54169 2 3.852949424230213
39699 5 3.829750201502301
394832 4 4.479913723276773
203714 11 4.384620815299001
41679 2 5.662719819969125
59491 18 3.8025603889880606
205955 1 3.851758592325819
6758 17 3.315768400895099
26575 2 3.8038894101701985
201500 12 4.712034256664582
204895 29 4.199191177881896
29960 7 3.802920166720266
23957 4 3.624778374183136
41231 22 3.463649181014963
58487 13 4.355480403401916
37414 11 4.578393603573556
42151 1 3.820363815111714
60857 1 5.715805130090844
30521 2 4.384993598762914
4583 34 3.7037787371001207
52927 1 5.252893450670502
57800 5 3.940744683615621
209475 3 4.554700415223466
9008 12 3.4651850100660617
53386 1 4.0531705740251125
203021 1 4.713551033366702
26284 13 3.0426878740090735
268471 5 4.670664404444542
61863 5 5.200204542013849
135153 1 6.091470286691963
50577 7 3.7579417822954078
262271 7 4.595051463418328
22384 8 4.497567215854769
1770 1 4.49508177681386
61786 13 4.149173830109401
268188 5 4.636014187699047
23226 1 3.803156809437598
262373 12 5.471798461158288
54054 8 3.2449447787225227
62198 3 6.921881351027491
31100 7 3.759008725595587
40987 3 3.832668498686024
42475 9 4.017778797954761
60618 3 3.892556653924997
3214 62 3.0871518660819754
132972 2 6.016522488944493
204182 3 4.059548672780382
395567 11 3.811440632721092
55615 78 3.8222957730610574
27918 5 5.116742505067853
1199 1 4.959059713821619
49785 5 3.7316937640989147
26321 2 5.804331329593076
12 16 4.065528855685253
58269 6 3.822147464565847
268553 4 5.290676449110836
37272 5 4.040011073849223
54209 2 4.496212231196494
25836 7 4.202287794657801
49461 14 3.706282110790095
205042 1 3.7664844725769093
243 102 3.8446777284277394
35849 4 4.1294163225576215
41322 1 4.550431597229627
30862 2 3.8388279018913867
61793 5 5.088282887673088
137270 2 5.613067690445014
41108 21 4.65296995095125
132944 10 4.018758475062695
54210 2 4.186533105777101
267767 1 5.716962512036402
133201 106 4.136105406668498
53016 19 4.3680357532148735
48829 1 5.066285008551018
27281 24 3.4966144816113625
52987 9 4.350336165631752
48960 3 4.547562762656415
27632 7 3.7015780449265905
197214 4 4.564537452275162
53594 3 4.290017632875989
19738 22 4.518449505319858
42861 37 3.0315816751433293
49120 6 3.59173631747714
45610 3 4.233128583387634
397304 3 4.262292835397249
40285 383 3.9369733067191146
328178 1 4.7362594694361615
59630 6 3.5382940428390564
1929 1 4.6596516100210685
16273 9 4.9324491817587415
15038 6 4.470621510588223
19782 5 3.4754894908909026
396506 1 3.818671147012691
61220 1 5.178851466905654
30852 3 4.9052991091326605
33517 149 3.6448155671106575
393732 6 3.9221633789291186
28080 5 5.13212768508046
59444 7 3.814073246188131
53143 89 4.536133344608883
51718 4 5.317879352449861
263927 5 5.359868930890248
52815 3 4.742332225781705
269463 7 4.929556801618132
31463 83 3.180522676904865
26848 7 4.099253539234524
47624 2 4.902671428643994
8882 1 4.1275922956595235
41199 1 4.584151518675328
328284 6 5.058337899101446
132346 2 5.808939393573672
265446 2 5.142583726360493
262613 5 5.973376910153809
61796 7 5.362969781288305
200924 25 3.165747814074162
268984 6 5.037585570135651
203475 1 4.896308313106343
262637 9 4.429187662274036
52702 16 5.456883710305097
50758 3 4.973577444904477
23875 6 3.9566325103405595
135632 7 3.998768741179455
53345 9 4.010467995811961
31931 3 3.826416177046171
266599 5 4.448187126419936
58272 25 3.5905642713268215
138620 5 5.341782617752852
49987 1 4.648019436932016
17064 21 4.358118086887826
64050 701 3.569625209940946
42550 1 3.834352023637738
57546 2 4.794567871160646
60140 16 4.393404160976797
393543 1 4.409920193836449
262886 9 4.025625138800011
10583 12 3.914361548524772
60200 4 4.361396772271731
136698 4 5.7870972908808795
133461 1 5.747362124283306
206885 8 3.5317971373125543
63243 2 4.215607227099047
62780 2 3.946128617916624
45026 1 5.667683942263774
33623 16 3.682678382487531
133250 2 6.0159663634900635
38143 15 4.671543343387466
262402 35 4.3732705261773095
47998 2 3.0977598023176194
23383 160 5.894065751829881
267160 3 4.544906327031809
55228 2 4.443786534638666
18268 10 3.6309136224260308
49741 1 3.7703419468396424
7926 32 4.609178534595336
28878 31 4.191853118555268
12357 1081 4.442276629249947
34049 7 4.334392890981197
61842 3 4.039358853599593
53698 8 4.360044193679445
266134 2 5.862230269986848
20746 314 4.957361882159371
48516 1 3.817705310562453
264672 1 4.516618347899136
263166 11 4.277736281330194
199899 1 4.478635022385022
262770 23 4.064719004888349
62618 2 5.0684762501421945
262170 3 6.092507507093452
264859 4 5.2207349197661195
62067 3 3.8154930412502317
50861 1 3.753861807272917
197343 13 7.689932085621733
137642 4 4.338808325713089
49601 21 4.4770192131649855
48070 9 4.8061268478252055
36435 3 4.737680546892709
265044 5 4.673777576384701
132547 2 5.630519875820629
11601 2 5.129095324896046
269092 7 5.012950738982997
2121 2 4.047304540100699
206358 4 5.914217827394847
269840 4 5.079684068427684
45736 1 4.903790956808197
18780 5 4.144764339297653
44384 2 3.5231959801130572
53238 44 5.127275403889532
3311 4 4.560925236383091
395233 1 4.329851745590662
47056 2 4.042761261461622
63447 7 3.9006397646733344
28503 3 3.731539074607172
268023 4 6.048886743223653
36295 30 3.8851667088519988
198770 16 4.344597551637224
37942 15 5.07100528310709
396462 3 4.339939138637955
31941 1 5.003409437062967
61068 2 3.930817515481381
56628 2 3.819931017831922
57623 1 3.855038752451649
262527 11 4.3540626355733405
53856 8 3.0261423733832395
132995 1 5.565936631710442
37567 2 4.381728383821979
200760 5 3.596663271909864
56669 2 4.099356710309091
60729 3 3.4886635812808
9449 34 5.6313699723732835
262542 29 5.704590058809366
11478 18 4.267767966758545
264599 5 5.679108115799882
57536 3 3.9699420159008887
33883 5 4.2940890816650175
262985 1 4.563991986045591
24872 8 3.6794594914771146
16710 13 3.929074299545679
264328 10 4.476376111403858
48115 6 3.90892086838142
132752 1 4.6069073461930605
59580 1 3.932049312209411
44954 1 4.865170156241586
22621 3 4.46113442731122
57009 4 3.676131170225078
197975 2 3.6500695732838593
37709 1 4.701515675530454
132453 25 4.099386751324471
56234 4 3.7636813877707516
208912 1 3.6125497619776974
136979 2 5.787870477445058
9587 60 4.505358393397671
1313 21 3.8176164173954845
43728 3 3.6732478513407756
48006 7 3.7916158934121262
8141 7 4.576189393844188
135688 4 4.677391283350586
45045 2 4.5663492493400755
203646 3 5.15240380583794
26298 5 3.8098233293034918
49333 4 5.29674588031077
16896 3 4.776286262899548
266460 14 4.035544494978042
132173 1 5.949595210348564
55967 48 3.5605620853603765
21464 1 3.76790552862998
26840 4 4.714319605570383
7362 1 3.7830975036640058
57944 8 4.114870005571149
136624 2 4.651799730771118
12772 288 4.345451252324492
199524 323 3.2706287412789523
264340 5 7.015849921028493
10161 1 5.307395399002116
21889 145 3.6628067194073024
13693 58 3.8496899682642756
63287 5 3.97235388430865
31557 1 4.979222163807248
42220 15 4.533258437111997
267960 3 5.373518630719038
5715 71 4.571093708155437
52755 3 4.357007406124581
2518 37 3.379236051235741
32342 8 5.140264808082236
6461 219 2.811358140141022
264031 8 4.394205767739562
35985 20 3.5916766345679796
136445 4 5.562402502212184
200534 1 4.096986698479236
136154 2 4.638066989044625
7645 3 4.137133660693121
203293 2 3.7529157490311875
51467 1 4.050680007822864
35790 16 4.6474662975288386
197100 2 4.395338635694984
268866 10 5.060655332213668
135328 5 4.137460502875446
45348 30 4.945595120007863
3431 4 3.9465230369153907
138368 3 5.646095324582021
8414 4 4.016166230828111
63129 4 3.9873014140738303
30324 3 3.9318367867231014
266686 4 6.119039408866994
266089 8 4.490502925328
14467 4 4.77028841116101
263631 3 4.842341828738218
395238 2 4.557583391731633
131475 4 4.490832476928637
134352 2 4.63157437687513
132797 2 5.195999846046584
41973 1 3.971294331466746
44507 17 3.7203812533751686
134548 914 3.606796987050246
11315 55 5.080183924827938
133429 2 5.3467782398405
45502 2 4.9147222234848
24863 1492 4.824079089933142
10015 3 4.541696731163967
39067 10 3.0478081790931837
134367 1 5.166765687332189
24811 6 3.5387627366278607
34773 12 4.149932776863165
63186 18 3.069320108518958
204905 1 4.797284005875718
47535 2 3.9149886593726095
49166 1 5.131734508664231
132994 2 5.0861085187793735
60304 4 5.01985057177519
268952 16 4.338228480977105
264571 5 4.57236431514295
30911 2 4.056165274475132
204179 4 3.7511717991765203
328435 1 4.834377831848226
200276 2 4.919430311153928
34077 2 4.393243804476896
135269 5 3.594051240398873
52766 24 5.426648526996028
201859 3 3.67153999692875
57878 18 3.793496870066965
53064 2 5.231618348022706
6831 3 3.922084184142984
28331 200 4.073532646731779
138180 34 5.35937404091026
22625 15 3.791426526481234
201427 1 4.09911178032839
54308 1 4.8928274298225025
199675 6 4.0709552080270255
52700 7 5.318752604374429
29517 1 4.485261167404025
57704 34 4.035737431092347
270 97 4.839130495586743
26159 6 3.8344616723983784
268401 3 4.961929503845152
13548 3 4.236387252670121
17435 4 4.942870183637793
57560 3 3.836242842611168
202901 3 4.165887237496433
133232 3 6.012482558796188
17645 16 3.8298515792582015
269409 3 4.860679032893314
263990 16 5.487404587960559
25807 6 4.33105054332034
61763 16 4.8220018155587265
201138 2 3.955938655496373
200814 4 3.8262269654177907
51917 5 5.864589343445969
11436 1 4.150507617724367
6907 5 3.8292737327299706
4277 1 4.776891960438758
34837 24 4.829888206046603
132354 5 3.7618316039727366
269069 4 6.112414165349973
44724 63 3.8849976812704807
51850 1 5.320493527636385
266058 11 3.8093037405498342
263376 1 4.30099748181029
136166 2 3.6110969319873427
267953 8 4.654133220494216
62770 1 4.258637514343589
22445 5 5.09808381653846
44674 1 3.938434246671574
59939 10 4.0837336355799465
14805 24 3.812804857802715
59618 1 4.469721005168681
7594 45 4.804805918822255
267554 7 4.418495308878872
265868 3 4.747330316668372
206046 5 4.301070797596725
31612 1 3.9523393053154954
206652 21 3.140632143794027
53996 1 4.162389590279574
202354 5 6.409702523329703
34966 8 2.971432372564722
53747 1 4.802266115958578
264837 4 4.469008520866284
35566 37 4.83746930805415
59545 9 3.093301547778643
18845 9 3.519877657008975
51737 62 3.998309334603703
10461 15 4.095100390412997
267326 8 3.777627247385586
44409 2 4.870733364629044
263035 16 4.322474358330459
52824 25 4.338011547531555
205657 1 4.184759200855661
50075 3 3.712244700392786
13326 1 3.7842682449825302
61966 2 4.984074983729362
265515 35 5.466762764988364
50982 1 4.353475485166782
10031 4 4.236159103399588
132827 58 3.9451689086446144
38 13 4.831599755143461
199896 1 3.9072293184001032
8659 15 3.7811641039989996
17927 9 4.18593213052323
54682 1 4.433413807806255
16255 2 4.973165371905912
328227 7 3.878212071741687
35365 5 4.418050403468836
265064 3 4.549283634018703
268421 6 3.7538559629784243
18641 4 4.025918828755447
268911 6 4.868227531375741
33024 5 4.355208746721148
43459 2 3.7815554871725343
61315 18 4.061229832642049
205957 2 4.684861153182128
12819 6 5.84317398281073
396979 3 4.522263829818967
53009 10 5.412878463335967
27949 1 5.733933436720793
44761 2 3.746702884972671
28103 6 6.238305986155214
137315 2 3.9487767835455365
197735 2 4.457470296714482
266003 22 3.9405828263862497
198445 1 4.10688330316521
61718 5 4.659150939587055
4195 20 4.253692454797647
265954 7 3.911161898490602
62255 4 4.595989579572467
39384 10 2.9971890136066315
11667 8 4.776942153317332
134708 15 4.670755817148456
262299 12 4.9819076401380125
63199 316 3.3973448484462456
394381 9 3.8011527284861186
10011 8 4.012969274488101
29072 39 3.814513049334534
7341 5 3.0130365463062794
6354 1 4.87584788483406
20060 10 4.773619036581685
36426 22 5.30259723401417
51729 1 4.8601716077943635
28097 2 4.734043375283113
394019 1 4.433689017605273
53079 1 5.725985398796459
41204 80 4.072581617474349
55190 2 4.335918347297657
138231 1 4.9067624046886715
41685 2 3.683908503967907
134732 33 4.197855833929634
61519 6 4.919043286213601
33422 13 3.7814054044200174
263364 1 6.354383315097602
28591 6 4.565731297192711
24638 4 3.137804155552949
55715 5 4.367733516479784
265920 1 5.317836943206402
1568 3 9.492356104041578
21155 33 4.235719632176083
48112 7 3.6305730422271174
45447 5 5.776789563431202
30459 1 3.7987168915740352
263765 18 5.611000448791039
34849 3 4.127250774766036
394540 8 3.8511739734568353
197738 3 4.691754023497601
8283 13 3.160853173242396
47815 3 3.614975162632693
5837 1 4.083333333333333
133354 7 4.612183322389549
16620 1 4.450405052363577
23336 8 4.004427000733675
59322 9 3.981578644325124
39862 7 3.8072979892351775
58037 4 4.520154837680818
263426 8 5.353840954488508
21234 9 3.7105231781625254
6267 14 3.941754416784531
9183 5 3.614543213211383
26225 11 4.179757610943065
28270 21 4.36115827060259
202564 2 4.5824597318964475
46748 1 3.809288800052347
63851 3 5.178267341003588
40397 1 3.752698273264776
53156 2 4.399088213373927
50304 83 2.960148151248785
29303 12 4.10318628413187
25093 2 4.276762525013756
264078 1 5.351746964125798
263750 16 4.607242833547484
35580 1 3.743752121747513
55415 5 4.223224662748744
263264 24 4.851934309096503
23695 12 4.840184227086037
6223 8 4.503542971734603
203621 4 3.594071959268038
17124 3 4.514285714285714
55785 6 4.097101643207632
35484 1 4.549025873185032
204823 12 3.888487687784042
53178 6 5.159224760209713
205331 1 3.9223860070634258
132962 2 3.9159507125854627
13117 2 3.986057857486429
138093 2 3.684567987094079
42633 9 3.9205620010273643
36867 13 4.947145533560873
44530 2 3.6124992745223006
62259 4 4.060241894368409
45925 13 4.410812899041481
202921 7 4.617990202077018
47748 19 3.9829770514776834
266312 11 5.424146517741678
327870 3 4.214477939369485
49466 5 5.26957386727395
263723 1 6.055568310657597
9246 13 3.574708038794557
266278 3 5.045771362116586
54328 3 3.041459786478898
43175 3 3.7539590070595574
197498 6 3.696313753321113
267864 5 4.711363136951153
32986 2 4.413923987771914
29585 1 3.7771269718424296
18883 57 4.016966593648481
267703 2 4.778479927258071
42768 1 5.794844015739223
197999 3 4.814962277943147
62509 9 3.8119996963695955
136083 2 3.647512077894004
30943 6 3.914325033739643
52613 25 3.573251613512802
264506 1 4.12411116524417
266061 5 4.7835854168947
48236 1 5.028665908204393
35863 2 4.770352494765466
264252 5 5.3887367016412915
18495 6 4.843065197986389
35132 17 4.68827353937683
39606 1 3.983292236626728
8207 4 3.7604984173423697
136873 6 4.109496667888216
52564 13 4.995452194298506
205667 1 5.590699423190006
43929 1 4.809360875117177
203540 7 3.803358735568064
14894 3 4.305220050885076
1811 18 4.201726116963347
33028 19 3.819681928617887
44934 4 4.075885604879933
40096 1 3.73328253574559
47040 1 3.818671147012691
41541 2 3.601814737589556
200854 5 4.596579968494178
264569 5 5.87600968016216
36548 18 3.9397766267334617
135225 9 4.652758645042143
267014 6 5.340977373719771
4822 5 4.336583026540422
266300 14 4.110038360002638
16897 1 5.356791269911139
202513 5 4.228118466347963
55773 1 4.40383646457538
266492 4 4.753796019837522
35344 4 3.7426848849811414
134908 1 5.517387553101839
19138 2 4.505369614143815
48804 4 3.5380025701496796
397781 2 3.0139452343554916
15511 7 4.988372046320558
56887 4 4.813928420103536
263610 3 5.146474658986314
21050 221 6.042186187853219
137257 4 5.112658710725685
136844 1 5.39197028751216
197385 4 3.9814448385294687
42625 1 4.3297812037244645
31354 1 3.8536044046412714
53943 4 4.08709492733864
8841 2 3.654358985032359
5758 8 4.212200483401525
209808 2 4.654186806301468
204327 1 4.88296304523263
58976 3 4.160923626869743
203085 2 4.364792264393141
42385 56 4.358636913975521
59456 7 3.694320751045251
47915 7 4.018334721100346
22537 3 4.210907127192792
27051 28 8.457500741944768
15113 7 4.169913187275132
266292 1 5.310723093728021
268792 6 5.160778664501923
135387 10 4.75996473828284
197929 7 3.9652518110046913
203990 2 3.9909888079091953
39155 62 4.039528431262418
327844 2 3.707117187347226
201646 3 4.236105598447775
262459 7 5.11991397726979
341 6 9.464292033952304
11212 3 4.729250457129162
7048 22 4.146571563575436
202479 9 3.93923691676127
24823 4 3.6894673237686995
139032 2 3.9361379961034335
49931 7 4.406098515310594
9494 32 3.9371548688448437
199766 5 4.8420632510556905
266517 24 3.965250266507193
39965 1 4.504177481583064
57043 52 3.0195539773156317
51605 2 4.181300630377176
39229 1 4.337626025920036
45326 45 4.588360683378913
199544 3 3.6680818951145926
264341 4 4.543552494657215
3943 2 4.983425735546116
4138 6 3.7832375802125404
31238 1 4.961673032313427
269749 4 4.545676503823121
6253 23 4.535940148546481
136215 6 5.691067324162948
60092 10 4.253545322255647
15698 2 4.206316921706011
268737 4 4.309152407000523
36314 1 4.513247796000458
266761 1 5.959964406146672
264921 5 4.583197232318383
135627 1 5.869542150686543
197297 6 4.570048156612195
59817 2 3.975382237026904
40766 6 4.042402717834522
263031 3 5.598788776695963
49009 2 3.1967538625213074
269775 1 5.047573417163935
47186 1 3.7505670344423008
206089 12 5.466300729693588
200121 1 4.105767778675561
3714 9 4.857985548579085
61724 6 4.348261288591265
33940 2 4.051326667081574
18531 7 3.6555223755971062
13079 1 4.070380743595029
26010 1 4.434421618337874
265652 2 4.955159419552099
265224 13 4.997264129279879
45237 19 4.686295486481349
12732 13 3.7712172376233983
46395 2 4.209309544767486
206801 4 3.992313598375715
1913 3 7.498512192970322
26176 2 3.9584068378871686
23600 15 4.336336144065572
134182 1 4.184498936483384
54056 5 4.386511281730494
42939 1 3.6384051134051134
22014 1 5.230428547916234
263373 8 5.509159380438677
16298 3 3.1705065726428305
289 2 4.482815392043185
201012 8 3.7658118877924585
57992 2 4.395925140922817
137551 9 4.23130584044353
265130 17 4.350654772719627
28062 1 5.820007162187991
135678 2 5.2539071481850925
267641 3 5.064363009906055
36075 5 4.408234234528191
16886 5 4.922686543826612
28099 16 5.054132186913956
1489 17 8.468965633061265
63844 8 5.065945733108723
27839 56 4.132924003086656
395313 1 4.4080802445744975
39426 1 6.901617499236549
26883 4 4.203621686485245
31257 17 3.707851844461134
21058 16 4.141884581124131
11375 2 3.80191077909972
64104 0 4.25
1803 0 3.0
33506 2 5.068095613962018
50676 15 3.810922383011603
61322 1 3.831268778657942
204507 4 4.27135952956623
27589 21 3.273759927338468
27899 1 4.638705694847936
203653 4 6.373180848073087
52343 3 5.695150751774735
13588 18 4.1385629147570615
10102 6 4.00064095825778
36969 42 4.410431209876224
395078 2 4.2001310748421
10227 2 4.685405161102497
41468 1 4.355327741042027
19197 20 4.136935983973927
132219 1 4.479325494565642
45865 1 3.949873366355986
263518 15 4.212705666719635
29773 6 3.8955924892689264
266010 2 6.525494336940446
58143 8 5.770328875563635
209043 2 3.9871289789477697
269129 4 4.161507237150029
266498 7 3.9831597924907576
37565 4 4.777179054723321
31020 1 4.10613308649023
207203 8 3.5524943087269865
32922 14 4.540340536796673
52376 8 4.033070669991634
4270 43 4.809584406439283
209737 53 5.399706713800522
203964 8 4.089740191285251
202676 9 4.838980184408719
26342 9 3.899961376054342
11142 4 3.047226377393323
263404 4 5.619348338406221
30313 17 4.781948022264332
138850 1 4.227672500141711
63499 1 3.7574319337856203
20017 1 3.965807859482047
12301 230 2.961469787380687
62495 1 3.8129804016728635
268352 6 4.692780837304284
199764 1 3.775867803059922
60241 6 3.584157158570186
268074 4 5.098846932234265
263122 1 4.262455460066297
44142 4 3.941507551652929
205963 6 3.9651829859871284
32189 3 4.455561839891341
266790 4 6.151244736788809
265403 1 4.270794212173523
266493 8 4.59554244938255
268922 4 4.750646977901201
395826 16 3.7544558684360347
203811 2 7.210294156100761
134686 2 5.210276520238715
43456 9 5.2278858040746155
327917 2 4.613679909616332
136038 41 4.579776286091642
132197 11 4.70277292494507
14843 14 3.906314317996771
210275 3 5.299481435372974
203445 1 4.875169827435837
138495 2 4.628497478908957
199895 2 3.944528154896819
135267 9 4.631582422382688
43285 1 4.983857062638576
201443 1 3.7672864081731077
15605 36 3.2555996438915153
206982 1 3.6508255703080996
1715 8 4.436000012716966
39066 5 3.7982715254764203
206373 2 4.0424686460747825
61005 12 5.242822428890184
38293 13 4.8388648732965605
132322 6 3.660217496243573
198544 1 4.8125719995742005
10655 19 3.772074377436643
58095 6 3.8660358990533825
48854 28 3.981936928670134
15989 4 3.70195956661474
262998 8 5.333889183714485
52739 10 4.719599860575463
132976 22 5.161660726775116
50459 2 4.394231031471191
22586 4 4.089154624933392
208617 4 4.1324801373540865
13825 26 3.564319397057902
41420 6 3.779952495306542
203539 1 3.8892195767195767
32021 5 6.118638415960075
264689 5 5.214290094507705
1648 17 4.078677740453178
57757 2 4.259457240916146
31082 1 4.080182014664773
204209 4 4.8409919701115225
265651 1 5.748004991268538
263422 8 4.62016786812414
45668 51 3.7434152777441043
63890 4 6.389185085305529
262965 10 3.930571910952677
134949 1 4.848675851110574
265909 5 5.035991903536619
201065 1 4.406238422629302
19058 53 3.82036741312512
206020 3 3.8529266200645202
61710 1 4.7484551124257
13046 34 3.6905112676508374
267595 7 4.4833411955090625
36968 35 3.765187504432876
200689 4 4.27262785545468
34975 15 6.055376344086021
44128 23 3.616503299973087
44627 2 5.1968422996729045
131743 5 3.790265206601829
44265 6 3.5523634002647744
22603 2 4.132968221278917
265685 4 4.749542689681237
138472 4 5.999942801161107
32379 1 5.002617934883945
18704 7 3.9926790431943093
198470 1 3.9769113193781322
5416 160 3.5781363973268094
133657 6 3.7008969807486842
206146 21 3.822370575477144
267443 7 5.106845964824704
267514 3 6.1842732511277365
22257 2 4.098089735005798
6494 5 3.819016409545832
15899 17 4.746827158075734
39493 11 3.5769075209353907
199951 1 4.3393445218234
25374 154 3.414242152985498
136715 2 6.380877375123605
32579 1 4.199924258372533
16365 7 3.7599915955185206
262993 20 4.6820154755533325
23991 29 4.488687081494018
14434 78 4.492818044252777
263245 8 6.230882668578002
17113 47 3.1808236162450716
267550 6 4.567931174216319
395734 4 3.829937930087208
48915 9 3.652377613885552
268259 5 4.402822547722447
199229 2 4.213179638311333
137014 1 5.260668339239768
19443 26 4.161843019852235
49860 1 5.294272254356288
65536 7 10.176297194012747
47987 48 4.838455954969662
32061 2 4.590295187924862
52528 15 4.453276402519777
37594 9 4.345982317886485
14628 10 4.403966164175708
47925 1 3.892672014791831
252 6 4.789828429937878
132032 2 5.590084969844154
20137 2 4.008576201971111
25746 6 3.804770166907307
21814 6 3.937607159907468
6360 7 3.6260575241016837
50516 4 5.111087650126333
63442 8 3.379916448358402
59475 6 3.761782609940783
135100 6 5.549267992611097
21213 5 4.340136527942476
3212 39 2.985510968416159
24858 2 3.751550185920352
268338 7 5.591965525777365
269431 1 4.3654179473145
206048 2 3.999557583328593
263579 15 5.394791000194692
56183 1 4.753501400560224
133581 2 3.6892158693351806
134644 3 3.8598964704529473
266897 6 6.721039089311949
264301 8 5.464942017002078
7127 6 4.17951325759934
204516 1 4.648145364032064
30102 3 3.864508753820348
268384 4 4.49874761226374
3243 14 3.7408383445149194
4648 184 3.3600054311392324
25940 2 4.538569726896781
267140 6 6.0543949241615636
58507 35 4.505377428826298
201845 1 3.913898929624736
46340 3 3.7115386226004947
46847 17 3.981059634622775
202779 4 3.6978986928491357
42841 9 2.9651770588885733
265273 4 4.774261231969306
131270 18 4.727654382118256
52759 1 4.9684082548137845
52393 3 3.9562824663665
269088 3 6.076865354731992
60989 10 3.8965719448385077
136285 2 7.017022729444733
262496 18 4.403767077559857
30998 56 3.6705952671795576
265880 3 5.647547293703404
3585 15 4.32408620812099
8726 3 5.016121037467423
205701 1 4.340133030679249
28750 3 4.373522677268431
15180 5 4.642702082521463
134938 1 3.5757263514704
14487 5 4.486431892510846
30238 39 3.6827651981698244
267888 2 4.76012639631195
15035 22 3.000848179244991
54548 10 4.256437952430848
5403 21 3.6240330381689074
14860 25 3.1351615226635112
29650 6 4.250238311320379
131471 5 6.089815644867143
16934 2 3.7819134613928806
24016 60 3.8072469553106627
209519 76 4.162249652277891
28330 24 2.9790004734994615
38516 1 4.049189303723405
25515 16 4.069366562528056
44917 1 4.00471704434838
12298 3 4.001624561921827
268315 3 5.494848599568999
52494 2 4.74983921685385
264297 11 5.392509106373245
63503 1 4.907315733588311
20918 3 4.037406905264048
27781 35 3.6657984426715067
42940 2 5.810019673641657
10821 14 4.2051393525315905
49327 6 3.740768774844195
58243 57 3.0175332574934983
49283 6 3.5874264617389366
29152 19 3.8215207228231547
23138 40 3.1710346972338113
16838 5 4.420508554484887
44556 1 3.818435779429916
394551 1 5.359831880094607
47282 2 5.808915125437059
264455 13 4.767236353873589
51407 189 3.688751484925999
269041 4 4.793009898759277
208410 2 4.772258446758252
37328 1 3.9402589526274157
262237 36 4.904217460169303
264291 1 4.383524016881981
395491 4 4.19781411361533
42248 22 3.8478499999335543
31746 1 4.734466317574159
56211 1 5.012587216043702
23332 2 4.216490404322916
36953 12 4.403679527304278
28254 39 4.4858744368001044
25569 1 4.191045323226582
25251 9 3.900987811699361
40835 2 4.462364796001905
394534 11 4.987466161174145
42070 1 3.9084603227460364
47487 5 3.7295774132552557
62236 1 5.125962335582151
3968 6 4.5655499391573375
15765 4 4.486813861153778
32446 4 3.8068318448377663
22535 3 4.199693323995258
6738 11 3.3568969714277084
16783 1 3.9499338256918213
5081 2 5.0277897593364855
59877 2 3.59876560657395
203789 7 4.6212418483331374
38567 3 4.242654781318303
208246 3 7.240522256217743
131216 5 5.317888355678808
197726 39 4.269358783350021
48066 4 4.9071122357953305
263929 6 3.8161008566382124
38703 7 3.908512696091163
265633 1 4.394555241367837
57563 4 8.070850190319392
5438 133 4.950937583951343
139303 2 6.534759539111214
263041 8 4.151188120167787
62352 53 4.029699104016227
37934 1 5.021759596413743
50672 1 4.33646714837191
49996 1 5.074530448624266
28248 5 4.340560260799258
64461 1 3.8138440274096967
136305 3 4.60720179919091
203212 1 4.581343515087357
57564 2 4.786556310349935
30860 38 4.106075171494031
393822 1 4.199615043777605
262343 37 3.7147281086829094
59693 2 3.5945412551509657
209952 1 4.528297988256123
22498 5 4.113701659548267
50838 7 4.669476865140427
13652 10 4.576785628439759
7809 6 4.476052730384043
268432 3 4.474563743394715
133231 6 4.0739312426397225
195 24 4.637682774592702
56042 74 5.057074051357718
132869 4 5.534713383332185
55081 86 3.4679603537736603
38998 2 3.8542563119055457
136671 4 3.5777655930929746
57856 1 4.574037999038
4913 27 3.966191820821834
262605 24 4.263902925286147
268357 6 4.984499662870209
48247 1 4.116743776363592
22950 13 3.0412261675717978
137854 5 5.706482429859703
395470 2 3.3632273713018614
13636 2 3.5999340606483465
45410 14 3.7109683591144345
269174 4 4.420459446655444
266551 20 4.447292129298431
327983 11 3.7107338111261843
62161 12 3.966806930443294
37105 41 3.698364140883179
54761 5 3.679124754027246
37382 1 4.4969653453643605
46030 33 3.867366539154124
135634 1 3.845540228256641
202831 2 3.487597222009213
17799 28 4.041958049531307
268673 1 6.065031925746211
262530 10 4.294312665065712
30148 28 3.8300851379130814
47332 15 4.12321992153249
267497 4 4.212702513687735
54072 5 5.438074851662928
267519 4 5.130907384518336
18756 22 3.8062503230288276
52718 6 5.116414242583566
1476 2 8.47464508184847
55697 2 4.242414375616399
133317 9 4.277902531188394
10569 2 4.86694769159695
50284 3 4.718483682364775
45501 6 4.01928582420494
29407 2 4.126182889492689
198269 2 3.7964774367089884
39663 1 3.9711839307077406
2089 2 4.4857192276705735
48886 8 3.5756436423140214
59895 4 4.656296963426297
34944 2 3.623663797968821
38539 1 4.450117271789098
397012 1 3.8021912670434843
42439 1 4.804741251201995
134985 1 4.27545988038599
266786 2 5.731843375106921
327846 1 4.801283895815916
8047 28 3.582734138581241
6428 23 3.917033480104577
6407 270 3.4426179510756305
136565 5 3.075831871289331
33267 4 3.8499318879465783
45850 1 3.9433646490194096
397285 19 4.488419204970329
41413 2 4.505708721287793
328344 5 5.378893761469897
13918 1 4.068582646733907
13506 5 3.7911010294473226
51597 15 3.787559273409064
52804 7 4.307714250209138
56099 14 3.9904547103004666
23246 7 6.021206535362321
51044 12 4.106011047005949
57050 9 3.678684077303491
18666 4 3.8099799908350542
202169 9 3.7244724458273746
262154 8 5.044309529606792
136357 4 4.338860260660857
51348 1 4.654050711193568
56532 2 3.6217619551611735
20755 9 4.106424361912965
34066 5 3.321868558452743
39458 34 3.8873974606629234
52030 15 3.5500785945260005
269228 7 4.991060379006437
134937 25 5.052221523313855
204297 1 3.633842013884031
204722 1 4.366480657825703
15297 13 4.671903176714415
397999 1 3.803010163577626
53780 16 4.04578596845454
267177 8 4.284839785271609
57941 1 3.9006812962170105
200274 1 3.822591026689993
131458 7 3.990191982016602
133684 4 3.592543084043638
5425 33 4.0099746499958355
266646 8 5.3236345733364345
52603 16 5.692470310088185
26307 2 3.9870133052728622
4857 34 4.4281826723464315
6782 16 4.234595937317472
327812 4 3.597645732729766
50829 1 3.8309338303405682
39462 1 4.523375247534911
5726 11 3.8263594372794127
54543 11 3.0295768623517803
60413 1 4.342659589088162
48768 14 3.9562974922446714
57026 53 4.403974330071689
42405 3 3.5088320290201955
18194 4 4.903183198715588
45719 8 4.320479192124576
10969 4 4.908973705619401
134030 1 6.0173453257197105
206755 2 3.724118960371385
37405 2 5.432911207527184
136937 4 5.682915955427702
5957 4 4.708336818620752
45455 22 3.9784911945449712
14925 7 3.821070052807251
21161 7 3.4316779688603316
60367 6 4.018292606966098
33005 6 3.811486203823268
268929 7 6.626184191244459
134003 2 5.724935556227321
17483 91 4.843160659011851
266156 3 4.972285288735431
39485 3 4.312393050310866
265562 2 4.9577600987136945
63164 1 3.8129804016728635
396485 2 3.8673270019038353
264774 4 4.494072279597462
198906 2 3.8589924378091314
11936 1 3.9810049339826454
267975 3 5.950343558832963
133663 3 5.004219567735889
63757 1 4.172341604958175
17849 56 4.961290764972309
44921 2 3.970772143356177
37197 21 4.920507500743459
26065 1 4.675883671257499
55087 1 4.939163824681065
34815 4 4.850567650122711
25096 1 3.704709533280962
268851 7 4.4180400051457545
45324 4 4.758391398293497
15119 1 4.001580562294848
133396 2 4.738606407822547
30635 7 5.011448010361859
262516 16 4.113719353077961
394742 2 3.9665622005397294
133168 5 5.653281483898601
328285 1 4.57496114416094
39744 4 4.803190536025945
15354 2 3.7702995212231665
18494 40 5.472544751144503
12161 9 4.0561647821928535
137813 6 4.47990320390235
40459 15 3.9297625190790875
138585 4 4.464883028416864
6807 2 4.018306539803604
267826 10 4.570146817758619
264852 4 5.512007541889744
43741 1 4.734250971370162
37650 23 4.755645449115741
131741 2 4.130072338173845
23319 2 4.36876232057467
40002 1 4.219330066419094
137040 4 5.102033374194557
12975 230 3.440564645309764
11402 50 3.8120798716611817
267720 1 4.742224610934587
138063 1 6.160402994267576
55492 28 4.609289684711357
62468 264 4.568173439625707
32337 8 4.321569166152126
11211 2 4.9228508390290004
204735 4 4.585631058322612
14987 15 3.9337790273494413
59658 3 5.179532191820674
42009 5 4.065372851008376
19329 3 4.4491811353232
54116 5 4.368516635351575
268419 7 5.538885065754228
23822 8 4.405586133344949
199453 1 3.988135321468655
207014 3 4.803188206611852
268685 9 5.42234007551399
46177 7 5.4882530411431345
201887 5 4.608429904681181
13572 5 4.293251216818843
44702 54 4.873862782557259
62242 2 3.6476004319705946
57292 13 6.423611325392991
19464 3 3.5344278789121697
137623 2 5.101980300026303
33356 2 4.768597218707072
5080 31 5.0850844305097045
39906 15 4.190423131197546
41628 3 3.676317285576577
37599 5 3.5405698108202226
56077 8 3.9289521068237994
43478 64 4.357740033217698
200824 3 3.450182193950112
11924 46 3.824197760651213
59370 3 4.618487331976238
137204 4 5.141426073739605
10417 2 4.299005095433667
269153 5 5.587184664973666
138149 6 5.466538455532014
262261 1 4.709769984622201
28347 12 5.281163572377464
138403 3 4.556761239466218
32278 11 4.595171776580948
39697 1 4.342207395546792
266436 5 5.071950881416871
13889 1 3.7934061122238467
19527 41 3.7236341179022796
203217 20 5.905834881645388
42068 3 4.679391050774166
47650 2 4.729023751207409
135740 1 6.012482558796188
61379 2 4.595619580264646
28475 9 4.751358109517269
263011 17 4.874565435956266
7474 306 4.344778709998839
51366 14 3.538393123711436
134674 37 4.5177024329468045
265113 6 5.602711557049875
136815 1 5.0
26710 12 4.199695313194588
13532 2 5.456940626291127
134595 4 5.9409747915818825
134841 7 4.248252283590636
55381 8 3.9859090280697287
200430 5 3.7222514932080175
38790 9 3.769813003464045
264365 3 4.942583348776446
269206 6 4.225892141256442
207130 6 4.904713964653864
39199 6 3.935684537225695
206430 8 4.715568150384613
135697 7 4.999206797841904
49171 1 3.8514774992885594
265184 14 4.653748456922332
209295 1 3.005194452215678
132879 2 4.668882405557111
22245 1 4.080700920545158
51020 1 5.676159273927131
34722 15 3.871555601382237
43815 2 4.720376033374869
7476 1 4.3231262886991475
33044 9 3.871445544826657
63466 3 4.202710515121956
266629 3 4.906386236057729
3715 4 3.8204978036012527
42312 14 3.7374615439244874
27997 48 4.733159821171999
52770 13 5.57796660432341
204317 3 3.7067004148193012
201059 2 3.9567451996537257
268527 4 4.409086793504146
21665 1 3.8048886688480286
264010 2 6.110445073599258
26742 2 4.690760437628679
136336 7 3.921933512169377
14974 4 5.079802366825735
1766 33 4.137028039979984
25898 5 3.8742734629755593
267346 2 4.331195778588156
263510 4 4.934898028504778
265490 4 4.453350597566844
203608 2 3.560052717201342
198085 1 4.275051412736142
61157 250 3.0770638788049185
32178 1 5.188108584537155
2134 111 4.419779102072505
138046 1 3.6485188230867953
135059 2 4.108813154225021
8299 3 3.81347895027266
38472 2 5.3564342186427565
268255 5 4.534482152746299
138024 4 5.2927488044021285
203896 3 3.9194127847685047
28757 15 3.221654548441362
10905 2 3.844693422030991
22842 2 4.005727815789392
47969 4 3.7314666750820105
395765 4 4.165455548277489
22068 3 4.450600562117124
12688 8 4.719101109373572
207122 4 4.660943317278522
52934 3 5.61563421333666
10137 47 3.982927192281158
135184 4 6.648831014540718
266020 13 4.261766057047903
202916 6 4.396236762965678
264169 14 5.7396746222465564
45079 9 5.087628003396545
262274 6 3.9997965101080033
46338 1 4.134137479925657
268692 5 4.297989017779974
49502 3 3.8155750286782584
202165 5 3.611449943847081
196949 4 3.671363806287953
16839 70 3.5891613444602677
17020 10 4.145134308572452
38203 45 4.762411064001832
199051 10 4.770823787492138
198656 2 4.1110542133308945
61383 1 4.306705051641087
132352 1 3.979816092783204
6713 561 3.7841203201657114
40945 12 4.791382355195564
135831 3 4.632814091721172
13156 82 4.058785212699816
60931 1 5.493499704062623
11976 327 3.044205407762542
397208 3 4.266666666666667
393661 1 4.020717510623614
18314 6 3.8712949551927727
30187 7 4.198902676461072
203329 11 3.483000544534824
202004 2 3.840094695308475
39569 7 4.009964971550803
17496 9 5.356434114361774
134054 2 5.017366237296546
265796 4 4.928709906693092
13451 4 5.28132818808637
206864 4 4.384161912301859
46182 5 4.502765049562352
9796 9 5.007297621364289
48566 1 4.709222722708863
204812 1 6.749671114620265
44580 1 3.8566370910408927
51776 13 3.6442530238909194
27817 16 4.999076677221663
60711 7 4.0126107846690795
28639 11 5.1587014482216675
200988 2 4.286369757137388
36008 8 3.5580907015618073
34949 44 3.9366569962807283
57388 13 4.691513063789292
41876 4 4.00628345416945
55581 14 3.9842028170896233
58678 187 4.089036296852372
50649 2 4.526061869343349
14232 25 4.450226054181546
35062 3 3.7219138593511736
14831 1 4.179473950303179
44572 5 3.812577912036589
266988 6 4.014120901331344
30813 3 3.812991462550926
132414 5 4.000214051189525
9524 83 3.912302216376857
11888 190 3.9938125811618725
11313 46 3.931286417622994
209561 6 3.581303102691668
19505 1 4.662282149523528
58744 8 4.071062292519161
50063 3 5.900231502309745
49020 4 4.75560888914953
137552 3 3.0374022229439914
46394 2 3.8864212500144437
24175 8 4.949253572454545
134634 2 3.655283027971301
202103 6 4.439704354985395
36549 5 4.996883374621449
265721 22 4.399045976377351
714 1084 2.6069520283012424
206184 3 3.8087788791886092
58466 157 4.051536663064162
265784 4 5.127792856191871
203943 4 5.150539354999553
269025 4 4.898219255476394
199547 3 3.8089118681873413
58817 1 6.419146601790014
3208 32 4.053432698087791
198187 7 3.889077131457409
14984 3 4.4291559729424685
60741 20 3.8954725940079906
37540 3 3.7450811481248496
61107 4 3.8151282403341007
59592 1 5.474437930015556
58813 10 4.748245407931395
267945 7 5.366235740777612
51088 31 3.192501124634796
267235 7 4.477133661686584
266000 3 4.673247037289983
62786 2 3.0845621078853958
198398 3 3.7648351647914096
57544 2 3.7598473226683145
38228 3 4.859184742773903
133718 4 5.764631610219844
200852 4 3.5158563148694046
264422 6 6.106657176574975
5514 1 3.8516421008349355
139285 2 4.644366177824884
22466 1 5.048541289171089
267337 4 4.216723244325768
198670 1 3.7578598558894125
262495 14 4.075982548013354
264901 5 6.257254869671346
134868 7 4.6032511038749035
38509 3 4.348983983925912
43395 38 7.1210236938838705
262355 4 3.216582171855593
19043 4 4.181489335520393
52070 4 7.368737973983746
29247 19 4.694683172438841
267654 12 4.243461338078897
39854 2 4.315749348562272
266943 5 4.9147421160332625
205384 1 3.9308104263461408
138383 5 5.1303152352356545
268222 8 5.857412343929038
268980 8 4.0614446632000245
351 2 9.473852351808016
199662 3 3.7945445808898537
29993 2 4.382735294372468
38818 6 4.692049370429946
397268 10 4.945699865947026
12051 2 4.045366559700759
37639 3 3.9329311163506566
45269 6 3.830527175850914
50605 4 3.913696722767161
59547 1 4.581772724629867
51214 2 5.3602218531132095
209224 2 3.8044875694764095
198451 1 3.9972311507492746
19159 4 3.919393597106045
206635 4 9.11653675826743
44218 1 4.01157668057386
31348 2 4.730636933120459
199770 13 4.0158974106212195
62833 18 3.9437447891278077
136828 1 3.872683206966493
6502 1 4.801697934140397
50338 1 4.357652232844245
10226 62 3.8412302777000593
138596 13 4.846688562412553
43896 6 4.0896019512790405
30138 1 5.166188871920935
394883 16 3.8838578794059835
49003 1 4.045958543788806
132813 20 4.823905738748207
52819 8 5.331579548019794
11727 6 4.631122285073746
46403 3 4.166089180178735
16747 4 4.768333834211152
57751 4 3.6765921071316647
58276 1 4.769694934229757
205897 9 4.229115988683877
8331 6 3.897578874575557
29222 22 3.0641684105331435
63137 1 4.044525745841055
393346 1 3.749402521397596
205525 1 4.954724470323815
201020 5 3.5116551271635905
22581 31 4.5355287361273735
44976 4 3.586358978282805
42552 1 4.70916345172663
42100 1 3.096943113663925
265463 3 5.136880352803381
38015 8 5.005318348970194
38887 3 6.841706185991125
26312 5 3.5920302051854933
36362 1 4.577307441691678
14903 2 3.820703946664539
21704 16 4.427024566806231
132934 12 6.0162531336343035
263959 7 4.9870476901400895
265234 19 3.874486000151183
31148 657 3.7296068471286126
7631 12 6.275834833261994
41482 3 3.8212793245798173
265962 2 5.2737315651926835
31823 1 3.9626434196075064
11479 4 3.657503267482098
206498 1 4.954724470323815
24334 45 4.824837760448797
51064 2 4.0069721284007
30971 6 3.802870506951539
263783 45 4.058254733383311
269118 8 4.140952754420779
20359 2 4.567999721614961
328385 1 4.500910902878743
21586 10 4.0
37513 9 4.005338445178243
51937 7 5.98051030950763
4965 12 3.5243449922992083
50558 2 9.381799439329761
131782 2 3.656990056154803
266121 9 5.6189746246776355
394411 2 4.199615043777605
196695 7 3.6123614101914194
268676 5 5.744400095449326
40327 1 4.068771427893547
42338 4 4.903711783564
55660 17 4.815940880349216
133537 1 4.989231801911702
39538 4 3.8125782879192167
57010 10 4.373702255483317
22363 389 3.8403114080194536
49428 1 4.3556555955715615
264604 2 4.634835846462931
198176 1 4.171556385059718
265153 6 5.47039231735766
30648 1 3.957280831706799
201808 4 2.9044340948895657
3219 1 5.710540349265839
52769 6 4.448297471621156
20472 14 3.8884421147857675
22525 1 4.160166811234135
267033 6 4.623618250918172
41799 3 4.247248957662393
138532 3 3.6771891973717667
34321 1 5.096527066777236
51373 18 3.725784968026695
262682 7 5.559552551615091
264980 1 4.88554597997332
47172 12 3.4169663211766244
52559 6 3.708025208182275
55113 5 4.537152213790113
39639 6 4.533432651485522
61974 1 3.96959005824552
50007 9 4.098501410856708
209904 1 5.164949285936229
61049 16 3.06714270716418
263159 40 5.36052169548897
41997 6 4.122047783304205
60789 4 3.95110973176805
39922 1 3.8925701440626805
27531 5 3.3813090620757125
15518 10 3.743346616824096
265725 7 4.71133001575829
202723 11 3.956621801593738
199147 1 4.450653819843585
59642 1 3.5347560177917323
264795 4 5.399467658461019
206060 5 4.838277333820589
60872 1 3.876768212799319
35995 7 3.3847815228480753
266922 3 5.406445322228969
58333 2 6.750124629359494
268767 6 4.98617022303438
394076 1 3.8204978036012527
19749 6 4.620361788419971
42232 22 4.266806771778404
57551 4 3.8611696284201975
32205 3 4.910105203634849
62205 4 3.3928945337932426
56787 10 5.952714140271745
9997 8 3.725292030849586
199102 1 6.72141984999128
11590 42 4.0583995884485615
58188 3 3.674960933146707
57365 5 3.9243481532083444
38030 5 5.521989937621171
53987 9 4.523032660428137
37098 24 3.7917898597825657
50586 1 4.480238076666648
23711 1 5.250386563879381
58732 5 3.616401347645733
264390 4 4.702364247823962
265212 4 5.285722976781003
57681 2 3.97026198974676
208759 6 3.768541849638506
205948 4 4.421535477578426
14793 17 3.0592279416132278
33238 2 4.4690423630473015
41724 1 4.4932938850371125
47537 5 3.793064824560718
48895 5 4.5133125121671736
268828 5 4.956727236925918
393448 1 4.198618006393047
58544 2 4.920894922001563
51630 1 3.4947473070210706
14045 29 3.8565712645897396
20688 3 3.8292068532712618
30020 2 4.772179151354028
264251 7 5.30157895528017
31200 35 3.554075693267746
13434 6 3.876684246898315
201999 11 7.346286354947293
53637 2 3.8204978036012527
198239 3 4.3191897092957605
268638 13 4.832705064102434
665 62 6.5475177719894555
197581 10 5.036320875497059
263907 4 5.665303608295161
62040 8 3.421512394165341
13567 25 4.698485404518638
22873 2 3.996986455725673
12468 2 3.9312829304372148
41952 12 3.8069722584517276
265080 7 3.9599951166124248
58327 17 4.506433479412098
138810 5 4.25759698937369
49850 2 4.102298821431288
208750 1 4.004890083461513
135572 9 4.038921196508868
12184 6 4.434833134428325
35355 1 4.6607880898521294
201111 2 4.495370462479439
328493 1 5.183599337170766
11492 4428 3.440326627501107
4760 361 3.8628939317237636
206357 2 3.9028532532734213
46720 5 4.4967055366728435
327706 5 3.752381167930347
8792 5 3.4378608837004117
64058 1 5.581835151924437
27069 14 6.463240369366519
132132 4 3.8330039084387515
210315 3 5.084579884625005
4057 2 4.957229060394085
200879 1 3.8123166470457117
18065 3 5.9182333060329535
31472 12 3.132368851673205
40771 1 3.9968745409892286
197681 1 3.774260112802501
52907 4 5.305993680095142
196738 2 4.406388887459089
395359 15 4.432371175036483
14775 4 3.7740514104903338
197293 22 3.8000780219798123
204402 7 4.385078083924972
60087 7 4.3866216149212836
65 2 4.556435205780205
133115 205 3.84080369106468
59987 1 3.835616130813175
13565 2 4.181283028801071
23679 76 3.6757739685463813
201354 1 4.734980153259723
138763 10 3.589459363653364
542 12 4.298717604012173
51448 1 4.102406858800867
198108 1 3.700421117930537
57076 1 4.498574697999985
28032 31 3.9440630830248993
3238 17 3.4251710179600523
39877 11 3.7537061336508204
45204 5 3.796704706344797
25538 4 4.528160079367276
265038 3 4.518087428154793
36745 10 4.612037798790513
