264548 5 4.3984687549716694
50457 21 4.266037169809634
46020 1 4.019526951921317
41180 1 4.7050045416814505
396028 6 4.515690338470879
60758 4 4.201278844826314
32647 5 4.079078142183876
62182 7 4.152465246423323
59242 2 5.807351706555057
47817 1 7.945025699836867
37250 1 4.925087266318793
264548 5 4.3984687549716694
50457 21 4.266037169809634
46020 1 4.019526951921317
41180 1 4.7050045416814505
396028 6 4.515690338470879
60758 4 4.201278844826314
32647 5 4.079078142183876
62182 7 4.152465246423323
59242 2 5.807351706555057
47817 1 7.945025699836867
37250 1 4.925087266318793
61904 12 5.192711682403956
266326 7 6.050130876840051
25548 2 5.41676057037912
10934 8 3.9093009094589144
138877 1 5.329069471057758
262461 3 4.464829369443097
393303 3 3.919487280151278
204257 7 4.290458874974446
25540 83 4.005524697560584
132749 1 5.572797578710192
64310 1 6.037226134446237
24071 0 2.0
134743 49 4.21042115005172
266118 1 5.648384816241959
137948 1 4.596623346017846
61089 4 5.593291027834866
14862 3 4.482500487187463
137903 1 5.2373543003930925
263339 15 4.763259990302125
63488 4 4.782010044065578
21346 5 4.807647757866254
12567 2 4.182058963133035
35554 11 3.8218447580244814
41763 1 4.620755095755096
38171 4 3.6598618352901404
21525 3 3.5396502660480795
34218 4 4.929767548947707
42616 1 4.5851431378935485
266344 10 4.177444672908722
37647 2 4.459970622637583
60936 4 3.9353703644026217
16818 2 3.8200582677787818
37209 12 4.341003058402275
41678 15 2.921959558767433
50524 2 3.4323991704944086
35740 1 3.8080522651951223
35572 6 4.371310275564381
28005 8 4.506278339842219
262814 21 4.558353479054911
201221 1 4.0069721284007
63957 4 5.470455910932101
57464 1 3.609514082833411
25111 5 3.903896357912456
269243 2 6.285402227010145
22928 3 5.13293808459805
266866 4 4.79128132073637
197650 8 3.531866888265923
393684 11 4.616966490851458
267026 4 4.407443269124251
60651 11 3.7362200582806557
33925 3 3.7099004052785562
47794 330 3.8441919529778104
133982 104 4.951435443134779
28373 3 4.726616677032328
138170 7 5.463649918953633
34573 19 3.6934628927689013
21001 4 4.933471563265261
138568 2 5.911397252577444
268506 3 4.154559074685408
43129 2 4.762683824094868
7325 1 4.573768994275906
206675 1 6.749671114620265
22759 26 4.427789108252722
4262 13 4.200459236536334
2047 23 4.000591788873843
61876 6 4.5051238901715545
18689 2 3.694315562837098
52092 3 4.015808770730722
262413 4 4.493308902144438
29829 1 3.8120328373324424
267471 1 5.045913048554873
63290 4 3.2158211825363843
36993 2 4.314053384573065
267659 3 6.317865581130887
16942 4 3.0125341255210762
18299 2 3.8229333813184745
266633 5 5.328156011907301
31852 3 4.034205683079487
205127 4 5.479741396521552
38712 46 4.152462374988938
268717 9 4.846922685253745
58701 4 5.51927473557172
199954 2 4.429893169388968
61523 4 5.733242031821193
42982 1 3.7646798000403767
57269 15 3.785407803079237
133500 5 5.2456270091409225
63248 1 5.35758492070479
205747 5 3.8750199140325217
264985 5 5.697361719124935
47735 1 4.195443269252793
50628 17 3.186445633195209
37384 1 4.69534969396971
40565 4 4.047717326690842
206610 12 3.5902805244038842
328140 1 3.695507178480714
38456 41 3.915767818563056
58606 2 4.76966894880629
26094 15 3.669032171891531
196865 4 3.7051700297828103
51694 1 5.077804470661614
202329 4 4.347791466966278
132018 2 5.343452125324046
13926 3 3.833802317480333
266643 1 5.426334453588186
137542 3 4.5592105245887735
3233 29 4.427008060262562
12771 3 4.102628280057903
262560 16 4.748962222880787
266362 6 5.467421183892195
2923 18 3.8665780868860855
27006 9 3.7244228608824788
30259 20 3.6778935600908484
8925 8 4.88049757996199
197025 8 3.718010699391911
33785 16 4.06678689703934
132713 1 3.831759162745146
14830 2 3.807360606185959
133161 3 3.8423367471669847
208709 3 3.53484376764222
38559 3 4.339180245119327
262962 12 4.435535098862499
15389 8 3.510717741555833
33843 7 2.986352741108472
393858 1 5.463246630217073
267856 1 7.192474853189141
201080 7 3.7479387523596137
12727 10 3.1649260399230634
57801 10 4.7875181863859515
264121 5 5.409082186693071
30430 1 3.7445778222871824
268588 5 4.601553020718599
135425 19 4.744387772929424
136313 2 4.798341942173917
134327 4 7.012482558796189
50551 1 3.6930934840709284
25876 30 4.235252716872218
266745 1 5.133429439562444
22980 1 4.579822646391321
196745 11 4.084636112233155
206649 1 4.029955912098769
203308 5 4.88367959630433
30415 8 4.243790413112159
264467 3 4.187892804824989
43197 17 5.052767125320408
43722 13 3.66366396983857
48576 3 4.017696941612623
45318 1 5.036363408980144
37233 33 4.175473682706979
27993 4 5.684524438696046
32172 3 4.985655904204131
35186 1 5.548854755577445
207087 2 4.032363548530079
11685 5 4.001463190763369
2140 16 3.804535051758955
49257 5 5.8143217408078485
196870 2 3.6947294945705096
32340 1 4.4360704344612385
134658 3 3.6768313259960723
131684 2 3.791950041858928
49593 1 4.272534848712361
267481 2 5.848759787301547
12101 2 4.188833303472056
62315 1 3.633254972540687
46889 1 3.820703946664539
49840 8 4.491332217853584
64474 6 4.434165132891466
29027 2 4.776732908460165
49966 3 4.192315927253508
57037 9 3.825244393168396
32662 3 4.39925298672424
136431 1 4.019449426344243
44909 1 4.5851431378935485
46464 1 4.512243899071856
206377 2 5.115629068722751
59713 26 4.30177690842735
48812 1 4.791558071039863
22418 39 3.751259207527853
136874 1 5.987917565368546
138237 1 7.016522488944493
59750 2 3.955093556657831
25588 2 4.786144062104653
327861 2 4.133457648099063
53765 1 4.198481256929532
268423 3 5.638908252837497
327695 1 4.68279637348603
19571 1 4.042369035579572
46203 3 4.477720967683735
20738 95 3.9361424564110505
23125 1 3.820703946664539
266481 6 4.96476840269858
138536 33 4.54923909654709
266567 6 5.806215081531259
17623 994 4.45392687809003
39666 1 4.075763654335082
19512 12 4.233591080445737
265964 4 6.609649531339572
25409 6 3.673416729165386
52633 6 4.885921123317992
263772 4 4.677870599427372
59083 14 5.218514141029184
63196 1 3.943668998398063
395530 2 4.008324378800684
14022 32 4.820746906548305
61364 5 5.007070907617329
55693 8 4.782415999279144
263363 4 5.518958811075943
134116 9 5.599410464824137
59431 12 6.750242693113922
64297 4 4.639175805340588
50944 2 5.002823782885031
20404 3 4.47163918450746
203745 1 4.190541162701639
46005 3 3.9373170440118863
202735 5 6.691153492032858
138523 4 6.387594590837613
15009 8 3.810782965976083
266267 4 5.614007377432032
133096 2 4.829514936164721
29122 2 4.250506392327808
24353 5 5.217221697725515
199563 24 4.801011398531749
263689 5 3.975178419677249
37154 46 3.914299945922024
61428 2 3.640510220792778
56407 5 3.9569808880865454
3200 2 4.788025616807128
31547 17 3.090492327507217
197064 7 3.6581846001962286
268016 2 6.556543263605099
47492 6 4.150016918783566
397418 1 3.9469019199191613
57759 1 5.207427041329352
134710 5 5.009115708934221
26661 3 4.669376522947951
200531 1 5.014556771453324
23453 1 4.0121040554173835
53187 6 4.035891880771616
44707 5 4.088992907323699
13445 64 3.4951350958094443
24203 207 3.6750353004474348
59489 1 5.019651804134562
40198 4 4.056820169318525
263389 6 4.650015514849796
24373 3 4.473456132041369
135495 2 4.293178748545748
137703 6 5.172738531478775
131247 9 4.553615788885504
15922 4 4.34163401548294
64486 1 5.400733445798038
27316 8 5.52753953319034
200541 4 3.7976978567865265
37558 6 3.9635867829792293
32251 4 3.9027112484487665
13583 1 3.8500025504984943
49558 17 3.7409569497670043
266783 8 6.475848262664515
62029 1 4.437145116196288
35548 10 3.3855942418454936
7247 14 3.1011123285136755
29339 3 3.9176685449771664
34669 1 4.009002913665741
49515 3 3.3818548323752404
266947 5 4.988632656760492
56698 2 4.477587365492966
55216 2 3.3627542412642257
33924 44 4.312378666247483
49620 3 3.6973723950163433
60680 5 4.365739211134603
49622 1 4.498298801177738
43752 1 5.17312336707498
48964 38 3.2784408428757996
265801 6 7.2570974522000915
134555 8 3.8698417111323584
137843 4 5.685084087701627
265423 7 5.321397559834471
63086 10 3.4380157443475396
34078 23 8.114606286763165
48838 1 7.92021179149258
267133 7 5.7001025236558815
47865 1 4.7043863500354846
138385 7 5.392280268968999
131717 20 4.773713808174108
42483 1 4.442966215235123
48757 4 3.7543304664040265
11129 1 4.049479200385299
42020 11 3.783946866701832
268319 2 4.653350579201885
12386 21 4.99224539783841
23885 6 4.057002197756206
18478 3 4.335403172747868
200345 1 3.9577624421613637
262817 6 4.783673110654696
680 287 3.2268389725930384
54954 1 4.4221421526840246
136836 1 4.703787296261105
264838 4 4.713754896562854
265092 5 5.02280105967995
8292 3 4.0364301042872475
137568 3 5.6353138330683485
266130 6 4.68577190156396
29598 1 4.660288327639487
133377 4 3.9351015155866924
136332 3 3.580778932267028
327924 4 3.6558658478660484
29147 3 4.071936555224782
137347 1 3.9010197346579734
263255 5 4.4275432932773935
36635 3 4.770352494765466
56460 18 4.282509876204787
58224 1103 5.946929884774755
49679 1 4.111092214663643
62285 1 3.721359204132314
202654 5 4.29634266984222
263817 5 4.60183700741009
37213 0 6.0
135130 4 4.7719333011027185
266782 2 4.608102398893097
55044 23 3.1842217863557685
207934 5 3.6793524399947275
138688 2 5.8310748775034495
394928 5 3.6461585207085068
35071 5 3.631565506952172
203628 1 4.282051458241934
17940 7 3.9911787837064416
268297 4 4.564495440636381
24482 34 2.4222783705902295
57884 1 3.720503306217593
12703 67 3.7968653549871942
199179 1 3.7375909824204068
265629 4 7.053262792558149
135212 8 5.653982049358792
269217 4 5.039267719688153
30762 8 4.124852820574019
201854 1 5.222094088560003
262197 290 4.915726443969028
395626 3 4.167629668168803
58979 6 4.835985040058203
138505 21 4.3809211507109245
54312 9 3.5408734563558006
205754 1 4.212734619877477
62190 5 3.8399332431249436
47262 6 7.926581892768281
395753 13 3.9561168377169387
135846 4 6.013766522082285
43181 15 4.624414457043833
197424 2 4.887823343035067
38829 11 4.827431886612881
206163 9 4.917377180867119
136416 4 4.1207049926477035
133785 1 4.3444764543748535
27389 1 4.014745202927746
135172 1 6.01488756120119
265093 4 4.628759192883889
265464 2 4.9507140651039965
51957 2 3.7825349329563185
43977 6 5.639123654132071
264198 1 6.860023486213962
61591 25 3.5162495814931125
9474 16 5.511014286500258
59593 1 3.7447775295717927
43927 30 3.871215637527699
262712 1 5.176443487388188
14528 2 3.7502795155519006
56740 31 5.472389076056548
54248 1 4.184127415186529
17931 9 3.8394884634883795
59559 5 4.201135157429779
28107 3 5.170836372179151
200086 2 3.7714406366031517
10220 11 4.824972718275467
1248 13 3.2156068309757213
136786 6 4.559254462589915
30337 52 4.173613950864857
46642 1 3.803156809437598
50200 6 4.613300610962093
264457 5 3.875203498835741
37679 1 5.051190468756786
202569 2 3.6524993223858075
197282 3 3.8252362364529144
22770 3 4.744300260605607
202971 3 3.8037333543636644
47264 29 3.3315141618196087
26397 3 5.780432965642594
55794 12 3.4302849426250424
394704 1 4.462777082128478
3676 5 3.883962296316046
131899 52 4.014289441934687
134618 5 3.565379830634957
199006 1 3.9236783602329828
24896 19 3.748095504538182
135604 12 5.503729308780406
13348 5 4.052983771907923
137403 12 4.67367401697856
42323 7 4.725345991694583
202150 2 4.10989360001965
11044 2 4.19907035425757
205898 2 4.136787075121043
51255 3 4.525626570592079
16199 1 3.8531160041528705
48762 1 6.750124629359494
45765 1 3.5879578644459604
45271 1915 4.8627581515658855
133006 2 4.930702980253688
27751 22 4.9087583602306335
1786 1 4.039197668189265
395866 6 4.094233925828814
48634 5 3.8578324115369518
56446 1 4.737197868993001
34865 2 6.775857628237935
4787 547 4.307821330105793
208265 3 5.363911362890978
204242 3 3.800027835205026
26362 7 4.6191337764434754
394396 4 4.344669467493566
268955 6 4.430757294738008
52817 10 5.2243299416356646
52313 4 4.506508217197872
40662 1 4.215335647358163
819 21 3.2155587296777695
44440 2 4.547777561799809
199283 24 3.5443355004083696
132491 2 5.807040865196653
16464 2 4.001798119546686
63481 2 4.812285748369493
46613 1 4.068771427893547
11493 3 3.8239908287182764
28517 19 4.868521422669971
198109 1 3.7623970586272
209483 3 5.12229161612577
264915 2 5.048865039939858
36551 3 4.815242359765349
11982 1 4.378326430976816
24799 1 5.008253528081114
8236 6 4.367666031500182
36709 3 3.9321227873935243
45335 1 4.870611407840472
35873 27 3.655321327289205
394272 1 3.851909546999859
53070 24 3.679090477640649
50544 49 4.333692324949048
35346 4 4.733461635383965
38625 13 3.6323616519444437
267238 7 5.942936782576737
207854 1 3.991236067344442
34384 3 3.9891868189750435
137342 5 5.802959452241565
266766 4 4.765252555432416
61919 2 5.234183609439456
57139 2 3.8739437810866377
12392 135 3.2122253597883166
11672 33 4.3553619130927625
62939 1 3.9272340813720117
54648 3 3.029326877604516
37069 94 5.567106789868591
51831 1 4.105923011143757
46196 10 4.070205495264007
32539 6 4.029240739908985
40205 1 3.819403747745292
33042 3 3.8204978036012527
263378 18 3.8865572332257265
52842 4 4.4892916082041365
138768 3 3.5843485817745697
58503 2 3.8872945860866226
52765 5 4.584780566706317
53407 12 3.022779637509925
8592 3 4.179726163039503
30849 1 3.973020557102924
263070 4 4.340979027893235
47920 2 3.9284025625302257
262981 7 3.709804828263414
28128 9 4.13312706431545
265263 6 5.841923167932899
13 7 4.813661284103631
16284 91 3.8326740207719885
41084 3 4.845847885407897
46699 4 3.692566766948101
55656 3 3.6149320615775387
268067 5 5.324281540940247
9226 6 3.8149629351980265
266022 6 4.0786586614202465
41925 5 3.9173763772508003
135473 2 4.474478938982339
201925 5 3.8301567588739465
9044 20 2.793540542841236
10209 4 4.115819015489463
24319 197 4.054941235186117
203751 7 4.924895473492845
59699 9 3.3690785847386207
136518 58 3.8683503652276623
210007 5 5.098773026951582
137292 6 4.066580801310384
263528 14 4.043236997933183
12607 8 4.232069162823927
60876 9 2.937808446182421
6739 459 4.433784390282073
28278 6 6.661023948532158
33978 1 6.819101579854103
7753 10 3.098619465454728
268012 8 4.30952310076735
18628 3 3.8176385050246684
266904 5 6.220671174393148
47038 19 3.9437908508950916
207207 2 4.223208939671603
7116 5 4.263879184985673
37649 30 3.8435813874430473
199629 7 4.062754648349545
53703 48 3.025280489961812
263543 2 4.857943224445687
62491 1 3.007126444812372
25983 12 4.0883512159561155
201336 5 4.765718215612513
205093 4 4.375961436867735
40673 1 4.381722076196624
133346 2 5.16262887134241
13029 1 3.670010398324304
263451 5 5.009486221437107
28652 36 4.258873015812538
19543 1 3.736642750304491
328136 1 3.695507178480714
7540 144 4.099183160759889
131214 4 4.830345176668574
20004 35 3.938120567209014
21086 7 4.766216249077165
61720 10 4.779080578535474
262765 73 3.4242638776783516
56209 96 5.906717814773275
32832 1 3.9686797113580847
2688 72 4.149641595288732
17454 0 4.0
209714 4 4.901418113922301
30120 3 3.830272674206336
56357 4 3.6449348761204954
26648 2 3.818671147012691
61651 9 4.587570273184004
263230 44 5.020524782540505
263049 42 4.531385038529312
12826 8 3.20235803593931
199584 5 4.884762317465967
47329 14 3.5653726182604366
262834 6 4.569142598844124
21267 20 3.8193522984708332
202438 6 3.838477074172494
267735 4 5.737512309347285
8416 8 4.446654542599387
58610 11 3.84649182521028
265197 6 5.230889588498327
39037 1 4.0694788280357255
41055 17 3.8964047271438433
15419 38 3.8069351172787185
21955 3 3.804034078847202
135183 8 4.705310603566987
2607 19 4.102421382311384
50692 3 6.867140023810854
269095 5 4.97085314957112
263108 9 4.791801729209901
44138 3 4.5221156201944375
267080 7 4.8555638414475615
268790 8 4.570964433124679
55062 1 3.8037542111966736
267830 4 4.681812944968733
39686 19 3.4069597079115987
48335 1 4.48797476196491
15691 20 3.5025360493102475
268162 7 5.651237416684622
267246 3 5.0714815526048245
205240 2 3.8974438282170403
42126 5 4.576881785622315
267420 7 4.244083043293604
46937 7 5.720189458167165
55379 6 4.566601165334585
133716 2 4.622335320999497
265254 7 6.715272416136687
54768 3 3.813071662825016
45286 3 4.737308405754156
21175 3 3.8581299069841855
135481 1 3.6379539910933922
131239 9 4.077054222630085
17108 3 4.095359583776245
54390 1 5.018643393643394
16062 7 5.0508018299127695
139394 2 4.230419305653295
21412 46 2.8827820872980503
44364 9 4.094984295758557
52618 4 6.024984621128742
32775 4 3.8113268715781743
269040 5 5.445243267933927
15256 12 4.22189654880208
45363 21 4.176086207825389
57291 1 3.8569539329382576
60772 9 3.307382975395369
28022 21 4.0765372241571445
23793 16 4.482085083892248
198429 1 3.8621112363116623
39131 4 4.544606024227873
199527 14 3.9506297018709673
8712 1 3.685283179644082
197964 4 3.863972769276484
263939 7 4.416351026337255
19365 1 4.464383363262122
38145 8 4.191445150729714
264820 6 4.437681503231074
23413 9 3.787229213889488
57837 2 3.985898297956555
53926 3 4.038731110159682
133412 1 5.0187557926474184
267063 4 6.643702378628487
18903 2 4.617627003018453
19019 32 3.5028215529791824
18612 3 3.0387488737957065
940 11 5.507470628836962
64304 2 3.795100293182274
60154 3 3.016134984891801
267616 7 5.310842156296262
29736 15 3.8160598776380303
199875 2 3.8018407599732678
50976 1 4.9670991706706
12663 170 4.079760827874371
49619 2 3.6700658646479085
17270 9 4.415179476039681
60996 1 3.849673747484808
138280 4 7.007393786958648
21109 2 3.3743689100325156
39358 7 4.63778292495527
17512 3 4.01220129077272
210025 10 3.961035022450303
59666 3 4.1851412991806995
47138 4 3.7428323269198396
41767 1 3.9282035488598774
268214 10 4.47280330958774
20315 2 5.4548448486379515
21669 24 4.0262085944111545
43349 1 4.525770001873727
26682 1 4.871655139087319
62931 2 5.533149377002005
52188 3 5.237259806672249
41418 1 4.522976045118902
49949 4 4.074321982829124
14813 269 4.414632779166556
77 2 3.0492454432868845
58499 4 5.016631230264592
268482 5 4.3315437489815345
17880 2 3.9320432435656634
47274 3 3.8057716952828153
43385 1 3.817047342911399
267986 5 5.338882012204837
204601 145 3.857355535701344
262597 1 4.926291334099217
24546 2 4.114834361306675
267194 7 4.5354659854022055
55111 1 4.884292531229936
14571 8 4.376779156191101
269338 8 4.404864165321456
48635 120 3.0930176358791974
13322 18 4.156493883643371
136248 4 5.765478465513272
395642 2 4.565973201549399
36141 2 4.513345330673361
37339 1 4.90079456465282
328310 5 4.814813187429197
9479 4 5.148057985166962
17471 70 4.538248388900079
50032 6 3.371293147445454
16006 11 5.1429815591528465
263361 29 3.732015466511692
137639 16 5.511067535788919
47919 1 4.761016796377372
134146 14 4.404751462460141
43627 17 4.891268327612467
61871 12 4.564094973251263
3580 8 2.8740052250267576
1830 1 3.9434226841706197
25176 24 4.234983586614515
41867 2 5.328344010845424
8995 3 3.895982126494895
32866 10 5.619899474435386
38605 2 6.313629804519286
44126 1 4.725412190118073
265634 9 4.49638428276574
35490 1 3.854652102463162
138466 11 4.95066497096892
57834 3 5.011164629977557
16829 1 4.179473950303179
28216 22 4.284707599958546
328253 5 4.067051089476372
263227 7 4.773547249088186
15703 35 3.2324054429782105
138854 2 4.250599943361763
9334 1 4.0091357504034715
34113 4 4.7551983801183315
267378 8 4.591940450796364
132917 3 5.175504222263256
6429 64 4.797128610211256
135026 43 4.627957642150359
266572 3 4.457314834545473
201825 11 3.390403616957165
1133 2 3.9031766645176225
328096 5 6.170737417726041
43383 7 4.14425514508011
201284 3 3.728808998139346
198333 14 3.6443197752690897
266871 2 4.746366188090327
134329 4 4.595717687218242
206134 1 4.861802226404761
269201 5 6.776810255331666
208638 3 3.6524824048156987
9297 11 5.043341735947786
328193 6 5.34617745193156
49368 2 3.9699372409205593
52803 5 4.671797860148067
52752 20 4.5514717419377355
264267 7 4.9632496133134
134919 1 4.588843332593333
52339 36 4.669601074741446
56437 3 4.362562056305284
26542 12 3.922885859539739
264655 1 4.964359608243024
268248 6 4.819051698078089
31621 7 3.6504121582559104
56061 4 4.729051816940222
53242 8 3.9575951184247873
24582 10 3.5555852820081064
12653 6 4.026623026064187
34619 128 4.590425171754664
202565 5 5.047879813184259
10561 4 3.9054446602376696
202160 2 3.9033756512264235
198948 2 3.746779523766281
14453 60 3.560755073509654
42844 3 3.8486690285916603
264377 5 4.823102160378488
52166 1 4.80738256772243
23060 1 4.697496225722827
44453 14 4.891327916155079
139497 2 6.864493986452165
200019 38 3.7101198795521872
201612 4 4.42475259247493
48677 1 3.6881768660093788
393371 1 3.4711008805436054
135964 3 3.9536634655449165
62427 3 3.847791598844517
133988 1 4.584033702188465
38495 11 3.8494368413602857
204804 3 6.547321664368368
263647 7 4.240010911214362
268019 3 6.050072030276224
207142 2 4.0848674262799305
14374 45 3.945790695591221
52468 218 3.8491341551898572
269256 8 5.641597776547899
15689 3 4.772437653150286
43205 52 3.526337381614606
54661 5 3.7430958463279063
56356 2 5.102896912727642
61347 2 5.199358753176953
25074 14 3.726444802672413
21909 1 4.97374250497993
397064 2 5.233028830047338
10633 1 3.9746432977419786
61975 15 4.751111612452857
201137 1 3.6398840426558974
267076 7 3.7183304083182933
13044 5 4.96896401687061
61766 2 4.496722368868285
57726 1 3.7046829661989524
197002 6 4.076582050767904
20898 1 4.009157244871531
263242 8 6.679748320015787
355 37 9.461805516318776
29787 17 3.9195769435825105
40923 13 4.150122157392862
29062 11 3.4202632197859866
48144 2 3.8973566450912758
263657 3 4.661873294949694
132588 4 5.339695428405273
266406 4 6.650534053142159
36630 2 4.136041610617882
33156 8 3.6804315082474504
135512 2 4.908592862700368
41011 38 3.0192370410769733
58594 19 3.6028293985829327
42364 1 5.070453025810169
13728 6 3.032405766626313
15292 3 4.770143180270438
205505 10 3.710861787238257
20228 3 3.716949514825673
2485 11 3.523302562045841
328122 1 4.971559142371951
6462 5 3.8397355426157214
202228 9 3.8625528657572867
12190 12 3.9886406736287214
393229 2 4.431946748441002
47439 5 4.009531711545366
135122 3 4.026618422501467
201792 2 4.7551983801183315
133191 4 4.6936242485499955
16507 2 3.863087365395923
268946 6 5.798408163555343
265040 1 6.579452270023805
138556 4 4.98281661802652
48983 4 3.448643695075594
40185 16 3.7273954868992716
45119 2 3.6850488907036536
62559 2 4.042139200622364
48933 2 4.390978481524701
58078 1 3.8542494585121316
200932 2 3.7866766446076476
23911 4 4.018291651990987
51431 4 6.965251855309917
202440 3 4.742929217652333
61434 1 4.49843278414707
45142 23 3.940593617125267
11468 4 3.0168621682782013
267165 2 4.699272626661789
50084 4 3.854519982123467
199045 7 4.564136198420071
328303 14 5.083709526804741
265982 6 4.662079854677071
48510 1 3.896687539790988
7992 32 3.394365303418058
51559 294 4.17036121904675
61153 50 3.9171815412839175
201894 5 4.458155400045309
196968 5 3.2252634578735715
39572 89 3.8448276870115192
199234 6 4.074414032852981
12228 2 4.9270075230123656
49909 4 3.5696062835414906
205205 5 4.934642507190178
42490 1 4.038428124511868
31470 1 4.085179503036646
268211 5 4.705549919525923
393594 1 4.955862700517874
19993 6 4.297385416831169
57073 3 3.268712283357022
134690 1 4.683120662242656
264069 6 4.183163602244146
48917 67 3.8531715151261645
1602 7 7.47096066174721
136951 2 5.100417529836342
26417 1 3.8016759093852692
23496 12 4.660164127599368
35573 59 3.8357626933829594
5306 28 7.488742807299761
23602 1 4.601527077782141
52322 23 4.531269249186371
62217 53 3.704221314203641
266725 25 4.971048595347111
46228 2 4.4077559613717465
37225 27 4.349312280828752
30549 11 3.0035363454991506
7018 1770 3.2017388282175454
32908 5 4.268831101291418
4858 4 4.742889985088655
24477 8 4.1508031867642545
264882 8 3.8622668051713993
20213 2 4.860346279241012
263972 1 4.630376998480447
39083 3 5.25187506191079
2648 13 6.5134061202512665
63487 1 4.8928274298225025
133918 5 3.6635062774956633
8390 53 3.8056960493294465
30440 1 5.515292234144861
61102 27 4.176044348231331
28509 459 4.40359982841944
43328 1 3.7666999666999663
17428 32 5.036417727651218
204782 2 4.064236055313564
266499 5 4.8897087226810685
22593 6 3.4298764402530626
47804 1 4.853620420584706
267454 7 3.8774108263825204
53142 10 4.694720984262283
263774 15 4.861796062203901
205970 1 2.9765663343018463
263764 12 4.302351545723347
14492 20 3.8210744720365244
11170 7 2.9830219655421564
52327 54 5.011465146661692
57223 8 5.177404458096201
200729 6 4.234927806531514
40863 1 4.659812423503767
49168 1 4.70380467074179
22887 5 4.692324003588835
62156 8 4.666971126050064
139764 1 5.8590426466718695
203849 4 3.8922260432513656
63045 3 3.977334418923839
37551 5 4.924875035532667
46379 3 3.973121574887972
27287 14 4.1955107420644175
17501 112 4.65456961602964
41743 4 3.502158031565171
263146 7 4.293993662037828
328221 1 4.362449310404975
545 1 3.807569282569283
262312 6 4.2132114539171095
265927 7 4.764486322593713
20405 1 4.753285074713646
204920 5 4.429414873148882
63014 1 4.051709507182748
3741 210 2.9547543892830834
13444 3 4.701104213277328
267474 9 4.746126262398365
22826 1 4.8770677926342945
60050 2 4.993555968876073
264120 11 5.412928312215594
26616 46 4.26886582775992
52794 44 4.24612415952747
11342 35 3.8190210655544337
31476 1 6.909685156113726
262457 4 4.8601773469691905
264265 8 4.150652501315304
11171 4 4.649203609428332
41620 4 4.83095851857914
48089 1 3.6236512999670896
265394 5 4.380263446870809
427 18 6.843067315909456
18777 27 4.718673364936133
25720 16 3.6610537105008256
60767 2 4.05433791647052
134926 15 4.661319625591383
262911 12 5.028187297913313
198546 3 4.300093238891059
53499 3 4.4218983498108155
15744 7 3.8028612354556808
265929 6 4.953740217221395
12924 10 4.779499205579846
40369 1 3.7402541045890803
31660 1 3.9926021793533306
84 6 4.798051877160195
266254 8 4.607988045509681
61882 8 4.1807899930078225
202403 1 3.9759110684576533
135719 4 3.610399650122274
263076 8 5.30895529617849
263121 4 4.677609696136222
34882 2 3.925520614174368
40062 2 4.62181403317205
40336 2 4.997150456286669
29689 4 3.9510865502405332
132604 2 5.94029545005747
57306 1 4.224607104936605
27236 2 6.177972373176603
41362 11 3.972939821910337
133159 24 4.048384932621669
22949 1 5.305564614380729
25899 55 3.4357995872565437
47898 15 4.032469189287064
23920 3 4.01784759227718
51699 5 3.9094429556433576
50399 9 3.5908989133615696
208997 4 5.08631154159896
56384 6 3.9391681636544655
55075 11 4.4468613209797825
51846 1 5.035026640979022
31388 2 4.352188567734786
46764 6 5.141695604163173
51532 1 4.2893690878747135
199028 1 5.567471651385821
18117 25 3.8842180362810783
205185 7 4.019058501404441
33987 3 3.798941953721387
28193 5 5.135137241839175
136909 5 5.784059021235529
268204 2 4.135891141458979
5513 1 5.058915951773095
26296 7 4.193415520020416
34300 5 3.4110570954865307
37089 3 5.146206772914491
393341 10 4.117448184201533
38235 93 3.689650216568811
201970 1 4.687331388504096
3292 281 2.987041264121353
200533 3 3.3330080610496617
6006 3 8.462868193392852
265893 4 4.370710010285868
132899 2 4.209302150339752
8000 11 4.523706019395675
136234 1 4.886965083926291
202122 3 4.17473978806197
267220 10 4.746010387155273
26251 3 4.053723921581064
52961 2 4.426557745605365
42379 3 4.326539573714692
43096 3 3.781891631296393
266635 3 5.861387984850033
60178 3 8.06770852204769
210248 1 5.065176904508701
266363 2 5.07165678551599
25151 20 3.00847107671858
43793 9 4.119293708483245
31828 4 3.8113777233452737
263564 21 4.738774015749463
203233 1 4.122248128642137
23085 3 3.721010705457711
30196 3 4.2019893308864305
202123 3 3.9414244430126244
138 45 6.464811456531229
22708 1 5.205329309442609
35261 3 4.665252664345701
58601 17 3.496276961405154
265148 4 4.638680463821325
198615 2 4.6960408826629205
26759 23 3.827659141264281
42086 8 4.194518832142451
264897 3 5.16355626364428
267398 4 3.9781338238838475
10953 1 3.797260411546126
42005 6 3.878070998475672
34306 3 5.1572322103332535
206706 1 5.6382435025292175
4718 2 4.015884627042055
51430 55 3.972526498904757
62056 1 4.763257104143802
263648 9 4.3027871621372284
62258 1 3.6964156903597902
209987 1 3.868490627234469
131761 1 3.9351514566337986
12512 3 3.316761426958179
62511 1 4.64347521895525
17678 4 4.7116598202288325
395762 2 3.724813219509658
12552 301 2.8826384869286636
206478 2 3.798577235580303
18166 1 3.6013569983808082
136865 2 5.45417975115311
30870 36 3.63378985395094
38970 2 4.147297915401666
62367 2 8.04512862616311
396006 10 4.206197415098017
32710 13 3.7600451419523644
266577 4 5.101105027734069
52359 1 4.974517999409215
11058 0 2.5
55685 63 3.4202484069752765
58731 17 3.6510630622482587
263841 5 4.036244105919916
11958 2 5.042387689017415
136133 5 4.255682491296857
59523 20 5.235545840375182
4673 19 3.8261198256156397
134019 11 4.725515302958751
201713 2 4.8779488427930255
38099 41 4.918143200093402
33123 1 4.781296379834968
134983 14 5.517007542781466
30988 37 4.005101299605666
61272 25 3.7496000921048123
263333 32 5.205576441056387
6146 2 4.831543988456961
62918 2 4.321855658807744
15508 3 4.751226520327552
135755 2 3.599858765777924
37302 2 3.8218500881213875
138197 12 4.106369582481605
134366 26 3.8033770415901325
208958 2 4.020898663105501
36930 12 3.733308919784042
135370 7 4.221597719347412
139590 2 5.465375418273392
51406 3 3.7425548587309145
30945 1 4.0186473027753395
60172 6 3.6751856429450336
29897 7 3.898993558040204
29283 5 3.345060492339923
132693 5 6.358757917193711
51636 2 3.64907940070349
27052 1 9.944444444444445
55808 1 3.8771242216675654
20150 54 4.027842920853898
60004 2 4.740726495726496
131773 1 5.017705819411576
52629 7 6.101818330001184
43376 19 2.9968972226293022
327740 1 4.708084243798529
12009 4 4.262979448383492
49180 1 4.342910813864412
31704 1 4.634087385885415
16491 31 3.9101747848733144
55185 2 4.076098261269881
267434 7 5.34869585892307
198766 2 4.290825108533442
35129 1 4.651324931682074
263523 6 4.090965338431414
58850 3 5.204783355369624
58002 5 3.4946022119343234
265018 3 4.815130369148746
52382 2 4.995392238762683
266979 2 6.424878542159157
61074 2 4.379640697206383
25802 5 4.101522981966054
43243 4 3.555046527148154
267043 6 4.598376885713419
64098 16 4.9363043486658125
14978 48 3.468447602661402
8262 37 3.2393096211453316
54061 3 4.518757655905301
136468 3 3.795847348891713
269024 5 5.8369626004694855
15177 4 4.018958917090891
46556 5 3.802547379204826
139716 2 5.574694207525807
266017 7 6.4433736840839515
44100 1 4.839743561242161
54690 9 4.830419538861707
263712 1 5.481230086279346
60691 8 3.6663492907446185
136868 4 4.15632940101981
266064 4 4.658515126377583
53761 1 4.780112509882624
267296 3 4.645932408886486
45353 5 4.669965974674735
134661 1 3.6202028676305367
34312 4 3.72186505671589
205913 3 4.698159793341239
39825 9 4.7881833677420005
36916 71 4.121992579839407
133287 32 4.087700035837484
23908 24 4.006711208548211
41094 1 3.7981580267294555
13713 10 4.335503545996983
43758 6 4.402447293501786
264609 3 4.865237099959062
205114 5 4.39536475949288
394973 8 3.4596635493380568
54947 13 3.870168558346469
269326 7 5.871516594074364
4452 22 4.394682480871854
135562 2 4.038987513721518
44770 2 3.7934872979757714
34892 17 4.125376566028765
16573 5 4.796282590843588
267582 7 4.619187239753742
199164 1 4.406321303313784
57724 25 3.4851455871034753
135842 4 6.013976980319587
52963 13 6.330352462233485
41987 4 3.829271760452975
27626 9 3.0854911697859073
20916 1 5.064223280985954
62715 24 3.4462105533427945
30262 1 3.7035785004996833
31497 1 4.130461714125981
43985 1 3.9930469001897575
395452 2 4.915896204175882
267603 7 4.996424473977429
198743 1 3.704798129177012
28425 5 4.451161132341512
264349 17 4.701221978404221
267786 7 5.0933702250323005
29648 126 3.771909665314181
199185 1 4.342461732167615
31122 22 2.821723381607784
61381 6 3.5518977485089263
11498 1 5.5349014878571525
42573 1 4.07220980078123
48480 2 5.047867896302117
50422 6 3.8169362489369236
5511 113 3.1927618113639746
57398 1 4.011755168249255
52796 4 4.49429774719594
13805 1 4.515137185452086
132015 4 5.69762748432582
43366 13 3.257932229029566
22561 359 4.467147497688671
22344 2 4.789618693446165
7632 29 3.472987154682634
59150 4 5.0489057204997625
49312 5 3.7380711673741485
9475 6 4.690927701053464
17861 3 3.9433149948454926
16161 7 4.3184046308850155
10286 2 4.799444221746167
268890 8 4.163332216507138
54180 1 4.3915885519333795
206883 2 3.644795496984548
266159 6 5.561931189770255
395536 1 4.570816877885842
393847 8 3.643700290781515
39613 18 4.976277161957721
50161 16 4.759357288712696
48031 21 4.790272350257334
50223 25 3.7688328226231493
61857 2 6.161643566122088
63949 380 3.2904665201433585
63491 8 3.644778249516798
37113 77 3.6421253669979543
202393 1 4.744430272108843
16940 8 3.7728492673925587
20003 2 4.54795015958029
35243 4 3.8032046134522552
205311 3 4.644474698872016
2920 143 4.737714605591943
17598 209 5.219405952297999
201702 14 4.157757162393689
55598 2 4.113558722731172
204504 6 3.5902481586132433
23287 3 4.431191638543723
268501 2 4.530387705636783
204180 5 3.9538307982586436
262505 28 3.7601985260958553
3274 2 4.864786900566351
42909 8 3.304698725802883
30564 2 4.632146633578447
52567 14 4.780521514248877
39421 3 5.552192106200451
33040 1 4.325767864439139
394747 1 4.767726665742346
34099 2 4.1340412027379445
8092 112 3.9232531839627462
61828 8 4.376454025980317
60656 21 3.8567694787537037
29095 2 6.0
203885 12 4.7166852656085885
136337 4 5.802293258538238
14461 1 4.046185614139577
395841 7 4.662900432426303
22077 10 3.9397980650350357
60553 1 4.730657704058557
44624 3 5.507304413976674
50802 2 5.647018547364782
328416 5 5.553569894674627
52118 1 4.6640869041721915
42704 2 3.7666999666999663
268057 2 4.9697437477569775
201094 29 3.799304825543512
60109 3 5.297844869812776
264636 2 4.752628414392577
210245 3 5.8003354917890775
134768 36 4.0461732685580785
61358 1 4.6259102009102016
15221 2 4.005893898318561
3128 11 3.8685242798192823
19182 20 5.041320937599504
209523 5 3.7573499250748776
6700 72 3.7749102356792577
34402 7 4.65746762089721
200797 1 4.485661317688968
263946 8 4.367372188396802
263085 17 5.668304961968739
269255 3 5.381176046102016
40824 34 3.3562481362038663
199968 1 4.914043623829117
9546 6 4.585921640655499
61648 18 4.751052905454147
200615 15 5.193890125646187
31902 4 4.616828141350263
267792 6 5.828544692903497
262594 6 4.012131145142353
47827 1 4.534870486656201
33260 9 3.473402984789362
209487 2 4.953971489608126
50222 2 3.427610788634473
29306 1 3.6485470547970547
53085 37 4.879133643339166
14278 3 4.8770677926342945
50812 6 3.1078487035107876
60609 46 4.333132694004388
199551 13 4.568145216838504
202433 2 4.544917637553105
202292 3 4.422437546017327
131601 3 4.817489523880975
22076 1 3.9806791092505383
57760 15 4.726071620802324
32588 3 4.413631875649577
37161 1 4.906550145712707
40207 2 3.935844504124471
16649 2 5.236954281941131
19964 5 3.9686526918454557
63075 1 4.770352494765466
42498 49 3.547246953640072
42008 6 3.789462952645771
200061 1 4.617161516477886
137102 4 4.452567141852857
197221 2 3.93610251056117
132326 4 4.647122289372095
36656 4 3.821388438075848
6696 74 3.446157292243966
61265 1 4.215827643938243
269200 3 4.623745348387876
60929 4 5.802580053094034
53217 17 4.368787398795344
59638 2 4.585447707065729
49231 1 3.8816474058558517
135086 6 4.278538784608766
8018 11 3.734466822847644
58423 7 4.714440766466541
16696 54 3.142230957783128
35331 1 4.875169827435837
131460 10 4.934899974447162
201955 2 3.7855065340403606
395881 1 3.806515164273785
37192 1 4.765141481992588
37965 77 5.08519833028855
328313 1 4.068932302265635
210017 2 4.178273606567253
52858 31 4.670173427335208
41765 9 3.4771313798339816
27681 2 3.903395646499095
395800 171 3.0649478893865862
32893 1 4.001562136289939
264977 4 4.778365245574443
201338 4 3.9313167114768097
49723 1 3.6992158270483393
203842 2 5.208798284677157
61148 1 6.108128247413961
2470 22 4.178056210877766
59159 4 4.903220140034887
8956 1 3.8385265238006148
9803 12 5.131076929042618
13171 1 5.524728718216113
37515 40 5.065283012089703
15386 1 4.634646154915641
38702 3 3.820359661690051
265645 4 4.002987738380589
58715 49 3.3468405531278713
264246 4 5.447820463972498
133494 3 4.843008986427138
203020 97 4.506034152338709
38271 1 3.655081367187743
394374 1 4.199615043777605
134763 53 4.056047831520057
37305 15 3.8567942841049616
9942 47 4.001703047593169
22249 1 4.310438981327931
139611 2 3.0359505886950293
10406 12 4.256090989850291
267937 2 5.31765267932867
58514 0 4.0
62640 9 4.292970326445293
8774 12 3.6642359253893035
32882 3 4.7674903118086265
204353 45 3.905250163637929
278 173 4.5699152269871925
32584 9 5.004565723906182
266597 3 6.921511084887163
264996 11 4.509338294308084
265228 5 4.245222769675296
26449 2 4.432055673615409
205638 8 3.593341549697315
133791 2 5.115106027290901
263172 6 4.771541927138232
61570 4 4.657647753218012
53380 7 4.197409315655035
12325 5 3.7649058240127213
262736 29 6.103932314914279
37528 1 4.255614315138125
138038 2 4.37011016118159
49863 5 4.994628298036675
4842 38 4.578556242459421
136604 16 4.917046859595037
206964 1 4.009775854806961
16733 38 3.8581275880410986
36301 1 5.0005445241153605
38087 3 4.10103295586594
42963 3 4.506897472137164
33311 2 4.878397441514491
19445 2 4.166966466086438
209143 5 4.270960714607745
394046 3 4.568866173053365
27398 10 3.4332575400473733
37157 14 4.311648592253173
267371 3 5.021476800101553
43494 9 4.896776178776318
49258 1 3.6006194863337724
268381 6 4.736568693086244
269345 3 4.649012332053063
9530 67 3.814577303510279
29709 4 5.2835726751192755
3216 977 3.1818790621532234
10944 4 3.818776615556698
62200 2 3.969774707533028
7352 10 3.9466500710981065
262222 2 4.514791477338718
264393 5 4.24098459021004
11963 6 4.069133121106689
4768 100 5.165740511000122
38341 55 6.275201471925623
136977 1 5.220419647744155
21404 2 4.659233744650411
196742 17 3.618643985605976
37087 10 4.611644359760059
32890 42 3.2297353890345315
268537 28 4.931082330566846
269320 8 6.189993005606846
49765 35 3.9198735504540956
50095 2 3.8053544190182627
202145 1 4.922221342560012
17411 11 5.382593362324377
33763 83 3.480837249780824
33934 61 4.1267228904652455
396127 1 4.4704913805700395
135692 8 5.014003558975322
50266 14 3.1645141195789446
196688 1 3.704806569092283
394956 3 5.16316160314448
139042 3 5.372944473178995
22079 22 4.366595480082866
267304 5 4.887506292098713
205618 1 4.376609769372928
43273 4 4.816147777141914
50774 2 6.123990254492871
33001 3 4.0466417566622965
33354 4 4.197958394142284
199039 6 3.7764059611504837
60891 3 3.591838452552738
5008 5 3.8427943201389443
263284 8 4.694325923040357
42648 1 4.424680902108997
269292 7 4.977066867123452
262301 3 4.368762500375287
208500 2 4.115809239109732
264589 8 4.302519706124976
25752 2 5.01904498719975
268112 3 4.864473686962957
204418 2 4.476321485289399
9590 4 4.749758270946265
395370 6 3.834787427496788
62332 22 4.880172836190007
35784 5 3.960574259051696
208573 1 4.020205077241325
2553 7 3.9605971668561115
135646 4 4.5620591920525175
59122 1 4.9720573077715935
202871 1 3.819924171212087
22574 1 4.179473950303179
27511 1 4.527604501865587
48388 1 4.0750350304257035
24320 8 4.67274231899751
19555 10 3.8814697383771555
15294 12 3.015473606882678
64244 1 4.285298320468682
30263 9 3.8498064973174375
48659 4 3.527192710248965
33383 21 4.283920646819506
56402 49 6.100685502272217
19604 13 3.8017905300672576
19224 7 3.8956971692342868
56151 2 5.098850140934028
132764 6 7.684290954742514
264278 4 5.7515251235488165
133483 1 5.233074715294379
14437 13 4.857745526824606
55584 1 3.853118317096149
198380 23 4.509086048148112
60406 1 6.093785300518676
8869 2 4.838865831486456
134986 3 4.943784726683291
31880 9 4.19191185468562
37165 2 3.728263554681495
5433 5 3.8971405867959668
45201 2 5.182315589964081
24298 6 4.063387029098623
2088 4 4.579635212670927
43697 7 5.015794925000264
27543 5 4.174203187722365
267952 3 5.746306576872821
8623 1 4.075744031101174
136346 3 6.6236963515682215
62226 1 3.726744279685456
58886 1 5.6264990400167045
43067 10 3.850346634655342
138564 1 3.027886449578728
132518 7 3.59322650644505
43518 6 4.116654164072683
13828 9 4.012953018316567
54785 1 4.875367112362186
31865 6 4.184441146810668
137359 4 4.765610465557058
25505 10 3.979407987845638
265215 4 4.755567466890939
64397 2 4.011028257456829
266584 4 5.331665484848507
263262 12 5.04317636613955
49225 2 3.8449070922634583
198182 1 4.866477709651672
52881 11 4.770787178196624
17184 369 3.732920267794242
22342 4 3.8146340630866424
29311 25 3.8087561975689614
11475 6 3.492417603149749
62553 1 4.068228806406147
32141 3 4.022697706074225
39899 9 3.707318138266978
45396 5 3.6597574487475724
26137 2 4.021532687012563
13424 10 5.03584968136456
40244 39 3.5021430954349957
36584 4 2.9983395063884384
266009 5 4.897472176651421
197673 2 5.017516205271518
204805 151 3.6718694827725886
264317 1 4.400843468700612
28515 1 4.805372184830313
32592 99 3.907621283488281
43492 1 4.648228289998476
202672 3 5.936998482948277
28969 2 4.743589914598318
9231 88 3.9075267674514085
7725 176 4.089522895388929
131256 5 4.189617774818527
41233 2 4.5168264789307875
30822 3 4.920800337228909
131369 1 5.272814368810912
267730 1 5.1749775979661035
328348 1 4.25659056324081
55691 1 3.976436398397474
40764 2 3.8973180271412193
56474 14 3.696936361308091
27792 35 4.913290816759077
139040 2 4.321780068420504
55420 14 3.7663274487571776
48636 1 4.580431488781242
62366 3 3.643786154880158
197418 2 3.8163596817775263
39738 1 5.064752883800503
4196 27 3.9325807055543116
2200 66 3.3413113440716584
269168 2 4.144819514842137
264112 9 5.25237777684868
53484 5 4.760140717333691
264786 5 4.738414542181301
23110 2 3.8360723102006347
33551 16 4.188905523427946
50921 1 3.8583151061261662
35116 1 4.782120657120657
53551 1 4.890384825902067
206681 1 4.596366063237984
132216 2 5.75
39396 13 3.5244079526191516
31263 32 3.5096266426528224
32117 2 4.783148260682823
11023 1 3.7522782772782777
264904 5 4.577117590970216
44829 5 3.675330164591454
44723 1 3.7660403442580637
39842 2 5.700320495000108
264209 8 4.636370198858025
5071 2 3.765574199021274
32025 5 4.38303918488641
1382 1 7.180971133675361
59458 7 6.774625856476545
52800 9 4.69694561548303
266469 2 5.1361590238796015
262357 5 4.654926225839695
38474 6 4.813698279996762
203170 2 4.9162303619111825
5610 107 3.3773459737667446
199902 5 4.751545665344619
52433 2 4.694585734791092
21100 40 3.966804222726712
197162 1 3.9581801014106746
264785 2 5.813145553588903
327782 16 3.8580604711279474
264479 7 4.1420521368609835
14642 13 4.0276573996766825
266335 4 4.941688475015421
268186 3 4.955154822609712
267502 4 6.034765317104044
28220 16 3.8403282372690097
134849 1 3.5843864358745314
9234 14 3.6807859834152725
267721 4 4.750103775079146
53132 7 5.027898399044939
135724 17 4.255564548486081
58506 2 4.85153109284289
43865 10 3.928678297202881
266421 4 5.603315749434714
262737 9 4.301906217827518
264029 3 5.145046043011523
9922 21 4.721561270738748
61471 2 4.8737791970819035
35385 3 4.6257283385535715
40833 2 3.9951530058569604
51363 2 5.583233239325513
203180 2 3.4108178808844927
264771 5 5.0187443904922
42430 7 4.666110336133729
10085 16 4.40182528948735
20326 11 3.4398006617385954
25820 209 4.206925724445453
55682 2 4.975202739242148
135949 5 4.862227790111434
65555 0 3.4
23858 15 5.171550663664844
9708 26 3.9398007264825035
18932 1 4.411179253482871
262325 5 4.217869146369374
327986 4 5.461313602116583
268659 4 3.9335137792484134
395956 1 4.4452593827593825
37497 4 2.7591314693083553
14676 28 3.8036715276818556
647 243 6.462813470457742
13954 9 3.964936316142527
18272 9 4.0989076403838185
264391 5 5.4128713738995025
52368 20 4.122133292417023
206479 7 3.022826315026678
57743 6 4.484696931256501
26753 26 4.170755111421364
53025 21 5.017349319544869
53999 6 3.786514412804407
42740 5 4.101166397251807
38241 4 4.2755170802812446
51358 2 4.23520084266548
30441 1 3.7447976025069627
268443 2 4.9887562573108575
197696 8 3.1847220896443598
60722 1 4.3842784199927065
265739 5 4.51589781874642
52198 1 3.9506725276793007
18548 5 4.5521390749860515
19427 1 3.80240851011787
51526 2 3.9630914221766345
327792 15 3.7182370993712133
63872 6 5.049336681384086
267397 8 5.237114431564633
45043 5 3.8580317714754466
135016 3 4.225727710848494
56702 3 4.447755713941327
1956 1 4.206785386662234
45267 30 4.020273625994781
13337 18 4.151032480493212
55708 5 5.76569307303916
138667 1 3.7891021798769797
53437 1 4.456321000352198
54894 1 3.7695228772322373
31352 5 3.7768836024029873
63123 3 4.6511631501385295
48285 4 3.8037456630602184
45481 7 3.819582449830967
210073 1 4.744270671755766
63363 5 3.8027120121411286
264102 2 4.365167662515522
200880 1 3.9709619745334033
268883 3 4.766299962929606
41543 1 3.934820600325206
27780 1 4.5424558163967035
54412 18 3.9382426991274637
137941 24 5.035858438813905
209462 1 7.746840557109905
267579 1 5.6664123952749526
35130 6 3.826512927654198
6862 1 4.3800878903788725
62316 3 3.5811107015381016
52538 1 4.285222216207438
38565 19 3.777241964688
24178 3 4.471246212400569
55259 19 3.8116385779894455
63770 12 4.424399534110286
327820 9 5.447431274087173
8391 11 3.340785610549486
267224 11 3.7506365092082867
64440 2 3.835289538366838
26829 1 4.068771427893547
132031 13 5.689292875685895
267958 6 4.956565185151922
36309 1 4.459234383598757
138782 2 3.8324183886076577
53916 1 3.8065774206332503
393875 1 5.425080078651507
265888 5 4.705014079198572
43789 6 3.8591845523602823
53118 10 3.6752645385180616
42251 4 3.814759107600658
40353 4 4.056358448820072
393680 1 4.473775452819629
50226 34 3.756780511943618
43892 7 3.945488202736198
41081 3 5.348257153145315
265066 50 3.2040430361653853
135465 12 4.305698326856727
56807 5 3.997211615807759
58814 2 5.298081455811903
265526 1 4.336900701925333
3253 72 3.9077435121424897
266981 1 7.0
30771 1 4.004075007986714
38735 56 4.199105977255559
370 58 9.463243257500505
52057 1 3.773569155712013
39542 9 3.536522312469201
16417 96 4.070155426475895
264119 8 4.905742486200428
49403 14 3.2587729099604417
32593 4 4.772020948538018
1647 6 4.175331703275603
41497 12 3.381325465448334
202406 1 4.436962573835169
30995 4 4.896451377633281
198605 81 3.779179182986965
267870 5 5.442329169246473
52726 24 3.7672298818402523
199248 8 3.3616054923661474
200577 4 3.9119775569150015
6507 60 3.4940010347024946
203457 4 5.04469642054985
15251 4 4.193993837765038
50472 11 3.2244450400075655
61754 22 4.6152877071594105
1416 8 4.203371293163127
59851 3 4.042490529020932
23521 3 4.293975935445332
48575 2 5.167555629075379
9957 8 3.7644028468752175
40819 12 3.9578620692565174
209486 2 5.06783882966149
18362 7 4.626939698401654
25158 1 6.749671114620265
39791 5 3.3538642790870687
57468 7 3.6659901360287006
21184 5 4.123922609364496
12786 1 3.933364842557199
262502 16 4.405277204372842
55717 1 3.5807005384386335
55720 315 3.8306724560698897
197039 12 3.80769632031669
262400 9 5.006574987326915
15456 5 3.0441688872696355
16399 29 3.74831717110838
28111 13 4.759682516250239
29990 46 3.5186016032879426
21714 3 3.802923867776085
206581 1 3.799342939030878
7974 3 4.419658108595566
267747 4 5.050307736416111
267344 5 4.104979278066442
43756 1 4.216529930569339
131473 2 4.320246840751186
205295 6 4.967482925555392
39824 206 4.683369378809185
42597 1 3.792507783894339
20768 1 4.768016991178755
267061 11 4.69174844675142
55253 6 3.9389361798648355
