18709 14 3.9110915640774766
13976 1 4.281260648674443
55098 2 4.746371491125187
32261 79 3.7699938713670416
38191 50 4.269694245401986
206158 2 3.585074914748998
59148 4 4.895912501591697
47306 1 4.68934128396494
202198 1 4.3158869420822485
52980 67 4.401013097938178
61333 6 2.9885569288881757
21713 26 4.328506556106477
64030 1 4.107986986582121
133774 248 4.04992178518554
11377 33 3.638303644064237
132977 1 4.900727643206092
268575 6 3.979729596870199
59103 20 4.18774296890989
135460 6 4.391674287221396
49824 8 2.994938176680757
21373 7 4.897242618756682
59763 4 3.832664812442855
266856 2 6.828641420961562
5464 9 3.8747495610711304
35819 398 4.264993331426403
49304 5 4.367959091173377
202982 4 4.138803911347777
18356 6 4.9872235808088865
15633 2 5.176060660493643
57762 1 4.704658003919088
17271 1 3.602661628950627
31588 6 5.102482404619407
20278 244 4.356889725185978
47438 11 3.5741854423459793
7690 11 4.021527540392909
64266 6 3.705308902066984
17827 6 3.7860096682736937
49665 5 3.880299725828666
266802 6 6.3013703219849315
396158 3 3.425766489300837
32432 29 3.593443134242807
33661 38 4.146456531246393
135567 4 5.305112242027266
62966 2 4.199190356836254
14946 6 4.7025039657017755
15486 15 3.990208776814599
10176 24 3.9351810980060926
132739 2 4.369318654336556
495 22 7.491879768655883
266358 7 5.205395374073457
48860 1 7.284439856098843
268674 3 5.249939794211331
62203 1 4.651573275969284
1887 3 4.542577669261382
263280 11 4.386888289236211
205985 2 4.28744430280217
267163 5 4.844271970155259
135557 1 4.618216279972233
14303 1 4.75301140202618
33725 4 3.0321293922736823
267469 6 3.5856619112468566
209578 3 4.771285091754495
19039 6 4.113777956704858
59965 5 4.718806904959248
28929 8 3.4060461620625877
24658 16 3.755824738620986
36682 1 4.511833425538468
44388 1 5.400810036524322
23944 178 3.0603184792725053
206408 2 4.646358509215652
204496 1 4.123276132895948
393834 1 3.9556294755992942
53182 21 3.934473139260269
14438 36 4.054842867564501
12227 2 4.826790346718746
30013 14 3.478885170372144
204795 1 4.954724470323815
38490 6 4.520677194900797
267072 5 4.596351593508627
264549 8 5.037015598502963
53137 30 4.2805486840626195
328198 4 4.675033751101585
268099 1 4.746690665656184
13968 5 4.200730977181113
38200 21 4.596727696125698
61859 3 4.578685063460698
264831 1 5.685192309955935
30323 3 4.281180606211973
42333 1 5.285499156927729
204814 3 4.830917470033117
30176 11 3.479281289909751
29593 2 4.7824116388340645
136719 4 8.007754537319398
138714 1 3.611514339936959
209015 4 5.124503279715454
32490 3 4.359910653151822
203027 6 3.001077538763466
45102 459 3.724184714129003
263103 1 4.808927844642131
12258 27 4.091936669405954
3598 22 3.508915170508191
22698 34 4.4153346529427315
262429 7 3.2495238095238093
264101 7 4.597092838516775
206611 8 6.106181736006455
9076 3 5.950675426865904
37168 33 3.631903949068438
42894 37 5.22784962635126
8517 30 4.606267422088893
206288 2 3.8362885751009723
29357 146 3.9328646212366345
200661 4 3.8016183478991357
63168 4 3.871918545728655
14659 3 4.35601028661784
60780 3 3.802662693332119
54901 1 4.41120311726223
268346 3 5.885769625043695
200292 3 5.099842642568855
269035 6 5.015924044813646
30433 2 4.462364796001905
27759 37 4.016849599883078
264087 2 4.593935439684837
53024 15 4.501870832771014
15699 29 3.185880619257954
60971 1 4.103797327011613
57437 2 4.092094454532879
268947 3 5.710891169483354
62094 5 3.630439335274717
17624 3 3.7351335035178144
137049 3 5.189936905447452
31560 2 5.7326549684498636
37979 1 4.96932854264293
43304 7 4.199407567593259
812 611 3.331101403908616
327747 2 5.338988321711188
133528 5 5.449217057270486
7703 8 4.39760756692786
5468 3 3.973815184609168
266075 3 5.012805168448201
60632 3 5.47642675105011
395646 2 4.070757214467316
263555 14 5.796562936316754
8719 1 4.6853719749402165
41904 2 5.2301046244323555
42536 5 4.644944114543046
31334 5026 4.0258432068131045
263824 31 5.409654193781118
267042 4 4.685865662566238
48953 30 4.585357337475811
21754 2 4.43638700653479
20115 2459 3.0099699140936598
63475 3 3.8485444625528205
266053 2 5.007902309744224
56019 1 5.076228323876408
328553 1 5.043883350274977
202713 1 3.6535647471484913
2523 2 4.485859114430542
12715 0 2.0
64075 5 3.9597281992540534
265406 5 6.218946728666471
14175 1 4.554181738713758
133658 1 3.5985896929349317
38994 4 3.892613975262245
397715 1 3.029925251744088
15891 1 4.760588159567184
264982 4 5.253176489689265
10377 2 4.120580008208568
202742 5 4.38639672515042
263157 40 4.008944678158293
51675 2 4.220642080897221
393619 4 3.7732874912297953
203188 1 3.9811475019097613
10042 8 3.908390874001031
31929 6 4.646764838527398
268072 4 4.885556781200934
38227 6 5.476508818700043
62444 1 4.377708945891054
209372 4 6.025396000642305
328079 5 4.593683405180633
52196 1 8.750124629359494
50863 2 3.8459115038006293
31810 4 4.73309559215877
48234 4 4.374938254140192
205136 1 3.9508301222586937
30066 5 3.807689298556723
207992 5 4.602624954807031
263621 4 4.1851257352819164
24843 6 4.298262775308154
5504 26 3.764854150056734
200480 1 3.7072322109769096
14601 3 4.021018700845213
204189 7 3.770872697657703
14721 5 3.6054906144163072
263795 8 4.732084405116598
136533 2 4.6420049339342055
22003 3 3.6474434911855473
5860 3 6.837108454165707
207167 7 3.839755331113122
62297 4 3.7795580033559806
13525 1 4.357523825380968
205971 1 4.19203425977225
63590 15 5.714285714285714
204355 2 3.693068351097908
207080 4 3.3188253920112136
10021 70 3.8519027756452715
9421 2 4.974967189004863
197835 3 3.679268885627349
28334 16 4.125675745607536
29518 59 3.432042373467305
59092 16 4.300878420200142
133261 1 4.870611407840472
38418 1 3.9229735757686064
47587 22 4.431076923235672
267501 4 4.272467677059417
64472 3 4.612231341129516
268628 8 4.399998372471653
2848 4 4.082274596236895
45810 3 4.76078518067162
327872 3 4.060131857891049
62873 1 4.896986123324545
38174 13 4.723316043723962
263039 9 5.338569272834016
198511 1 4.7043863500354846
48666 2 5.191836734693878
47379 3 3.8244982695493337
27876 50 4.916549820084354
37418 1 5.664736495129686
49697 6 2.8875130025934865
45786 88 3.7915108413638414
10558 2 4.577594291769168
269308 3 5.401434466597199
55388 3 3.84020519183286
135310 19 5.680592325065531
393685 1 3.961056118020205
138534 9 4.655067180700214
53936 1 4.179473950303179
132303 4 4.275431008340304
35686 3 3.9336986824217335
54618 2 4.199211310447031
43842 10 3.9507234156213644
202840 2 3.765507362840181
267428 8 4.679340126428885
31764 10 4.767631776220459
48420 2 3.7804442613085287
14415 18 4.75628469070045
11232 200 3.477310129709494
17477 156 3.987260315278117
265989 6 4.943014193855133
43333 28 5.63513388497725
43919 4 4.86777728499066
133043 4 4.98243464796263
60976 45 7.20353379183752
49594 9 3.506611307348617
14889 1 4.570308963067585
133842 2 3.7898011687746562
268444 1 4.998931017161591
46028 9 3.760943405845918
55536 12 3.026791913448893
33531 3 3.6004644770304775
268330 4 5.339966906398496
17864 79 4.967544763645899
138837 3 4.400326222512832
209 2525 3.481583529916799
1515 2 8.474223788643238
46375 44 3.4221662054690167
59217 23 3.740605893281544
61273 7 3.7076788195375734
262298 16 4.657653007402327
6300 45 3.0158167953917165
26644 1 4.233881817137021
31676 3 3.7141044324346395
9229 134 4.443630242275987
18703 38 3.8260053248601147
393853 1 3.6983314678388575
328009 1 3.5553171696028842
394122 6 3.780263157624231
328123 1 5.055985617736771
52000 30 3.6128334022372712
197192 1 4.675170272091454
52956 19 5.770413168097103
49839 1 5.098810455204465
201678 15 4.688947592799076
264124 4 4.867167488779349
204706 3 5.162718507559269
137306 5 4.086301001270077
35169 1 5.001710905405487
58024 8 4.343259706237169
134382 18 4.246682534908355
5772 2 4.186556950358403
16732 17 4.494278817528853
18501 132 3.618512024602517
266625 6 4.5841645203913615
14839 4 4.677265109550944
25786 4 4.58983831182466
43527 5 4.0726098473814085
131178 171 4.392514664665001
197161 6 3.667514503314789
15108 27 3.1481783525418203
11283 40 3.830582684933396
134900 2 3.6387845566291968
53033 1 5.0
20105 7 3.95883966588838
138135 1 4.028626025510782
35857 3 4.032490628329903
58286 17 3.7268106709678053
33009 1 3.8174976291725073
132029 19 5.1975346249597445
32717 14 4.5695530561864235
32799 2 4.125741545255235
56951 1 3.856404318501093
39447 3 3.5443709180407046
30890 17 4.006044947318346
7125 1 4.4680476930476924
42388 12 3.5793291829587255
54452 1 3.7967054583803366
51698 19 4.095088516954193
17554 35 3.8581358664952328
52398 9 4.720548842422811
139326 2 5.557089917311252
266604 4 4.431790573617405
41000 11 3.058138844794384
9911 117 5.171735980197412
133821 0 4.0
132486 3 6.699665482145811
47370 1 3.7655961906293616
49961 22 4.266201715039458
266497 4 5.250534500528664
134655 11 3.92602368452557
35289 6 3.7832128991267044
61420 1 4.382868089764642
61483 7 5.145214113263676
136078 3 4.9013417334360225
263611 18 4.874987628509251
40098 12 3.90518751378243
52836 12 3.4151165778041155
22943 9 3.810249040883547
201597 3 3.820496175915732
8304 47 3.256002197121277
43019 17 5.103522686134668
266977 10 4.68669008352931
47801 3 5.828132846671138
7473 44 3.3214560342511072
16991 2 4.02525545899744
32954 1 4.289604250581261
135880 6 5.3434626391195295
269293 3 4.3037869149600825
205270 5 4.43431424507607
267695 2 6.936221275136843
23029 9 3.6572886582142754
1111 1 3.963501225960874
267487 5 4.747440557055671
56560 1 4.495290389919491
8832 1 4.662811175194715
46344 1 4.473525986875741
9319 195 4.849556582394657
3549 1248 3.726217131814778
43431 5 4.447127616455667
137977 2 5.329092756534797
4622 4 4.633870172956563
269298 6 4.742582548396262
13797 3 3.8017059659916814
25155 1 3.7649971827107
207169 15 5.095322398004605
15916 5 4.437274578893107
44473 26 3.6621279468317907
268089 7 5.545409417712637
138689 2 3.9544366464534537
49577 2 3.6535200186053953
202958 17 5.695583086027813
396160 2 4.067114506744096
131772 2 5.240735195918369
45752 4 4.626958049614222
29834 4 3.5544475510668563
13816 3 3.5058075460435676
13468 10 4.230265218107228
39532 1 3.8598402765069424
7224 29 5.454187410368366
203480 1 4.35955242884078
52348 6 5.132784265506684
38375 8 5.0729483286585095
263272 3 5.306417569928932
7539 10 4.08027980714716
25884 3 4.5818403168053905
37271 3 2.9613885185176554
134523 1 3.8445422928141832
38186 195 4.475395506133496
28989 1 3.8280296928696216
198757 3 3.777095731198716
267800 3 4.819375536704945
6124 2 4.601474433379804
48060 2 3.9348765083077146
63771 22 5.1368876806181465
61200 4 3.694154740939748
33234 17 3.9806802968767347
24389 72 4.2446504771476885
7896 270 3.036946559870183
15211 17 3.463712291791809
9205 4 3.993088807882811
264507 1 5.029076370969844
37349 32 4.307393188439527
206517 1 4.410542029757825
53263 2 3.956931269711399
51204 1 3.5960390317533175
61771 1 4.262603002422379
52905 8 5.873798149782568
61251 8 4.73882761513227
268003 4 4.746857475675209
266640 7 5.2894332334853615
202497 2 5.767538032903481
197592 2 3.5514871230030804
58298 3 4.422646916147411
265504 8 4.812531084977311
60377 4 3.2526696465532416
53640 2 4.45404211219526
46322 2 3.817102860358166
14904 7 3.81418949176427
208094 1 4.678776057445928
268017 5 4.951974170886031
267307 7 5.264770395137968
51609 8 4.802839349120136
35664 12 3.8088195144180412
20283 10 4.04175073668828
61634 7 6.172075855794431
197375 1 4.645011726596774
26224 3 3.8130778450738014
45537 2 3.5814879278826615
33043 3 3.812211633442132
60782 5 3.8232984436144233
250 4 3.318501359948974
206542 1 4.462879184307756
30986 97 4.4851378364995345
60245 7 3.871877190331273
63914 4 5.515713097702759
263992 3 6.020779663721889
22082 1 4.198618006393047
55826 1 5.993740449042854
14887 1 4.901885056516292
44434 1 4.451732087471004
22687 10 3.524112100277448
201295 4 7.453763529073866
57136 21 3.3812421496175724
3602 242 4.333725568391982
10231 7 4.041082430086838
54578 12 3.0110564082380997
63888 147 3.581269112906324
201093 6 4.440975812107709
264436 10 5.81528679118548
14942 1 4.770352494765466
21985 2 3.818671147012691
51250 1 3.7820391087430445
202552 4 3.99130194156192
7355 1 4.512243899071856
43594 9 3.9925797556794436
134610 4 4.933830476914766
47683 2 3.7866748564227546
50234 1 3.6391776918287144
35619 11 3.715306972093223
63001 5 3.8488426381944487
206220 1 4.842068230384283
45357 2 5.273120517458834
14818 10 3.817689118647328
199992 4 4.709492901702447
137309 1 5.432618987471203
268816 7 4.394993493361239
265714 8 5.226920142613726
19255 10 3.7772380207142247
45366 7 3.9395897551642927
268400 7 6.230471601414017
267684 6 6.630468176769044
133025 1 5.006444383628291
49186 4 4.109237440980975
35981 3 4.466710542727002
18403 1652 3.217220012948024
8311 14 4.313617716505299
38303 3 5.572463861082457
43144 1 4.945269945643081
3152 5 3.9348603136698705
20776 89 4.183611597587413
262754 2 5.249601955477532
49616 1 3.9795607392796004
132308 4 4.977013291228734
266319 8 4.019530122846111
137454 7 4.615167504034915
40328 36 3.2344697333725594
137648 4 5.005460660889738
199399 2 4.878534401320852
263470 17 4.3261095950500605
13095 1 4.820023081017218
395046 6 4.4986878413031075
133840 5 3.6593996218665166
262838 57 3.5150428796179236
197678 2 3.9233102487293907
5786 201 4.455637772535715
47830 1 4.016160161853789
61590 2 4.995553936149894
38199 40 3.8590853087490466
200721 0 7.0
197664 3 4.303843630285639
24485 2 4.719306613413094
262277 9 4.541002212205451
395363 8 3.9146675144553313
60026 1 3.6381780362872798
31769 6 2.9461083050973893
60587 4 3.675063757447789
25568 7 3.671172526129155
200685 1 5.07315962054834
327727 2 4.216043310047163
264936 8 5.325905429088563
206162 1 3.7959968432035787
267136 6 4.935539891004092
17249 11 4.665382451004224
262692 14 5.580473762326858
22511 8 4.064600802147867
16110 1 3.567931010788153
199593 1 3.876868634011491
26165 2 4.436199893282217
64078 12 4.015443952979403
138684 5 4.011977871653057
43213 1 5.187852374827165
30886 58 3.824352073762584
62062 2 5.547134715007805
61033 1 3.8545728166695916
262514 8 4.235489737625541
24526 11 4.676133124480055
357 16 9.473468769145953
3743 10 4.467651067865459
199374 1 4.288057091398105
52270 36 5.462706844581281
198098 1 3.8984528794288567
266303 2 4.811633133061704
54964 1 3.809367812750408
12577 9 3.8317284607459317
133803 3 4.993983980679941
5979 3 6.462716058388591
264276 8 4.246828547608225
30866 6 3.880406226893505
199536 4 3.490493488055727
265737 4 5.527999293549423
27928 51 4.3296074189467895
42120 2 3.8314222991908906
265282 8 4.8983768771592855
11056 2 4.470154680233339
12978 240 4.8271409528450855
5409 6 3.2368277497018414
16288 1 5.154568975997547
136971 1 3.9996363681006013
39633 12 3.7970945067858786
44847 1 4.873012339264063
23768 3 4.512362958678749
196821 66 4.08357257468992
21282 5 4.6484410326995125
63004 4 4.165041249739242
263619 12 5.451118133877271
10030 143 3.58012665349519
49040 24 4.507391711348987
61468 74 4.523769782773637
51712 1 3.8317383902359277
21794 2 4.435242636400271
13127 29 4.210014604215331
196817 1 4.403628278308081
55229 4 3.1931233196778597
204619 1 4.0934002070315225
54483 13 3.1092170872543146
10388 4 4.817764146653543
138487 3 5.4033100812523385
28241 17 4.123422001865386
16673 11 3.8372677320417887
393486 1 4.463436422787819
210213 2 4.762059027579482
29399 19 5.128288593917977
35984 7 4.958655095486363
58800 1 4.662654919483439
269563 4 4.667611525027203
133711 12 5.0144198164094265
62090 4 3.9713263821181393
132952 3 4.759589688506584
133194 1 3.037089914256361
136753 2 4.334212655267241
33867 1 3.8217187574330427
53797 1 3.9920719972363163
11844 14 4.736761098094317
25030 3 4.923455080270231
19816 37 3.9168606537991772
28116 2 5.843995169030629
266245 6 4.177884830132345
13205 27 4.179904658594515
267429 5 5.619398820973979
210021 6 4.720875869702011
200390 3 4.669685918259911
133702 1 5.467833634797921
268203 4 5.057311003908571
328015 9 3.8924061050346253
265379 7 4.257349968930761
266715 4 4.1621305686539225
49811 3 3.73736768507727
52200 3 4.206474655979148
61501 3 5.777899605799897
203645 11 4.008685068950481
13837 3 3.7583776221953555
266321 4 4.998839424635088
29713 11 4.129993189024113
393442 50 3.0532076466774902
18227 7 3.914615287760915
57240 8 9.018014187044312
40255 1 3.8016759093852692
264547 14 4.858155111225055
327793 1 4.577382687757547
42190 1 4.561535411460158
29974 74 3.7518778477511896
42123 1 4.388334225220914
22591 8 3.58043316511071
25729 1 4.462364796001905
39263 6 3.8127474132822026
10921 5 4.203136253730653
55734 3 4.630796448233424
31191 8 3.7592592592592586
199539 1 3.7669405862954246
9009 2621 3.1277750410817027
13367 12 4.091568882725497
3917 23 3.833451355383276
48817 2 4.626739446853746
33965 13 3.2716504029898203
36089 6 3.951611739319468
262150 29 4.624488756409335
132398 1 4.842110975320754
197063 13 3.851310633398979
50833 4 4.457559555057297
262758 9 4.62069074306937
21077 9 4.740614516794504
26084 4 4.5717849560851604
1781 9 3.93123271806282
60546 1 4.197722533796771
13591 230 4.1453626922320135
46625 1 3.80240851011787
45284 15 3.6157068073752923
27343 14 5.009594645870635
57325 2 4.243422023091117
2643 5 4.067296699865565
268968 3 5.173989020597862
46034 3 3.8654979515281864
41122 1 3.9893943902347266
50880 19 4.751876229126989
393896 1 4.43340111326975
43350 169 2.729596647090181
201471 8 4.154902400603111
264948 5 5.542085341356973
56598 3 3.6648046288581746
59665 3 4.425157199757887
50601 4 4.312033007251112
10379 2 3.8071250634058513
20321 1 5.031970366494177
197680 1 4.813384521833062
52145 7 4.266304169801734
208876 1 3.6751189975593532
266706 1 4.522741578800693
45548 2 4.227954502331027
43352 14 4.43661889358326
45355 15 5.1702447941326435
133874 2 4.872874547640983
58500 0 3.8333333333333335
54006 7 4.476359612869522
4658 24 3.0583238371034365
15447 16 2.87057402807352
51751 1 4.074610244253102
51914 2 5.016822505532552
22036 2 5.03139103311288
394167 2 3.773878723903355
134401 16 4.9884151384735125
12135 5 5.000800110602155
63134 13 4.472655908011731
19429 545 3.88877774440301
56946 8 4.384940747692828
135047 5 4.3453120770854765
52581 1 5.711115368202607
27446 7 3.1881036721907194
21453 46 3.312627833982514
135223 16 6.017530277463033
198820 9 4.003343984896223
17382 3 4.027394114419478
57456 6 3.775956577456605
52202 1 3.6396347219950047
18077 33 3.958495127280372
36857 10 4.4506820898393995
267596 6 5.2243756468192775
265775 9 6.436958754920228
17235 2 4.432847403413714
26917 1 4.904558900322447
10680 14 4.719740637398668
14220 8 4.5145307465750815
27933 2 5.692473572306163
393908 2 4.7592665105528615
206399 5 3.6430787122011643
49254 1 4.588665441928988
50398 4 4.599318652327095
26864 22 4.463805065398774
263580 8 4.3234719008716
63439 1 5.238969924058184
200982 3 3.7317455210518684
57830 2 4.495800766766934
58557 2 3.9497140250268967
328370 1 4.113178334011667
31147 18 3.492366489635236
17781 15 5.0722043652663755
267134 2 5.586496092537687
201891 3 3.6300695437780597
19643 7 4.175051146590404
397105 2 4.280596090645352
60153 5 4.366058351533678
61698 3 5.304042165128356
29143 3 4.8043610666275285
59602 1 4.081043691757978
26857 9 3.9802904899145597
33371 9 3.814865064170636
19858 2 3.928214006175505
7001 2 4.640134637996006
40216 4 3.6603681517129187
59188 6 4.079695038506677
265086 10 3.89676497768656
51010 5 4.73972661088769
22038 4 4.017225473223735
58478 4 3.886172808918067
35022 2 3.862113829720238
7490 34 4.2741807460864045
27501 56 3.589535790107188
197602 2 3.9294039143726964
50557 1 4.559545668531844
263073 43 4.397388270959088
1746 14 3.850301650825584
208208 1 3.7471441166022452
58697 5 6.167125425475857
59572 1 4.491201973159705
308 2 8.487012200154648
264796 4 4.3855928146450225
2486 8 3.039609739320014
139211 4 4.483319002621806
4826 160 2.8676449774921364
17903 109 4.249903439936549
17338 23 3.1025185639364516
63264 19 4.147858277298438
30117 1 4.463024136661247
60853 3 3.5527479235136434
24139 62 4.340992414409786
16394 2 4.911980172263424
268047 7 5.864998881366894
31744 5 4.154234923794093
16713 46 3.448516268029735
32166 1 3.7708229889797376
55625 11 3.823473611109261
263217 2 5.735715974448528
135031 64 5.011287331408206
18571 1 4.026753645415616
132882 7 4.693555773062589
268663 1 4.617814566235547
395005 1 4.087442486966296
199833 4 3.7433275055817865
22828 2 5.812680675867645
57753 7 3.8226764649282203
31689 20 4.751906869205122
36645 3 3.98590356844884
264776 3 5.80479630932833
202931 1 4.994898402251344
49177 1 4.75930296669213
50372 10 3.466666632708188
265844 3 5.103165295938707
263516 5 4.67792697129451
23956 175 4.946385966545636
199883 12 3.5131634314788416
40614 4 3.805006025449713
39182 15 6.521673684289256
16700 14 3.028585183646943
59412 1 4.824951081614195
137945 11 3.828272814121805
35205 19 3.607319687399059
267863 5 5.756849200520693
265984 6 5.368618088998139
9433 15 4.9218208168268145
23392 1 4.208745078736868
60878 2 4.587303289993311
61077 1 4.771003093786345
133042 5 4.975222587268842
3756 5 4.824899175905588
58542 65 4.040623898696935
31097 3 3.5698196529542203
262531 17 5.167079401231718
204102 2 4.515063434946165
51409 13 3.3185127946967405
266587 7 4.7318379935795924
203374 3 5.123941142888484
200863 1 4.863882946398938
55839 22 4.843545922480231
61632 13 4.9605439227238595
136429 21 4.6446023721901675
60088 1 4.5002788847044455
137588 4 4.595092320792602
266039 3 4.854353457282679
24270 4 4.248802147903225
29529 3 4.210760892754331
43628 2 4.437786763113129
268322 5 5.522868643720465
46428 1 3.604614261855641
42603 1 4.597289895062552
42599 1 3.854652102463162
10199 89 5.014054211218735
42697 4 3.974636117523241
198317 8 3.827930843094811
132718 4 4.864127525184817
34285 14 5.0256585640761084
209011 1 3.5
51891 3 4.3000561125545484
24295 45 3.5513818989468353
197491 12 3.82553243753477
266814 5 5.066922506008315
22921 5 2.997029846587708
209706 193 4.710485355521961
204445 1 3.7788727475432204
17913 9 5.922296374488493
394450 10 3.012253020112751
46616 11 4.386829368135723
268891 5 5.456395779823364
48489 1 3.9257258614401476
52589 3 4.666344372636538
3268 3 4.1334291207637355
394975 2 3.781508868209824
32049 1 3.7543989535368847
264174 1 5.049986917844061
7570 1 4.316005025275364
55626 15 3.9326649314927087
15265 7 4.214181047844395
131207 66 4.008735419588258
18008 5 4.703769360436799
58880 1 5.011908063846693
49609 10 3.6264590253034887
25260 9 3.727782914090168
205065 1 4.4789442369799515
135909 7 5.365738107361816
35625 30 2.9297713572462363
9228 31 3.9279090964057852
204947 2 3.7593840536048178
196909 1 4.514792614792614
12996 21 3.4702351126303213
64114 47 3.9347047838830256
43191 10 3.6447550683004417
267457 8 5.8710372708508505
12597 31 4.62092042872101
36180 29 3.8177985291239853
136324 7 3.965536946485169
327972 2 4.668769161433444
264358 8 3.8231658843377816
52902 2 5.820136139848544
328106 18 3.8008325808334384
60286 2 4.411808361599486
27763 9 4.746528030117404
201278 1 4.010499356927928
30134 2 4.43947743467714
47530 6 3.8292107294910833
267003 10 4.4495508850725916
27937 3 4.471992900684714
9840 32 3.947470687873815
395190 2 4.294716943266156
268264 1 4.311948548319649
206787 3 4.380794714031123
61737 8 4.382172451554464
45212 1 3.8464800778807016
206015 3 5.002711722398951
29050 4 3.5749157339034348
20067 1 4.198481256929532
26850 2 5.358693512289572
52091 3 3.569887577429615
30382 7 4.079836427052794
6679 2 4.420897912851945
206233 11 4.142957270973945
210212 1 3.8913030688376304
267493 8 5.206032430677211
47725 10 4.14029608081881
28560 1 4.530493045238529
207029 12 4.243476019775124
9113 3 4.467972376928604
46251 1 3.5754567515320215
62204 2 4.033062016436402
8326 6 4.516486372811163
49402 5 3.570643547213032
31390 4 4.7551983801183315
29421 1 5.545703409067464
269120 4 5.014789558416406
30630 9 3.9470336661032173
13393 1 4.659656318564364
200106 1 3.601944883619542
23632 2 5.513157873872158
4717 1 5.145833333333333
60639 1 4.523091046598511
264178 4 4.462010753854386
209844 2 4.390160123806455
14051 31 3.6158973320795296
31374 1 3.8011919823927207
265172 6 4.806569462648698
204554 1 3.889344709736415
206910 2 3.8071954533961536
265354 10 4.792894783983496
137640 1 5.594452064690161
60043 2 4.662707609660872
16096 15 3.869927993570684
53419 1 4.8773770072292235
31149 2 3.901993136571589
9867 21 3.935012262396259
6315 26 3.032320288493237
265899 8 6.229075618634294
203600 11 3.8776367047838014
264342 9 4.756422235177235
20202 5 4.457989970436772
41386 2 4.009671177332978
24796 4 3.5164627763116414
209859 5 5.67943187977197
61248 2 8.911950351236063
34670 1 4.017212626986278
45720 2 3.885433208429026
327829 10 3.750142055576763
267067 10 5.064880885628051
39505 16 3.3374392416125027
37377 4 4.783994316967155
55188 1 4.018658325999298
25021 2 3.849651538433181
328159 1 5.18424388146063
12109 3 3.7383555234321526
59679 2 4.5345731659982
29784 2 4.747783512503578
44640 4 4.017650473856413
55341 23 4.373324869995605
197991 10 3.815322821476492
262877 2 5.148203704491737
137656 2 4.643889537490729
267039 3 5.39800738787368
58659 82 5.501121930560998
51681 24 3.4701269971614606
23367 9 3.244442672723577
263727 1 4.3122742050338525
11760 2 4.179338921932857
30043 27 4.385455759035809
9488 20 4.035774425714215
36920 48 3.754957164330977
41653 17 3.4875568533484804
262434 41 4.177232161633655
17633 13 4.060716235067375
267208 5 5.615919027116257
210052 4 4.555161598296552
203627 1 4.114657961086532
205757 2 4.633866491976813
328304 2 4.681720230438718
6306 84 4.7154211489208775
16993 4 4.187769058846645
44305 2 4.768380161619078
55545 16 5.264311251710284
51147 1 4.101625177318142
59549 1 3.8360617373496533
19872 2 4.014468550923981
203623 5 3.5436330042108026
6819 2 3.8249994124214055
201677 1 5.068191534954208
58505 8 3.830629222209273
39650 18 7.927923718499618
203143 2 3.580049339195138
199381 1 3.7994420293114084
39460 1 4.449575603188135
17231 53 4.20072848749757
58034 1 3.7171649417447736
35764 1 4.257738583868059
39588 14 3.924131173583804
138781 4 4.591564983931932
395434 10 3.1688522437315823
49981 107 2.760541707927677
57105 1 3.853355105169621
3551 247 5.583888483757439
327945 2 5.4590313046732675
42426 1 3.6650353118840515
37645 12 4.133474572290568
59421 1 4.666093802297719
394216 1 4.6689434866483435
265485 7 3.9332126949133213
47375 1 5.104864212480611
28610 5 4.2192903478475845
268145 7 4.679176841364374
133659 1 4.687897353968784
131733 0 4.0
64493 1 4.017058455492777
8720 22 5.1450064829399675
394729 10 4.494825680317179
266322 8 4.6016735451627895
50547 2 3.985176448118076
134810 104 5.174439076684606
16872 1 4.2048590663122685
59949 4 3.7847239200171288
199487 2 3.6850031746884007
268408 8 4.8233247524405485
4387 11 4.830975021990823
21388 2 4.199264169851638
265769 5 5.124719263504891
3601 2 3.604786748286902
61110 5 4.027290161089703
5696 16 3.8126018021160895
52366 8 5.787823304824318
206226 1 3.0067817538029797
45268 3 4.965778598458224
15250 12 3.019735424449613
198197 1 4.939245313568028
24455 8 5.2033601632452635
46976 7 3.981299744916834
201297 1 4.10688330316521
49500 2 3.768782466606141
3178 18 4.860847639735367
55819 17 3.0492571815675946
397384 5 3.812723906012558
48154 1 4.130148141208001
31336 4 3.7113541958562815
55510 1 3.6517863309529974
28183 51 5.273304062892142
265260 6 3.906627846262706
10701 1 4.811470163662283
30141 1 4.449685807715364
42411 13 3.1446399351917274
13880 15 3.9810470531942608
8147 13 3.814804386920266
55193 13 3.3846667619749544
12033 7 3.001051014520259
47018 2 3.667197322029255
135733 4 6.013752400066029
264788 4 3.777474643873762
1724 1 4.4380769028631395
61971 1 4.580019191559856
62253 1 4.489451114411136
134893 1 6.823549660064439
24342 127 4.250055386841858
137554 26 5.675457324299567
34760 1 4.108071932476694
203068 15 3.6809177612720405
33604 5 3.0864089481539545
47800 9 4.42672679230706
202611 1 3.7666999666999663
49955 1 4.465142871445392
19214 3 3.6790886271982295
45541 6 4.503990197804683
8895 140 3.856942217956823
41352 3 4.384536204323742
35960 9 3.7614890434610158
6903 24 4.539319867514289
267675 4 4.573512669088651
265232 6 4.182603915787807
38716 26 3.957084498656125
132795 1 4.018379574051842
52810 2 5.656687695204452
48095 109 3.5392150821613484
48284 10 3.5565249182977343
34079 6 4.196964778413142
13243 10 3.326392778097511
37552 4 3.989316172272934
3225 90 3.8318992421014535
9732 3 4.092443961825976
35990 6 4.002150061606791
263976 1 5.754597026911503
202537 1 4.338971338341086
52826 2 4.820145761990382
268201 7 4.538888386223892
19330 3 3.0402678127668517
264033 7 5.238842144043757
197540 62 3.839188891883464
201747 1 3.9324603775640643
263831 2 5.562472777107529
45243 8 4.827849975049027
265016 6 4.445014301191884
12829 105 3.884455300673982
265335 6 4.485441211170475
202634 3 4.22546471391382
8549 6 3.7201038093982013
37301 3 4.092588959251726
42051 1 4.026210426851051
60661 0 3.0
63398 3 4.693768533054247
137677 6 4.004189961262577
264989 7 3.992442900039672
394897 2 4.075749749675132
11597 25 3.0406124732594204
267531 5 5.940510063345581
35024 1 5.622147288680739
50119 1 4.449274682678044
197255 1 3.7201200282530644
37373 7 4.535590920296611
29789 35 4.50328864893554
46208 36 3.0223443530817558
137940 15 3.103272030289151
266114 4 5.2432426142684845
394700 15 5.027481919712892
55402 2 4.718338616047045
393278 6 4.093887418300406
8909 1 4.764528493735549
262415 4 5.142026443019729
28535 6 4.734719059700913
35675 3 4.599622519757231
139335 4 5.510479484228817
199787 2 4.782925292401273
264509 8 5.292553084170205
42337 398 5.798263222909242
52377 1 4.767172113600685
131780 1 5.37685580228783
264 8 3.9741448617354203
51557 4 4.979815823532205
46882 1 4.803293993654977
18120 4 3.664754479226536
35816 16 4.844227751658311
51921 2 4.7492840502770965
49531 65 3.433845319021791
266806 6 5.303734186362964
197854 1 5.4511237439808875
263789 5 4.34489434660779
52994 2 4.430276718421078
9468 4 4.345811660700497
39829 4 3.8678384191561994
33203 5 3.6544724970173057
328207 3 4.597630417393934
35584 11 3.6769731598892035
55405 6 4.699180673013943
20841 1 5.093974669738217
132217 1 3.831759162745146
264493 1 5.091352024492781
25152 4 2.643050090421545
8590 13 4.0736784537126125
20582 2 3.488250600499161
267106 7 5.517940399255489
263530 12 4.879924804778043
55561 18 4.660862138810376
17268 1 4.308434592227695
29686 18 3.2201721348396175
133126 3 5.207461745526957
268141 5 5.363693200085284
17556 4 7.0
133235 4 3.974606350974086
36105 11 3.8040574883609333
23704 11 3.0486945942412316
50727 3 4.934505456574749
268221 7 4.136147952154993
54555 3 4.4167765658291005
44800 2 3.7573210050230497
202687 2 3.8297161294261834
15974 21 3.723759443704156
17353 5 4.712458712155712
61684 14 4.5111471542367205
394001 2 3.8374368200948004
50488 1 3.8523029590131057
209500 1 5.908900404698725
39219 1 4.422160687636878
266410 11 4.5012986110580915
264742 4 6.222177874092565
263118 6 4.429430361004154
205321 1 3.9906706590958936
46026 16 4.25510595988343
136295 1 4.60443362943363
52524 1 5.4659936624222345
268710 8 4.081445384059457
131240 1 4.769619948560836
18723 18 4.428547006334848
58067 19 3.449120772120121
28313 9 4.702791340136366
52419 32 4.635617461274308
209237 4 4.2273524221819105
201314 1 3.804886508985475
14230 93 4.213640849243174
30018 2 3.876054510339597
42926 350 4.287159975607649
47495 2 4.760350760350759
397591 5 4.693681663663349
266043 8 4.700811273317969
40674 1 4.524821570511226
61923 16 4.098775512167744
23257 2 5.006464088730099
134059 8 7.012909396197817
14556 5 4.048212083307902
48815 14 3.7753502986930556
32053 3 4.019464748290692
199778 1 4.645854934767514
23088 8 4.019578653991756
327754 24 4.0011011163916885
16625 3117 4.738445883324642
135959 4 5.457004452751315
42513 2 3.5877676378928323
57804 1 4.803959003959004
16807 37 4.435267340185314
15736 25 5.648190933088954
37116 4 3.98007544748453
28505 8 4.624362683475984
20771 19 3.748278563189429
265270 5 5.297339211093703
1339 9 4.179631047572711
15626 24 3.783859594126158
262715 53 3.7892775219818766
61774 4 5.029157992228903
22649 1 4.198481256929532
263040 4 4.3453129542415265
137888 1 5.954544166167353
134585 4 5.384158817014575
50045 2 3.79876282211037
56547 4 7.047871127702947
268142 4 5.60051163252161
42695 87 3.2909897457990667
264447 5 5.641932597508922
4544 26 3.8219552520583226
266931 11 3.8565861075133334
20911 27 3.477822507905591
9327 2 4.352467043994138
203542 1 3.585346080934317
7633 302 4.318136560459942
24375 2 3.8480220165765635
264974 6 3.987061360011698
11230 3 4.822914974220957
137619 4 7.763238416694905
265952 9 4.197500495418059
266408 4 5.198342980162385
135868 4 4.595717687218242
2159 13 3.7172672592469618
264819 1 4.764394431512658
16074 50 3.7745073207288793
136854 4 4.423014729764584
41986 2 4.102277920348036
8245 9 3.5117666165658195
269820 4 4.762025217985809
132968 4 3.9769889326431342
200750 4 3.8505134213246195
39127 1 4.711832578979783
137505 5 6.5586961854293335
267776 2 6.127674696497722
205036 7 3.950882765792015
32551 1 5.324169741617369
3130 9 3.6167103699017016
49505 661 3.108608154436115
262331 1 5.271811482624291
268795 5 4.190899180806883
37185 10 4.769882877964381
200309 2 4.485926791560268
327942 19 4.812704621228825
207059 3 4.102432245182099
56942 1 4.669502736738762
24110 4 6.35929483494616
137810 1 5.366393906221491
19525 3 4.163466036487079
265393 7 5.656638320488895
60191 7 3.476649319999513
41571 17 4.047029061918395
19900 1 4.305117087801817
27831 11 4.605667074602606
9974 4 3.854186926756656
267217 3 4.368126205430812
15557 103 3.1110719919076137
62915 7 3.711598360074813
43580 1 4.51462167433499
45583 1 5.356423195715068
132696 2 3.293428459075171
59579 1 3.8991067802233643
35946 5 4.528099848876541
53208 17 4.650516406655425
266231 4 4.522261491473054
134004 20 4.306116571877392
132627 9 3.8384328818166464
18827 3 4.008223728029343
54916 4 4.349519948405274
60363 6 3.885358487230291
133650 1 3.605330571104381
197134 1 3.6294413258698976
202205 11 4.684231140157572
262802 15 4.8703292281150965
64404 3 3.1986780446464733
42413 1 4.820923342141829
134356 1 4.009203639848801
52624 11 5.574147681641634
5048 12 3.4395816057458495
63641 4 5.227173809627227
266047 7 5.0240992985911905
61330 2 4.753755378675329
31129 2 3.6879503330710586
328081 1 4.863966604988598
11399 2 3.0482369857401777
60270 1 4.48797476196491
132167 34 3.1222431620253355
134878 4 4.680789529104621
206182 5 3.7859782731599574
267252 3 4.983650016138495
14418 8 3.8706732776857344
210234 3 5.140127026284315
61925 1 4.7576119647548225
34731 3 4.677484317697604
60435 11 4.41730570374312
59361 1 5.243591791934693
269218 9 5.148001972909852
204288 1 4.753177934551685
60453 11 4.407366822222266
42246 2 3.722328320876001
56574 1 3.9279949553058797
395095 4 4.797290811850475
46977 12 4.194365105018498
61029 11 3.583792586537053
203675 5 4.387972773653682
26945 2 4.179633681827125
4818 18 4.532320500839651
24000 104 3.9287644617352337
263395 15 5.488630955401716
17444 273 3.694471895952949
49362 13 3.5192291883497613
266565 4 5.096823721802663
15468 47 4.067076618621029
197802 3 4.702568900246651
38836 5 4.481757604583175
393218 6 4.542237919557236
138856 1 4.649311127814787
1252 11 4.549573035941542
136841 7 3.840844551133605
202266 1 4.816818764986058
42044 9 3.9198040301468833
138600 5 6.610768809850269
132061 327 5.181093022060303
135779 4 4.851300073606761
40237 36 3.6689577595237375
133247 4 4.591051754887581
41095 122 3.1505819643819315
3820 6 4.461571178989576
33808 7 3.9832786589804705
28644 2 5.353249599768138
46727 1 3.7854114613720533
139025 1 5.540908713716962
57243 1 3.86536162250448
135763 6 3.7344537480434497
57221 1 3.8128226304519024
9153 12 3.712467325622329
19092 27 3.8074326146802533
266510 5 4.851894839138231
62691 2 3.9763161345222358
3482 3 4.133444179159262
53166 8 4.990619621593309
40221 6 3.956618701845997
268080 3 3.7700652555180874
38159 4 3.9052353983974086
6059 7 4.213158875537295
28192 7 5.449325152438096
57661 4 3.86389533074121
38130 6 4.631738365259642
269496 5 5.446873772828059
14330 10 4.075137404791553
61137 4 5.051140742456916
198943 1 3.8488997691620117
48491 1 4.0925252543479145
25773 8 3.640582752167878
19998 1 4.198481256929532
210167 2 4.979018499539003
28094 9 4.581483645094442
10355 14 3.660257498634227
9812 139 4.949715911359581
30881 25 3.8831656786765314
204285 5 4.803662807007006
58893 26 3.906248781252833
57404 1 3.9382699720519554
51263 13 3.032703261578094
8641 42 3.0425957368755285
27787 26 4.834111196450631
44220 7 3.702260673526677
56828 5 4.027728081992106
269203 3 5.7456311474310215
16037 8 4.27434755007629
263884 6 4.731837320920743
198968 4 3.503565862518153
263421 38 4.165802731426645
10546 7 5.5272640692172725
203435 2 4.005839300357573
21941 1 4.533651293422732
32343 1 4.43340111326975
19437 104 4.308237705767361
58010 9 3.1294978429717366
23876 2 4.040421890339789
52117 1 4.888330284872476
267779 3 4.996945724676817
39089 1 4.452112834255691
1600 33 6.470533698675188
137878 4 5.404486989533535
32842 3 5.546733531019245
47988 2 3.832447191635423
62 190 3.4071699543521725
19559 1 4.180251528256455
196925 16 3.7180689737406447
61889 8 3.9017336107019545
28140 17 3.4463788395566817
132771 7 3.6126690245729676
42987 4 5.2361637492052235
9198 1096 3.6407633935226165
196902 1 4.23203676507824
56994 8 3.5861509789446018
6316 1 5.470185792739159
50539 2 3.6707835795255837
61207 16 3.972934929317453
22323 2 4.879132240158263
61311 3 4.7924571316652065
40981 2 4.114880518395528
1634 1 4.740406912007898
10912 29 3.532984229060849
2933 1 4.437285087654545
2060 1 5.439472332829997
134176 43 4.000655657299923
15245 1 3.912429854878052
200503 2 4.182317618622302
16221 2 4.559314779835089
264558 4 6.268138651471984
15534 1 4.331758492374256
2637 11 4.200575286263887
23966 164 5.078554769601569
207801 1 3.0531818063799183
266387 18 5.594120404670727
20617 5 3.6435178786952727
54643 63 4.028288191948318
31328 10 3.5837768247540587
44403 6 4.5053514180162155
268462 4 4.2680186550994055
61636 15 4.2953185680441335
394574 2 3.803774180665238
4274 90 5.26896854276603
19402 4 4.2425501393531055
135942 9 5.423910156469004
35909 1 4.533113141907306
265776 8 4.762402620346752
21247 3 3.794262386444271
2547 2 5.118319060829701
15590 14 3.7188487211538472
204419 2 3.63875046527802
262286 12 4.456661744475741
269366 6 4.493601308878821
204218 1 4.529050802920654
58381 23 4.395856328001217
17287 1 7.111111111111111
1461 12 8.464364142504959
328147 1 5.645258966539754
200956 7 3.7809324370584685
3481 16 4.596612047914962
29667 17 3.6449289219892207
37284 94 4.975189308674983
265683 7 4.87343918942442
208427 1 3.704798129177012
200897 34 3.059230529152665
204369 3 4.909748162989641
31915 2 3.0108516082677026
9893 104 5.301261455690527
202297 7 3.4777299756847566
263069 14 4.5869609085082415
134892 3 4.687477720763051
265301 7 5.04254951636406
15051 1 5.318993621132572
27994 3 5.293008033145429
18444 4 4.531548165731964
136785 2 3.8957670309274954
267569 7 5.584127294288923
4637 510 3.07184730113646
47054 6 4.806509699649586
46315 1 4.187964846808137
62042 1 3.85322971532649
131621 3 4.899965849444202
202015 12 3.6276853615563738
15157 3 3.9940845379276104
7417 17 4.680077296815538
137362 1 3.6379539910933922
44817 1 3.4484198724189548
398018 1 4.291722943176144
267249 1 6.250731514729872
135722 9 3.6533599533542582
61307 13 3.638233593514467
59872 0 4.0
209381 1 6.19202468323052
31125 2 3.866693344004268
57267 1 3.90152386232025
34766 5 3.839500830573265
61155 5 4.283531192948116
264492 9 3.5096813770202675
266975 6 4.778445790686209
16758 23 4.236406865552363
11985 16 4.3655809347937335
56813 2 3.72145409584673
395899 2 4.7273450441024565
5103 1 3.8129804016728635
17583 42 4.289652824354922
267401 8 4.346883855061526
395254 1 4.560455244445391
38182 128 3.0949090331895777
60135 3 4.115143047055106
58815 1 3.6595893913120796
137045 3 5.034953331394718
41336 6 4.413051878424169
267610 3 5.041791270878607
199312 38 4.05812448763202
36848 1 3.818671147012691
395837 2 4.774441621037205
138726 1 6.010577796891427
26280 8 4.62040028861566
59193 1 5.565936631710442
59931 19 4.764561933231884
32391 10 4.124249134269832
35154 8 4.029926502666064
55414 9 4.9936790425688775
9341 212 4.249591046001884
41666 2 3.4712372119631176
12557 7 3.822965786417192
200366 18 4.020520129233564
21504 13 4.494818029038216
206647 1 4.340394673798035
137041 12 5.281483873439475
263441 15 5.030090018839471
44725 7 4.318744441078657
43402 12 4.603188909891523
134648 3 4.600520973860725
51682 12 4.061099186051169
203073 3 3.9324603775640643
39921 3 4.552209223072541
20339 2 4.524506769507074
49940 14 3.723133520238606
40303 1 3.960195041266271
200953 4 3.722644641665885
197447 2 3.7792095007838253
35577 4 3.5307860954919783
134797 5 4.770348552908315
136904 1 6.199904552976749
45922 5 5.8816449072949695
57275 1 4.410596650114367
265097 8 4.688286994160422
9159 6 3.7633464890509343
202349 2 5.552898999441813
210154 1 3.922487301499696
206686 4 4.058379172181693
26478 6 3.8696586599187324
133695 19 4.7908040115664505
51490 35 4.104788209379
393891 20 2.9882005236089966
60913 1 4.2830002669288385
36103 55 3.211157178396656
21283 8 3.8452077368337503
394401 11 4.2218122534165765
13041 10 4.42286810215043
1975 1 3.6593645772217203
57894 1 3.8621112363116623
9268 86 3.698708081946796
41958 2 3.8027745103190065
11317 1 4.222222222222222
265021 3 4.393999587700303
45140 1 4.472324481150426
51153 19 4.342462658315598
37403 50 3.8073098159512093
61798 6 5.358147426055181
48751 3 4.064423150349802
50345 2 5.666480791331497
37386 1 4.827039183271676
265675 4 4.7064846529132245
138760 3 3.929218889697273
28263 73 3.13068825041882
44962 1 4.614290067554821
263782 2 4.524409197869191
61850 2 4.889585838035518
65553 1 7.44196617301456
53170 17 4.590712665939981
203533 2 4.984507718372076
132893 9 3.6052806252850367
197990 6 4.077324296273594
264839 3 6.126031492250056
22089 4 4.088021903971604
267347 4 5.047774331589833
21379 6 3.8682382729272837
31897 1 5.265590391181525
198240 1 3.7231426060317325
3905 8 4.59838421001415
203084 1 5.06783882966149
3354 16 4.583969357623869
24103 1 3.594413094413094
42990 1 5.380246013881193
207097 6 4.706069796486077
7735 3 4.864566898327238
48536 7 4.822487243133036
41785 2 5.957875208903239
137085 43 3.84270059027995
133320 21 3.767408069215647
27486 1 4.297479063538177
62759 10 4.110864258119102
266115 6 5.684142587673697
42445 2 4.164525530491916
20709 2 4.02029721610135
262187 17 4.78034563696429
19606 14 4.364597791803766
48608 7 9.681537910671986
54380 29 4.171103687924482
21557 30 4.080048676370428
36255 1 4.020668839988204
266425 5 5.368361209698433
41371 19 4.546668410823222
30846 4 3.8950453757001378
200697 9 5.467161310650354
20135 4 3.7218186047000357
197949 5 3.741756044102537
56358 1 3.7730717567123087
6 38 4.093526100541349
209907 3 3.7706436953500666
22748 8 4.011971321943712
263965 3 5.4939412411284625
210194 4 8.547082798157577
8494 1 3.610186293780841
397274 2 3.818776615556698
25844 11 3.9217768220724167
15908 1 4.036771165342595
46071 13 4.963537297701568
41347 2 4.695876790299853
197497 5 5.891031709185287
58385 4 4.193991156304845
267406 6 4.209672619527611
133686 2 4.265943557185819
203102 2 6.7988452862263005
197324 3 3.973864671589284
37998 4 6.364547800013401
12935 7 4.940257086249856
203372 3 3.8088298959179587
138195 52 4.273124911539923
19244 8 4.175319992363596
8190 94 3.897459835127486
262441 5 4.867610470520335
205191 2 3.8012520475328353
12082 5 4.459576553704021
266852 0 3.0
32437 16 3.456822577628761
205146 2 4.705859549247946
265327 3 5.714146589885694
11815 27 5.1244948923216125
1759 201 3.7584281858827957
16477 49 4.088961157137428
135824 3 3.7449870599822503
44841 1 7.133755480972231
202601 1 8.026771585238334
32035 47 3.3629096832421377
263947 1 7.182689751408963
52899 4 4.831371520163954
33824 6 3.711183413883793
206310 3 4.113747572997546
139604 2 5.385963501620316
45113 5 4.346008670667281
201631 1 3.880431216462322
26407 4 3.593768934184527
265221 1 6.295328317003194
133451 3 4.404171009832111
28194 6 5.035756193585131
61883 7 4.419457129030214
36022 1 3.8631587211419136
47929 1 3.9202682937977054
265450 2 4.124872339459197
266072 6 4.904548117991631
63580 1 5.060045301350721
4611 12 5.060101217340488
265081 5 5.471611566241617
34547 25 4.217295710705512
136936 1 5.004160537586235
26110 31 3.0536305568465174
138299 1 3.583332815773292
21925 4 5.221228264271225
35370 22 4.522341670835123
41022 1 4.671706071706072
16891 8 4.623797657352084
57947 1 4.665478369849372
264129 4 4.417111422001879
265382 3 5.148639444770397
28634 11 3.2119574496288643
135182 3 5.3417009423864
197833 11 3.8046807665390876
18584 1 3.965807859482047
15085 121 3.540166653544875
210288 1 7.50205132705306
15661 1 3.3861056861069763
60739 2 4.541076556175078
52195 4 3.980425556159239
138453 4 5.581720668152319
264444 3 3.771178744757831
262453 12 4.837110920638186
17941 87 3.7376825155757922
58649 2 4.435176501515682
262763 7 5.336634953090606
198717 1 3.0361023503377624
57256 12 4.956587055964105
36925 103 3.8965341779018634
28403 27 4.953347483882478
199260 3 3.7151751042866032
1831 1 4.3920898865599325
37164 25 4.732075379916777
28994 7 3.737019963923953
62727 3 3.7194363412315967
135738 1 4.884165314251521
45285 13 5.512529967095096
3680 19 4.474648383583502
205641 1 4.127591720448864
47772 1 3.738565099762863
42723 3 4.084427424981178
199828 2 3.804812879408015
25317 6 4.412957220213327
35587 1 5.348123585098375
58141 1 4.355181271550318
264294 7 4.1205291094135825
54115 20 3.7356978804690124
59347 14 4.522997110716659
262999 2 4.086039493471803
50138 1 4.564518550232837
26860 2 3.988236145213775
263815 3 4.998538133170031
39645 1 3.802954444429098
15176 11 4.518618929991817
202483 2 4.467861939688565
51551 12 4.017808184000616
266129 8 5.044085970304581
10089 9 3.7379815614845455
35588 6 4.672827499197451
51999 13 4.153064507676433
4889 3 3.9005333455544777
22024 6 3.8709378486104615
134254 16 4.207847940000277
131419 4 4.706879768303593
328471 30 3.773957015227469
131166 4 6.312410111150847
36945 7 4.73927042715424
135439 2 4.0131762251682925
34251 13 3.5468246135195174
30051 5 4.043617477293331
25166 2 4.484785966214663
55140 51 3.049083566853135
396274 1 4.389101164412125
16992 1 3.882760128030388
268397 4 4.488531700897891
199773 3 3.764069151233695
203398 2 3.8071234961574834
200008 3 4.889627953711804
394961 1 4.652845743929489
24097 2 5.2541797881204255
53500 2 4.203396683582442
1754 3 4.232415347788375
265321 7 5.565257745960592
393581 11 6.201548794681964
36948 4 3.6239509464580104
201442 4 6.329280120683267
57494 17 4.125747254550282
265123 7 5.033046160180613
4663 55 4.240999122454754
24550 119 5.294769265431539
12767 13 4.53382048814843
47000 7 4.58148051604372
38778 12 4.400265355432528
139387 1 3.8864453210974865
49693 2 4.275330562255474
267517 11 5.07786063212846
45634 29 3.9837908832569804
55821 25 3.5928685200445805
27628 15 3.875810653433645
65546 2 5.541494688885994
268493 2 5.142520237086048
8663 2 3.9476654916899645
1741 30 3.8063462357085274
45040 3 4.780576003068426
