133674 8 6.7403534461432635
394963 1 4.766418509195602
12997 35 4.188884838256029
133788 5 4.186358552425399
268140 7 4.895482116261653
53089 16 4.095237535463357
42930 1 4.376322354702514
139474 1 3.932338805365824
46729 2 5.264322609975319
132313 1 5.526110739976286
209261 4 3.313066325533985
61581 7 4.951720206753564
38154 6 4.335238006561485
29052 1 4.332554902302801
12112 9 4.914289064271888
45148 11 4.722300997200021
205532 4 3.9910862875732676
44368 6 3.7804293125910413
133297 6 4.622863481324607
41264 69 3.599833398249734
135299 2 4.406203065966662
266136 9 3.50595719087243
41684 1 4.009237130581864
41686 1 4.391006240004598
52609 17 5.3191603375427645
136680 1 3.5954292805675294
61396 4 4.190562658824293
203306 1 4.009054945981918
20488 24 4.067541782307613
28153 19 4.334497049432834
266218 1 5.756194225406048
59995 1 3.8513982134949876
37314 22 3.364752913217098
48579 8 3.84651105484366
17980 2 5.259769229966465
14197 3 5.0
27026 25 3.8308661714100727
263993 2 5.944573502578429
200001 1 3.660206911300237
42997 1 4.78303799375228
201286 1 4.172713994331399
51724 9 3.7760180866919937
263598 33 4.6898693964837355
34786 5 4.532200851217434
393516 3 4.058930078964712
12374 9 3.7737634460695504
26047 2 4.419796009484827
199881 5 4.9194875008265315
34219 10 3.711067595958015
268383 5 4.6190344607756
26463 44 4.400423734396028
201044 3 3.7109842630137293
133742 2 3.989152746109839
28466 3 4.243953687686449
12979 5 3.6599009668616986
22108 8 4.7665657770274725
46039 3 3.7206963167427602
45186 9 3.9225909021295147
63172 1 4.479603789447795
200640 1 4.752054256494759
266525 10 4.465168688606658
265427 5 4.98564003843827
26404 2 3.841235479642889
31851 5 3.795781114054048
201079 6 5.777875067484059
198215 1 3.7652836647746764
139538 8 5.815667724001882
393463 2 4.403108955267685
36025 2 3.9750548651848496
27064 879 5.467046674548065
44300 6 3.741078040304399
265410 8 4.552670830927163
53237 50 3.697992551412183
44045 6 6.424064883591546
62407 2 3.608408127643287
39217 4 4.03354488936241
29848 16 3.945671346126186
200735 14 3.7685538347539205
57246 5 4.575312121865559
26792 2 3.9368927233004776
137679 4 4.617768057754053
1280 127 3.0362223244724893
9948 2 3.925045543811031
46169 2 4.638464344913564
263320 22 4.497430640532256
327712 17 4.64517389674012
61512 17 3.686081005127408
54344 3 3.830039386941638
48293 17 3.32747749043135
7250 40 3.894075461668931
30673 7 3.8147034463503178
268618 7 5.745009765987987
38457 145 4.636215285560698
262731 8 3.58698418059844
37004 20 4.279662834614017
1551 3 9.499023463309179
8052 26 4.32861143113556
264378 9 4.934172801457208
264495 5 4.353504677794969
393813 2 4.484036345581625
61947 4 5.4224898481352835
267409 2 7.262791245373553
44698 1 3.8217187574330427
262881 6 3.7378770097889022
393275 8 3.8096307153471933
5387 15 4.209826906166106
201540 25 7.851994148234979
268932 5 4.798423380480237
206970 3 4.007814659121858
264347 2 4.146662385508087
53585 6 4.764796292452315
49056 35 4.675075957253723
58762 31 5.016370140782248
23682 56 5.15942341574345
139037 1 5.1630792588181755
58114 1 3.6378825059570747
262300 14 4.498695134487326
52753 7 4.731692026403863
33781 7 4.545760208654083
52140 1 8.028255237737998
138547 1 4.657116703450793
52593 14 4.144770616851512
395688 3 3.603863665852541
21243 4 4.059200069912997
24130 12 3.9742592715681684
15725 3 4.152052469123855
266898 5 5.659146157223121
268686 5 4.222580634709741
56110 11 4.6228335413650345
134909 4 3.773285001208424
262681 8 4.170600084333604
17373 5 4.184802919520591
61304 1 4.074728858534278
263777 10 5.180753800266085
53516 1 4.0548091943330045
44302 3 3.452743437825655
9411 2 3.868290835731792
265448 3 5.868932180724864
25180 60 3.1781507897700103
43797 29 4.104962405735619
31576 2 4.085613211692945
49060 1 3.8689981975696255
51274 3 6.802176891904896
267328 1 5.573192690967732
61911 5 5.308376302225605
49122 2 3.87040922040922
34058 103 3.809179800604023
55511 13 3.9688727217523256
41517 3 4.164133715900268
207120 2 4.644482881841905
198355 11 5.2567532899771345
49205 2 7.01733962183213
57395 31 3.5492579273815514
135057 1 5.001194983060151
268708 4 4.419573797148293
22697 120 3.340024837402286
138735 4 5.242718682925857
17910 31 3.898776760311032
48302 12 4.849576033778969
201029 8 4.487289550147864
393405 1 4.8770677926342945
55310 1 4.175926710497976
33640 1 4.2484250019882195
51346 9 4.62877582537594
8580 14 3.893740632702957
263674 12 4.629900726867474
263486 7 4.946804879757475
206642 4 3.582160300017443
25579 34 3.9589563520840727
57694 2 3.75351090678494
393438 1 5.333351658376289
266628 7 5.088371258722343
264518 5 4.63884935697035
47747 6 3.557576639073196
40521 1 3.8129804016728635
23310 2 3.247787963219056
50729 1 6.600954001621831
198244 2 4.465314560391785
21627 23 5.208178821596006
266283 7 4.019980868477109
33333 30 3.1956350250935976
263454 1 6.006878127687857
54343 1 4.330867531189317
395494 9 4.0058645171832294
133589 8 6.016791381632941
52534 1 5.046076445904033
262497 9 4.351813883923756
60072 15 3.8687695624407934
60185 7 4.414731041741786
135300 7 3.9324632917895794
59424 5 3.759184943503153
44183 1 4.40425024710739
264790 7 5.116841227553753
63335 14 4.179909627694531
198720 9 3.553218483639065
265056 3 4.305317422786202
26611 184 4.7592215201442984
61955 40 2.740774137875019
38753 34 3.7693962618089425
17716 4 4.268326638896904
53099 4 4.9302487876313155
34432 11 3.7620196249309408
5 23 6.086305094283925
39919 21 4.400571657585849
137673 1 3.578068448306544
22566 44 3.9560498664608432
138212 5 5.624130672517799
62386 3 3.7954503074821018
16796 18 4.311899795775794
57096 6 5.078721704715235
57214 23 3.8423828705335943
13778 26 4.1925381399268895
51705 8 3.8110378617772125
40548 2 3.819601081275959
10023 4 6.156094344117879
42772 208 5.2829676135264725
132519 11 5.470154152413872
138590 4 5.753012955311591
268472 4 5.146579325195084
37026 3 4.10466855594137
264149 11 4.824913093977198
15815 2 4.298982084303022
2728 3 3.0033527935024242
52809 13 4.40367978227108
395216 3 4.553122883965455
12292 2 4.035444003514629
11962 2 4.614513726980483
268150 6 5.974231990871534
49847 9 9.23965612748718
265561 8 3.912386694141258
8240 4 4.133917256718126
36977 18 4.685233862346943
33178 3 4.3563937546857225
63026 3 3.803472093445938
15437 1 4.290295558983982
264211 2 4.37457740661642
61344 10 5.470877711562858
39866 1 4.069698089194801
1640 9 3.0615290726933173
40311 7 4.692876734636609
23860 178 4.678224169407445
38415 105 3.8326814190948135
263936 4 4.338786660792453
268832 7 5.27127092302726
27827 23 5.612785831630096
269282 2 5.5741213254277495
48010 1 4.3476249995215515
139709 3 5.226558582367946
137394 1 5.28784671180094
763 1 5.005731487997498
40241 1 5.170617330220262
136147 1 4.886900982021706
263973 7 5.715223044625462
198367 1 3.7058215998692194
60075 1 4.102152421737675
267537 5 5.603329037247343
40825 1 3.8021912670434843
395662 9 3.4698431433945425
41414 2 3.7826710940896056
26456 2 4.51275738908272
18663 2 4.760125544822921
37550 20 4.478644155512248
31831 1 4.309671450607411
23473 431 2.9736731208888436
49953 1 4.001970796088442
13886 231 3.8327270531989863
18222 3 6.415238916411162
62196 4 9.375481955732194
23738 25 3.850010495521593
267524 26 5.553069418316174
32853 1 4.002040420095677
132655 2 3.918943968850593
5650 2311 3.826081382592569
55157 4 4.282293518332773
200930 3 3.806266875374875
138632 1 3.01790005591493
136969 22 4.345443221439237
8499 3 4.008723693336184
3185 3 3.6545810509877055
55013 5 5.38740516921439
47526 12 5.266000227363529
206606 3 4.370778140623109
24852 29 3.737948221850329
210035 4 4.868846529401362
15088 3 4.791837895434905
136168 5 3.0738611768882076
327074 5 5.400966042713787
208621 9 3.9558081164882517
56883 1 5.449208636878238
37085 1 4.835919554371935
133443 8 5.033572335276199
133608 1 5.628919635294443
263866 4 5.683294849636533
1251 69 4.2278429445668975
205637 3 4.781153440717232
41228 3 3.9881583261264884
137323 2 3.7167177346219025
41852 26 3.865779224586857
5662 8 3.6647458008483946
62230 1 4.225729967392587
60871 4 4.788060822324804
12810 11 4.49439341966971
28238 41 4.646025331513991
34254 3 3.5606055251689166
30985 13 4.242392640904085
27443 5 4.771824333167761
4694 127 4.235231897321612
199370 8 4.990977466478351
35512 2 4.4207189850784365
12782 10 3.81124808682391
266514 8 6.382027679946511
57558 6 4.957096064591015
61826 11 4.109637536967999
4675 9 3.7858257787077414
12120 2 5.31901391395451
26086 3 3.815777265100952
45701 29 3.9731017184796866
269195 5 4.955043886969075
201439 1 4.888461438215133
39942 9 4.515249216736197
204468 2 3.8165916292593502
18450 68 3.097070982105062
267292 4 4.833846615441621
8131 3 3.689792453284861
9029 3 3.3090058950758623
198829 1 4.002849267134982
14847 4 4.213896114985503
5627 1 6.911126703983847
26537 1 3.554920825361859
37544 2 4.886844379813567
56737 2 3.746718294267074
265396 7 4.86144716554831
31272 47 3.503024451394058
394178 2 3.704517583115557
22722 1 3.8054866337214457
13189 43 3.941024553319047
32221 1 4.101482616101363
16455 6 4.047689121963977
61295 6 4.573540597340265
59453 2 3.7952267204890284
38534 5 4.275958141716113
30065 1 4.617744034837631
14623 1 4.212396965705535
50655 5 3.2862445090901296
38403 42 3.8352481909186786
197171 3 6.083197446692276
37529 9 3.6133837729052285
40474 5 3.637019161087678
40619 5 4.068196837735189
29606 4 3.7481863038890886
24492 75 3.9801759372082586
27735 9 4.625442132854495
53956 17 3.804824018654853
24120 5 4.122992716262689
268812 5 4.538215754011629
197711 6 4.444211965913763
395335 2 3.8204978036012527
46176 13 3.752140959360241
14895 4 4.087836676807272
138756 3 4.65782824357198
61338 1 3.8452118930745165
56468 11 4.7936124145000445
13361 3 4.069006004482803
262478 16 4.480784991157927
9572 7 3.933412232402679
29091 93 3.026584263395312
264914 1 5.045716419786815
62083 3 3.9573363484225945
53161 16 5.292869914633949
48558 1 4.224784171479626
38185 7 4.719126907851857
34788 78 3.4328593421202873
15279 3 4.2443125701765965
61118 1 3.876768212799319
263805 4 4.761803554447103
138172 8 4.853332212960488
398122 1 4.199615043777605
131195 4 4.76237690470557
199542 18 4.055809242216257
263804 1 4.762284064647569
24361 9 5.186051001454044
62680 1 3.809612417321777
264990 6 4.732832846106628
4773 98 3.672816946599621
205702 6 4.644067100636264
17727 35 3.9128233952899953
29465 280 4.201053670138992
11123 62 4.048708540432485
52458 11 6.237306220492586
265966 6 4.990814684687505
6332 34 4.706474575653049
266570 3 6.534850359397477
43092 32 4.314060184708479
264690 2 5.055152178910413
1506 4 8.473325910111978
268335 8 4.387942525735168
59366 1 4.598773026713298
132 11 7.468037945473311
51670 3 4.87515823243991
328519 2 3.485435233478516
52643 4 4.841743272528107
59183 4 4.617176619417516
32086 3 4.703953812656994
48299 6 3.653171364305733
50630 7 3.9621609016065804
30489 2 4.2103580494234425
28806 4 3.821962454190305
61297 8 4.003677864509964
11521 10 4.5374881873327215
196883 2 3.668117624189123
53978 2 4.648393401273586
58228 1 4.118273228094656
37473 18 4.626875331169559
21143 2 4.769911289376703
134293 10 6.116878227514449
136210 4 4.66907589163088
40732 1 4.236370327274372
21859 738 3.4752089824543644
13945 6 3.6913966614505735
39976 1 4.8770677926342945
24303 2 3.8533455641136203
28167 12 5.0
19108 429 3.385755525835183
397297 2 4.462364796001905
26793 21 4.417843372307702
262361 8 5.2220146275071215
60895 2 4.538778569542116
17747 152 4.502800606514934
133398 40 3.816630899880561
40628 9 4.198671745194984
35287 1 5.837132096708065
28159 11 4.524812863855346
206436 1 5.1390434851744375
11594 28 4.137782274131557
28553 1 4.484025922383886
34296 292 4.876207215282132
25771 2 3.8421804087470264
393432 1 4.231062790217141
27270 1 3.820703946664539
47326 1 5.488112625613817
9298 39 5.72573929995918
200682 2 3.451809566176475
47895 7 3.5854638947116797
59352 2 4.916799964161687
199456 4 3.8032861706633034
53211 15 5.214556170203311
28683 80 4.024044575394659
263062 11 4.715932752192203
18808 4 4.7060937601049435
62052 2 4.027497634640492
198330 5 3.7557684936940734
200738 29 2.731164132223712
13590 1 5.39196896972759
50803 5 3.8488801404260693
263270 9 5.0445344949971105
199711 4 4.298362020089523
17368 2 3.8142870652802436
13911 11 4.2073042455911445
209565 19 5.989226779780742
26705 2 4.152426489310726
204003 6 3.222747243624144
26607 21 4.253842457116396
39939 64 3.626965915634943
53038 8 4.883753924003436
46900 2 4.238566533090723
264359 16 4.168315113191544
266185 15 3.9685635567635043
265306 6 5.61746842716313
206279 3 3.667854632274365
29734 3 4.6456351849209
264663 9 5.097748590575348
10180 17 4.8040351286412335
264126 4 5.231167055455915
200032 2 4.728850980017633
61683 15 5.760320147480327
264930 6 4.751333250316623
51995 1 4.952959377398107
6951 3 4.518496223717899
205159 1 4.882585800442944
59600 2 3.58530837684458
34791 1 4.366895584962812
7340 1 5.027836405217358
48048 2 4.171585991242752
199970 1 4.035459425935617
47151 11 4.083049278522074
60448 5 3.8381434535471652
9406 0 5.375
36431 5 4.749257530040675
17450 7 3.894075790569398
208678 2 4.322599445868571
23406 2 3.8018318453434325
204541 1 4.033514197594657
51484 1 3.440457594750014
52650 38 3.55734329739709
134346 4 4.078149339477171
396087 1 4.733088736660166
24875 18 2.886416754351013
13266 4 4.095079306106585
43118 5 3.402520565682242
51315 1 3.760914139186663
52859 15 4.3733134921775205
200350 10 3.5776489191039014
135069 15 3.078903733626168
35410 5 5.052304767165714
50261 10 4.506196083801544
10674 14 3.46861964456777
19904 4 4.409639408860778
19160 3 3.820637346597939
135484 7 4.151241423258703
264034 4 7.57804759563609
33811 4 3.460612375164884
263165 8 4.909130283752423
58912 8 4.4526823603775325
32889 16 4.4179047471113595
3169 10 3.8249483739321013
31854 1 4.18091695174618
34968 19 3.318164433307093
59440 2 3.7400441080606894
53126 11 5.309455089639623
264134 2 5.4359074222238295
264872 4 3.8960641214600042
132735 1 5.39442175989795
61825 4 4.586785380240213
40518 8 4.397063633923813
52988 3 4.235112203319612
264497 4 5.142207695696197
17721 1 4.243341095846425
20381 6 4.464910566621159
11203 9 3.9554200437015345
41121 5 5.089527932147218
201163 4 4.116450834378442
4642 11 4.075952254095174
395652 2 4.36207766215458
7991 63 4.516832594855011
6568 95 3.9179435654332933
137946 3 3.0429004815313028
268925 8 3.702718025568351
15189 14 3.014165862522885
48902 2 4.808289780140779
51773 2 3.798183768366287
264041 7 5.152378983565471
203294 1 3.7697097104835198
18684 3 3.9036145067773664
62120 1 3.7778019599448167
16555 1 3.8204978036012527
41950 2 3.6373598202045363
197685 3 3.7364866262008016
394786 1 5.083697017268445
42636 1 4.482987862875082
395535 7 3.8033059898118777
52516 1 5.838649205661494
134058 3 3.5948585034894567
47542 3 3.371911327104469
21650 12 3.9001903454920486
48544 51 3.6303468504536056
198127 4 4.784151683649426
55011 9 3.883136285467351
200707 3 4.351276286979787
396536 6 4.527494671081627
40033 13 4.024030397116648
28721 4 4.598369465534397
36144 1 3.8489598432948178
32777 3 4.8031736074438
33748 32 4.548991039315542
6071 65 4.3422599714340775
63470 2 5.368131054581359
197202 2 3.7268654633011415
28201 179 4.060709968109306
40385 2 4.879816138802314
41798 122 3.576260105763847
62357 4 4.36723444100336
12091 14 4.01731693910161
16819 1 5.7646930087488375
205041 1 3.810452557341958
26101 49 3.540726180437584
52690 19 3.9538078865104453
63471 1 4.770043280170538
2685 47 3.947012972835793
18409 9 4.41021887555
53294 3 3.69705228555406
64238 4 3.0319294252423417
22539 1 5.709717836441975
50638 1 4.7710657338589115
27951 191 4.3528229818828
7175 12 4.647317690110704
394322 3 5.1789100777920565
265161 7 4.679783242117142
202215 4 4.000826087282807
1790 28 4.20184904613907
139675 3 5.9359490990405686
34169 6 3.8393077549058496
46785 11 3.6678062015740514
33279 1 4.682654764874427
267972 5 3.9048640608066556
201361 2 4.809917229340789
205406 73 4.13029579172328
23448 3 4.128763521131068
198566 1 3.9322110780783803
54002 3 3.090328254809208
200313 25 4.7537053451658045
22989 2 3.244572625049012
44941 25 3.6301607620625793
42590 4 4.756795459551482
17906 9 5.055244835828229
60693 5 3.696980011698829
55461 27 6.37161509454679
133187 8 3.0194603352653493
40844 15 4.044011700015439
264324 5 3.8083837071082294
52981 29 3.803165131777906
20417 2 4.045711625263216
264694 6 4.655465952694249
139201 34 4.053239675861608
267191 4 5.739456115571314
397894 3 4.004624143603489
134870 1 5.807998560081894
48727 1 3.797764001862969
30251 1 4.638044999065181
9836 2 4.210295572952047
264288 3 4.431910047366681
57161 2 3.9438725955064213
45688 5 4.480242812807753
263525 32 3.9207295973318006
208942 5 4.007650437002248
268774 7 5.261880708027615
41879 1 4.693335324287706
209937 1 3.9306237764910787
262282 12 4.806408988975347
268798 4 6.174321230328276
268358 6 4.202066652111013
36454 33 3.8800806387088493
45254 3 5.11971135546577
43415 13 7.161630281178624
134880 2 4.659629089712839
21395 3 4.867759234012437
9146 112 3.667586193469624
200605 1 4.45000382488544
266378 1 5.3147187149650215
34139 20 3.6054258236561676
137084 5 3.819159947684785
135457 2 3.865648824200132
135428 1 6.839904084239061
59131 1 3.874747655794858
41203 8 3.912764303732578
28304 11 4.498989091072302
197682 3 3.853787405754279
138153 1 2.3890217969165337
57244 4 4.744194665108192
1246 111 4.146930907140309
43179 40 4.928399830613423
14780 3 3.510296290484109
23154 49 4.6605453396193255
265381 1 4.809812455966913
23329 6 5.152692876645606
203730 3 3.657767335681338
35688 1 3.0298240971313892
266451 6 5.3002068620936384
492 9 7.496564440446643
205739 3 3.750260548841192
43845 8 5.153066187909394
59696 1 4.8155546893286765
8738 5 3.8827964136275575
201052 8 4.332211748488341
55342 1 4.683295578802491
58056 4 4.061089424523404
55612 13 3.909039191322288
63434 1 5.194685076827935
63570 3 5.37261860297496
26405 11 3.8576990208160815
27875 13 5.682330093257228
25415 9 3.078426037092727
56251 4 5.371104277270662
204059 2 3.613656387767298
50114 1 9.007022822420089
201652 4 3.5950811899465354
41697 10 4.064804489916885
134229 2 4.901601922095913
208870 0 7.0
27152 5 6.662273220910332
25953 1 3.8014561291654885
228 5 4.766772969538313
17668 34 5.0005750300249785
45152 19 4.34441868293879
25628 1 4.5181624129078966
7794 24 3.517425178135724
52789 5 4.779291036619075
267567 5 4.185003461924389
328003 4 5.546105587534159
2529 29 3.496968551615494
40913 21 3.446440047354585
264137 3 5.137267554007981
262772 10 4.358787089255539
51382 1 3.843831772349896
39668 8 3.5293527776144744
55927 1 5.347874625264331
60848 2 3.9476014989517045
17658 8 5.193413852954747
21506 2 4.075146083278606
16292 1 5.8765655754572
136987 4 4.785923626701577
25975 7 3.663153302137433
24877 18 4.751055938870453
209710 6 3.243140363428406
264466 1 4.983806204448188
395555 34 4.008339753920971
135190 1 6.0181716334507795
13135 11 3.5088211243250447
266402 6 5.2346114678543545
39898 6 4.555743848955922
32109 4 4.958036679565911
262745 7 4.180501763432936
43773 8 4.231481675721262
11699 6 3.6845335703771305
42176 7 4.033105572650126
55455 7 4.8353099045283106
393938 4 4.204401286544144
31009 1 4.87776252429078
513 22 3.395834690555797
9714 19 4.610213876563907
34695 9 3.2241211217954087
41614 3 3.0304854727927646
267783 2 5.013585946762746
209097 6 3.843558737097812
57573 7 4.28462485240125
17552 585 4.687026090764962
263232 4 4.588449854875552
13371 8 4.641397512844698
47412 2 3.855143338129613
395658 21 3.951344030336911
4473 25 4.199787555535292
266293 5 4.698079023785532
32470 9 4.696905291358341
53223 11 5.313545520147558
6086 15 5.362413274745606
137962 5 3.824674900967838
49895 5 3.660561894069938
63727 1 4.322823472823473
56915 1 5.481731611563545
28979 5 3.896234082290873
262421 2 4.550564643440988
28007 19 3.1880214554309174
58656 16 4.057348690922829
395972 2 3.94377446694207
16236 11 3.627840438692794
20454 104 4.3292168251406355
10524 1 4.643813453468626
198541 7 3.687650348542833
265288 5 5.133178462795489
31999 1 3.84750707052275
57754 1 4.1008195572135655
51959 1 3.9058902776919835
61789 3 4.742459040389791
27800 51 4.891602630351351
1115 1 4.01868714648293
41504 2 3.6078195277179503
50621 17 3.6144704889603143
37346 1 3.7188926752674822
23954 2 4.080270211864085
203547 2 3.927551954939522
37658 2 4.817869225281137
263958 9 4.4960411771410485
52705 9 5.060865364107438
26958 3 3.9380743844952684
19148 22 3.5778603726028857
205113 4 3.479233161647338
36121 2 4.654038400582179
18682 6 4.195005863658716
50623 2 5.328312432193373
49507 2 4.267099505099775
10120 1 3.9777233350643075
61701 4 4.08819323913183
5708 1 4.315048204909956
24007 12 4.498022713274547
137430 1 3.057480494952091
61813 10 4.251906639059243
268556 8 4.66689958955844
262557 13 4.4552767911530875
64419 9 4.572579986751789
60771 10 3.706208211857007
17199 2 4.754581919175514
138320 5 4.337307427324082
63400 3 4.329821273172494
28162 11 4.4572604649603935
46281 24 3.7917386373204724
24585 1 3.7014045918807827
62755 2 4.202036881784973
45087 1 5.073255404321135
48311 1 4.316523700740291
49406 1 3.806253138395996
32664 2 4.518172364339042
57440 1 5.061848850145702
8398 5 4.04569124310957
265487 4 5.670197459040796
137331 8 4.928387378413397
53036 9 5.732779836812411
198667 1 4.24326029557122
135416 1 6.505599789433944
60966 7 3.918942794421865
23674 293 4.022998053486841
47118 7 3.7488508796359703
61283 2 4.221152633481602
42755 23 3.6701170452877783
397592 2 3.7489918233430197
38755 5 4.293417024476857
31960 7 4.7998355124182766
46687 184 3.459564225715855
35957 1 5.065218597011524
61939 16 4.968172430516606
265373 1 5.537066006429287
40996 3 4.2297475183793445
43886 2 3.7424389736115686
25788 1 3.8021912670434843
262558 14 4.581907031461622
42139 2 6.253121508962742
199008 6 3.664245509882553
263346 16 3.979961069848694
51208 1 4.0069721284007
40266 25 3.7784625694908467
47073 1 5.419811446535585
32720 10 4.433860542967431
206190 4 7.327350575580095
5691 16 4.815421143548031
203219 3 3.414646161999419
42734 1 4.016091844663274
267530 10 4.2576651666588825
31087 1 4.238583591204227
53305 1 4.431245150776111
136975 5 3.857824311128548
41890 4 6.599570017695013
264336 7 4.211504996862483
62994 6 3.5380142283408014
135679 4 5.907006604932872
32331 13 4.417620567299692
52778 9 7.496247516727206
52112 1 4.82408596694311
51525 4 4.177108619313901
266485 1 4.859859398036739
203037 2 4.096867473355569
59468 1 3.757648632505583
39226 2 4.762531912531913
47923 1 3.547882860249598
9935 1 3.975880156121694
49614 1 4.350279720146606
53577 10 4.34036009219144
59101 8 4.272585397985171
202969 1 3.7043045296160333
42907 14 7.543702935752665
28172 6 4.695623686411871
331 8 9.466077218603887
135193 31 6.012741172915114
262810 5 6.348711038520271
36445 17 3.038019367078522
37472 4 4.188646562373393
263434 6 4.21809106813257
22747 4 3.5243904497075667
38444 61 4.450450714413431
394712 7 4.1816315213232045
48058 2 4.642543814783845
7944 4 3.9464747388342567
12930 3 4.528638055402501
57916 4 3.8071110378611817
55571 3 4.927225309375662
9129 69 3.993918827499012
268899 5 4.230598117005567
51006 1 3.8000667249189415
262157 2 4.769394462408348
25671 8 3.2814711239765844
396302 2 3.8030926885751972
52015 13 3.743468594218155
269279 5 6.163285669646973
60376 6 4.588681049844819
61980 1 3.82879210933582
206761 2 4.064020211654607
42134 1 3.7660803602644655
14690 1 4.068582646733907
205893 5 5.0367723277651875
15133 741 3.3600208780150034
30299 1 5.189672626528127
54057 22 4.015342192355149
49646 1 4.422805721615245
8495 12 3.5296064251545793
48803 20 3.804276107314914
203902 1 4.658609238781653
3381 1 4.021397890134504
53116 10 5.311634505127391
85 18 3.932837251421213
265053 7 4.6765823046630794
136024 2 5.7063415929854955
135929 5 4.87110130387902
549 8 3.260276212909929
204276 4 4.621763629029635
264048 8 5.053854307165812
138079 4 6.379329711034374
267468 7 6.975648385295293
24522 3 4.015278416780048
62650 6 4.054329513757407
396130 1 4.616742552907967
61858 4 4.25751865609028
139464 1 3.852217636823548
3681 6 4.550750651232311
45061 11 5.0371169741826325
61778 4 4.656928388404933
49486 2 3.7155216702266904
265160 2 4.294141576083361
202424 2 3.7722339023575118
204004 5 4.71827857580242
25963 1 3.8218635861493007
265905 10 5.49850913746377
7642 198 2.9933526828863357
396358 3 4.952063692493023
20205 48 3.0107456590259196
197194 1 4.442322481994076
12690 6 4.9157721152840095
266380 5 3.8772341186646693
47869 61 3.1768925944767945
30679 2 4.364103732572147
30700 1 5.222222222222222
37179 14 2.99240396336034
61788 2 4.482490013671433
59382 10 5.451852966981927
20448 12 3.821679434551137
56477 2 4.48220221358956
265736 2 5.1330647563241225
61417 2 4.968512723583717
136187 1 4.637637988615626
135837 3 4.621189574314575
34204 4 4.03134397758782
43588 5 4.639457642452463
14781 2 4.098566726984434
43348 1 5.978176624298588
196790 1 3.7796414544984054
265079 11 4.799527520217341
20576 3 3.7141137927793593
13902 1 3.803156809437598
48647 6 4.575330113797024
11618 13 5.007150669041531
39398 5 4.263201195805449
134388 2 4.948476177189811
396403 3 3.931429454277891
6624 3 5.805732559152201
11722 13 3.433505207114975
52925 14 3.903451165081528
132100 8 4.50437333646077
264554 5 4.535016462335061
134553 8 4.972422909693075
31914 3 3.0139351847719285
43004 1 5.18675597254415
20657 16 3.667845291072648
58479 1 3.7855382936316113
56681 3 4.589584495795789
17144 4 4.32607827301723
52392 2 4.388596903882601
203254 2 4.1600491777269655
39835 2 2.8635437261580625
36926 98 3.7607291901185946
28038 21 4.74677332438951
205241 6 5.0446205879876524
134040 8 3.5836045362776425
210027 2 4.808529242149931
61696 9 5.133034859824331
40717 16 4.578041469112898
4884 7 4.128348103910899
28824 5 4.33902246556141
267638 8 4.526515982017305
42441 1 3.9195748526251153
34704 15 3.6047595545544673
49024 20 3.0499933194585274
267583 5 5.1678056112840185
56136 9 4.122556608907243
135471 2 4.962002720153348
206975 5 4.760241193709523
201135 2 4.666297862265504
137578 2 4.713577295720154
49554 3 3.966205882219838
206483 6 3.8752812732321757
14059 1 3.8237603927423307
22646 384 3.2037463305063563
394441 1 3.8086918330985817
132506 14 4.131915053893561
50073 1 2.949485727305276
262586 3 4.2966781562576655
15412 25 3.047945768713026
268656 5 4.818846793516526
201270 1 3.674648761962194
40112 1 4.054017691528557
32330 1 4.182089112918342
200073 5 4.5885242813689455
33635 18 3.7622019431027005
37368 1 3.8859509538080976
59371 202 3.605750083814363
5479 8 4.033968643904672
28163 33 3.8051284633742157
46199 4 4.199988526504029
205685 1 3.8383802180686453
393294 2 4.54
21259 1 4.514792614792614
56648 3 3.652760477642553
46930 3 4.027204808934138
30343 17 5.398433606619537
40140 2 4.297495704803845
32400 9 3.6509080820576387
17426 70 4.606387301045901
64224 11 3.9101116489684955
268116 1 5.121809363096308
134117 24 4.664063895769338
61784 15 4.483500819264765
54128 2 3.989980828423229
22356 73 3.5140188301997246
56047 438 5.153395767280061
32912 13 3.962533213481746
397270 8 5.523596961085905
61016 1 3.8893841135925595
44361 2 4.0
32204 27 3.8722370608111265
30614 36 4.091010671162527
204819 4 4.187632776039342
49823 9 3.595864357266121
51440 116 4.000041205029569
206289 5 3.8040906490171627
395240 2 3.8059799847856897
13971 7 4.159552039557544
203000 1 7.188425364659971
14495 50 4.692745043767732
63749 1 4.613407534469727
31108 6 3.701750348696675
135447 2 3.928397788441641
24155 35 3.7625730425176123
43260 334 4.429948377932244
61735 3 4.986093455332781
37210 1 3.7215725350901994
30220 26 4.457957359904085
135821 8 6.0908608657321235
134152 4 4.678395422189586
19117 5 4.910394038150848
328375 4 3.868270177263293
13122 33 3.1543147951771666
2840 4 4.672843838403796
62962 2 4.026170343477635
10420 27 4.433174477507767
50816 1 3.779441325869898
11269 23 3.6148165608434644
34354 9 4.668053678507403
50667 4 3.8551203394233347
135092 16 5.338153664851101
48597 3 4.995453368359943
36040 72 4.176332811315769
61712 6 3.8255667047637147
263406 1 4.2792990529545145
197944 2 4.871325693732396
266608 8 4.599765782295748
3573 493 4.086939590384093
266123 8 4.819159635995236
136531 29 4.295070261664531
198374 2 3.60930376460593
46 17 3.704422832935265
39356 70 3.4899150468320634
266324 4 4.59836191946027
58811 13 6.080015327071566
397751 4 4.564823964157806
38417 35 3.8310843744416565
16375 2 3.834057437116292
132415 2 5.014010307831079
262955 7 5.698108124982982
136171 3 4.540838792719127
15261 3 4.285510035384955
43417 6 4.766230749353859
64475 7 3.4044183839781477
268344 6 4.146352335419479
27172 2 4.638610745211731
263763 6 4.1397742023640705
264926 2 4.657331429367651
58271 41 5.616083876518109
201926 1 4.18700967842334
22110 8 3.98601546031803
200043 12 3.4158861468568325
263688 1 4.58649595706246
29132 9 4.004383019137675
205663 3 4.70357594960832
32458 9 4.309825968627783
34123 15 3.6461458081303704
24033 16 5.052689617775128
2501 5 4.39784721374929
268520 4 5.256291646429458
263332 6 4.048199471872319
24069 2 5.8343108154937315
54127 4 4.8798693370121935
46773 2 3.99836872258622
268420 3 4.697865651097721
201642 6 4.225885258609637
18200 26 3.711739213658526
30728 19 4.842104464293506
64049 8 3.313994020009047
20236 1 4.7705887003588145
396322 2 5.1473770349269525
134863 32 5.286936705234646
262961 22 5.077391657826565
35203 3 3.8064806728771314
201884 4 4.486542511208926
24444 360 5.2158421423637735
19695 1 4.510345330300373
27153 5 6.476375603114672
10229 30 4.296319536807981
48499 2 4.128264960729215
9955 33 3.903614442328143
268833 7 4.082919937027144
47426 1 3.0035702618696836
265220 7 4.623940593353227
28233 100 4.568294365411508
264597 5 3.9724634475913767
135149 1 4.967586133086094
21763 4 4.185911340073902
266191 4 4.310179675030945
42947 66 3.361937217564301
36518 6 3.395026924074505
49764 1 4.119130144475767
9340 324 4.654738802710276
35293 1 3.8435803754792643
32373 5 3.8284914614404344
269067 2 5.027609860287605
53657 1 5.316718908410206
48026 1 3.7439345708182774
12576 54 3.140485544116401
10405 7 3.80066349083607
36464 2 4.130071021491394
52825 1 4.746632033022871
394022 1 3.815568289975038
200741 4 3.9521103967024036
31628 5 4.619668639485252
11927 7 3.8132128184675684
48135 11 3.901164359069035
327876 1 4.77954298712533
29275 2 3.9388827906344606
134349 1 4.289009515480105
61398 1 5.541751486919553
265004 5 6.207849550447018
41573 1 3.8017609690691834
37715 1 3.7931329421811517
50507 3 3.5658685323683947
63869 4 5.418688896867323
203375 1 4.01342298460525
200583 6 3.8833817744899255
25449 1 4.076328700348308
206539 6 3.9427790850529325
264440 13 3.972521281844961
14317 1 4.639527932385076
267011 10 4.268858698852485
134281 5 4.79068701020514
206170 12 3.0307237066025903
30060 43 3.5273978187707824
393967 2 4.645723585811195
54466 1 4.318516921374262
138322 9 4.381429556759601
35166 1 4.77677996320633
3300 118 3.47792939893779
265060 6 5.306983103278325
132856 1 5.57503030479221
60687 2 3.841706352413927
64411 3 3.466709381340687
26437 6 4.207864653602019
40876 1 4.6272462947257695
200648 6 4.293756693005808
42793 1 4.440894385672711
197933 2 3.8113313955400128
263854 1 5.250456216835526
133179 5 4.979248014179762
262257 2 4.765518346503366
198853 2 4.28403089141023
41717 34 3.202589055101479
39223 3 4.847752887574286
136633 4 4.576313022295166
62788 2 4.824495767035181
9105 73 3.7452013022018016
2711 204 3.060535656309414
36461 5 4.4596156055738785
6659 26 3.7754851706643446
62146 1 4.6437392728033124
49950 1 5.149230923236298
35225 1 3.9821871269875477
37156 10 3.921157294499223
3709 34 5.395732550892454
13555 7 4.230484350896781
63419 3 3.838474616388581
22582 2 4.005555520142484
209396 2 5.809869770444638
48403 4 3.9982916925042296
136301 5 4.8324121580609205
265204 1 5.515313983303217
201906 5 4.472203479532594
21113 5 3.8834044987402194
207073 1 3.8998609898500445
267093 2 4.500768151371885
13132 4 3.3380090225824
35285 1 4.8276596647910495
268205 5 4.495882670297856
265896 6 5.799086573477413
266224 5 4.493990240824733
16626 6 4.344930220774651
39247 2 3.7781801292275565
40583 1 5.035982121481902
56826 1 3.997693840550984
267797 10 5.622043791385752
6126 1 4.514629240834283
16253 2 3.6959314414222217
267056 10 3.3927871208188316
9304 486 3.3683103781976778
268262 7 5.305302521927747
20446 17 4.094225576555805
24422 1 6.2357562889582585
265483 13 5.215017515337813
137314 1 3.747794745577004
266580 1 6.245002403787297
28138 2 4.671044497565209
394513 29 4.703239925365709
21413 43 3.104584558497465
55918 1 5.005051894222666
199546 2 4.584605859887816
37013 1 3.747882664585298
42763 14 3.7750791527053904
138371 7 5.666563769150384
62684 4 4.4295292930022
48555 4 7.905592746465761
18103 67 4.797641484953784
3555 12 4.19969838135652
265437 3 4.675238627242175
20166 1 4.123850907884521
47758 1 4.3906562110312315
61584 21 3.599087235230301
21870 1 4.463246630217073
31323 20 3.384505010094383
60776 2 3.894278165807079
53435 21 4.3732897721196995
263443 3 4.02888555237153
2072 1 4.298584334503405
28275 10 4.43331390188402
54173 1 3.8016759093852692
394146 20 3.243723155619422
50720 1 4.6940008598528475
264677 7 4.799611160002865
269244 3 5.338691172902996
207249 9 3.4725733160159002
30550 2 4.009329769391345
47144 1 4.824136328880465
61463 2 4.784160671734064
13641 13 3.614434180144214
53150 4 4.2282706528246665
23687 2 4.668901841903079
41096 38 3.6576578560913564
263787 1 4.319152321861682
57100 1 3.9619480757325065
134612 4 4.334837226198257
137169 4 4.590816723983945
58448 11 6.064979511661366
203501 17 4.198121402380337
18351 12 3.1539223268220007
50563 40 4.350868544087609
25335 17 3.8071006926635684
132843 3 4.2398654949408705
45221 1 3.949873366355986
21219 1 3.758252516483275
8699 1 4.743308807594523
11738 6 3.809999524527191
1197 4 3.7883427440948636
138382 2 5.620789623533986
262601 2 5.315556040032235
266337 7 4.925580599039965
264653 2 4.759273665085447
38611 25 3.9965238640021954
38927 7 3.866867839638906
17127 1 3.818671147012691
4750 450 4.729448013751344
397460 2 4.312238182927772
52319 1 5.702394669430793
199508 12 3.816354235995698
268513 5 6.961171715171774
264280 5 4.275560761353428
44081 3 3.51082022848475
22908 79 4.627027458674982
265530 15 3.8806107900949107
132751 7 3.5880193769247963
7212 4 4.26654018448154
206707 1 5.040745178378439
267508 6 5.376335028436544
136284 17 5.925829319003533
267806 1 4.351393775901165
42507 1 4.4873011410826535
396870 1 4.961659915428504
138462 5 5.440003729543237
198442 2 4.118613858740561
350 3 9.473719151674816
16801 5 4.24320557671022
53169 12 3.916715114547463
32013 4 4.000552635321488
266838 1 4.722764901582637
51869 1 4.345985958485959
34421 3 5.7154210339336675
6663 73 2.7334178894669807
25349 3 5.501520302856821
9731 18 5.888436582046504
54752 1 4.143420226879791
9452 1 3.9483936698222406
24124 1 3.692307692307693
33029 5 4.003336028286248
62053 2 4.5754779080312735
263169 1 4.311781988916636
204201 1 4.037512355369499
135241 4 4.596782079624799
263933 2 5.128330684470824
32634 3 4.1823870860283145
15701 2 4.012194613219761
25004 2 4.041440177845708
56447 1 3.7656800572699196
52384 1 4.517317675938366
53108 12 5.334211480066937
266757 5 4.3371708929250605
136001 9 3.7675880360227634
62861 22 4.103011955581756
62313 14 3.8529435706578474
7955 8 4.1879375561981265
27562 4 4.532105203377987
36097 12 3.8287630350627815
267908 1 5.199200606226469
32671 3 4.061756957064922
26744 48 2.9687147491694668
53756 2 4.166894667091712
15118 1 5.101524355957854
136829 1 4.172106481481482
13806 57 3.8043260435345587
44705 3 3.9247725004889933
132857 9 4.278306457037624
135847 1 5.189528874077746
10429 689 3.9660195734194694
7280 7 3.6609225162910857
25486 21 4.566698207542434
204810 29 3.6517332394935704
43091 2 4.626897278725322
43465 8 3.8031015243617725
132329 5 4.938628117086848
133661 85 4.0786024799856655
18135 35 4.010810266640564
203918 4 3.099742730319634
26549 5 3.008001358433018
55353 37 4.176082411846157
35609 2 5.508478345217366
36959 4 3.800589076778028
19083 1 4.589527940726693
49108 1 3.8012594548308827
200734 1 4.120712030331846
21567 1 4.041913481043914
52168 1 5.474309862124987
9124 1 3.836844772932193
50010 530 3.1324932219741624
38758 93 3.4813731558289382
46484 8 5.029610704288836
26842 5 3.7473526343102064
40572 2 4.763968970730055
55498 4 4.928685588282718
56918 1 4.675265455240824
16045 1 4.6523690582968085
1610 29 3.0678749630901287
61852 2 4.578933353990209
26341 7 4.1915456954897605
37978 17 5.0642823141352515
14062 4 4.019179041470302
264460 17 4.508874440638908
134522 19 3.8845850118607643
24722 89 5.814127866558392
56611 13 3.883995584111104
265508 1 4.528473753486068
396014 3 4.829227597119995
269611 3 4.323806838322968
264360 3 4.934433780595831
45638 44 3.8430949274476105
15904 1 4.637825364746547
62153 5 7.031059109778942
133583 2 3.9611826333264806
262468 138 4.077242415721129
266700 2 4.366517839212773
201166 1 3.9885390850201774
263595 4 4.537743186315678
9814 77 5.125602472215731
60493 4 4.044125265166143
342 9 9.464546032492859
198946 3 5.034843356138744
206449 4 4.4205525324657655
263326 16 4.1498784150153085
64417 7 3.780512450535356
26263 2 4.41628738900164
33821 2 3.7672923802339744
56818 4 6.8478006111081395
56655 11 3.643444664015072
132440 2 4.979851001302387
196624 1 4.324692859475468
45044 1 4.7545929121052275
29267 1 3.621418844738172
203618 6 4.015483647529535
43958 4 4.447042309003796
54845 3 4.05911488266879
205797 5 4.739261214241444
138114 2 4.981063278249845
31486 3 5.4808201558595915
265303 44 3.751241576180966
265142 7 6.083433395506553
57787 1 3.7588195406634926
268614 12 4.517756067851478
137160 1 3.580934684803733
264935 6 5.824064502413268
45427 1 4.848675851110574
30831 3 3.7108100242961655
30570 3 4.566152859742994
266574 14 3.6210477715173863
267074 8 4.990807929156529
264890 9 4.757347886130837
62223 3 4.82476525508054
20900 15 3.7079319898239373
8932 5 3.1639484505095536
205362 11 3.8823010452092577
46540 1 3.5990035735109633
268376 6 4.4194946352638675
58262 12 8.157729544341013
263170 10 4.674865391364524
268861 10 4.605650730053173
56558 1 5.8628837233282365
262952 25 4.418745935021305
20184 1 4.7044999542208075
45747 3 3.614981293811107
4474 14 2.9652587579133867
31708 51 3.5033142098174643
268709 1 7.111873100748307
18291 2 5.831152051768051
50442 4 6.496247135844588
265409 8 5.699743044329892
199729 4 4.5464815341351805
393300 2 4.0996949741878455
63452 9 3.2793595281506844
35569 1 4.751536744306091
58449 4 3.9035918290326554
24406 19 4.461942602614372
37269 20 4.672403149459229
57675 9 4.10324879749316
56824 3 4.281956528534317
263951 4 4.822468979114988
327965 3 4.785790162565469
264909 4 5.01210670204348
20906 1 3.773234475529022
203002 1 3.819924171212087
18927 1 4.154561815765733
135735 8 5.815674688122957
134540 129 6.013219201995614
23241 2 3.7441069881269224
40745 2 4.3689069711835655
40807 3 3.7821594449328764
47839 4 4.140700209156249
263177 1 5.521937553187554
393548 1 4.6140246926946435
268268 5 4.796105797723436
36298 8 3.9207776256241993
46868 15 5.117399623266007
50657 2 4.694486776191958
267362 3 5.349116912045567
34820 9 3.855665702727282
11019 24 3.5104224362169396
11978 2 4.458003490718046
55799 29 4.137343042330997
210176 103 4.904076618923183
17386 15 4.0315918936160156
395282 4 3.8932966848479955
267516 3 4.254320890080035
64233 6 2.9982164137424543
328428 1 4.867243641479115
267175 5 4.386602596265556
22259 1 4.0184244633659505
41066 6 4.126989858374085
52693 7 5.451043674403387
210171 2 4.789719804005517
23293 1 3.8036721670958125
201953 3 3.7035010079457518
266598 8 4.190775708177007
200433 4 3.523756865342755
54454 10 5.003766071484956
54692 1 3.8114449882326884
11714 35 3.091271138579567
21765 7 4.764468682155159
19071 4 3.6461137550257288
48464 4 3.8207417103428285
14243 4 3.8129804016728635
200285 1 4.625540814616445
15434 1 4.365646855131203
2571 24 4.161750711261917
7262 8 4.270655397305188
8343 33 3.8301282703014605
1852 1 4.474203081055934
25504 20 3.7870524114218824
44245 1 4.806646013106756
29520 37 4.785218080225084
42469 1 4.408100813438586
43173 2 4.25574031287193
10320 3 4.0030701845026995
133640 1 4.922340896390436
267549 6 4.376465355062832
61441 0 4.25
57294 2 3.848753542754909
17666 60 3.4398381009758094
50269 1 9.999543710257997
198688 1 5.068191534954208
198394 28 5.017813857456884
263730 1 4.9656945166780035
12422 12 3.9570448864488648
204041 2 3.635189250467377
394972 53 4.546726671987348
19474 1 4.482819137524101
60168 14 3.745229247376694
268666 2 6.0123769016933934
199040 1 4.7976107217986055
47870 15 3.696664818588812
264020 10 3.7155379934828985
17793 1 3.8240646038265087
43150 1 3.8965489383708842
53077 16 4.476425665932022
17813 112 4.397453379244808
35117 4 3.9820588258695566
62325 3 4.035234130876109
135186 8 3.5856045745884098
133707 3 3.5810989385394145
17765 2 3.8503525781394137
40310 2 5.265669819229429
57879 1 4.834704570500959
52714 8 4.252038265139566
33736 1 3.8112217436642055
49846 2 3.844679635696065
43085 1 4.657473609072756
51040 2 4.30178266429746
56472 3 3.5594942877645455
19685 29 3.9157294191516754
200826 9 3.8401211933279504
327840 1 6.142840790162219
56853 1 4.611734641438015
39701 3 4.453562118508581
35859 2 4.340800568462002
47791 1 3.637825364746547
8 22 4.464591306271529
47406 7 3.613453174172915
201156 2 3.88879232181527
50130 23 3.8801027373204553
264878 3 5.021163138312153
6941 2 4.143256218785776
37044 1 4.733460340592934
21922 4 3.7980049122775665
17440 1 4.040240890014456
36979 2 3.9422828285086577
199325 5 3.583582575714373
33894 13 3.8880847183898117
132647 15 4.7259911976028475
30428 1 5.4021315758258925
39735 25 4.038980807751675
266991 2 4.1305418169948425
40770 1 5.06496788757303
9886 22 3.8011413054039247
52971 28 4.527638511527773
19859 1 3.818877290075977
20330 11 4.964706730982109
11734 40 3.2101738440976493
135062 3 4.043947541300652
44787 3 4.3500521054955446
14511 5 4.6247738076152025
328545 1 5.04517854887313
61169 3 4.327773325242211
39799 8 4.889265198215559
205672 1 4.32415694327459
269417 6 5.371976074859762
31207 13 3.896708802661184
58690 1 4.645447411407513
53488 49 4.2855613356498585
5108 5 3.905328302488126
34748 3 4.017985647320886
265274 3 5.412337981336362
27621 8 4.57618012004234
396100 1 5.4745268469899
50864 10 3.799674949336629
265440 5 6.30865201420938
27564 2 4.782167397746294
262367 3 5.639769828153475
268596 5 4.668340619194071
17210 28 3.387620228929539
12849 451 3.822397719974635
54787 2 3.8124906748610656
48412 2 5.129738027200229
64086 3 4.293724447482423
134232 2 3.922386777459439
15540 11 3.9022710404405934
7604 69 4.062208263508627
21835 6 4.404048630163171
203110 2 4.833430909271246
268634 3 4.8018973234249005
34624 10 3.1967942368471407
28932 14 4.00936605809723
39657 6 3.935349215748745
206374 4 4.362986325997833
204990 1 3.543550143319729
16899 1 3.7830975036640058
47069 1 3.029169989334424
203057 1 4.071913845456812
202120 33 3.285740539059571
13917 4 3.8638188631426096
50600 1 5.103426162879944
21182 5 4.591261056558972
44116 2 4.794580287911342
269077 5 5.650900053545523
32383 1 4.044757042711005
58459 1 6.133473248319639
41550 3 4.011704896875271
9289 1 4.747599203357983
11176 4 4.872670038922134
198143 4 4.482920488340776
208737 1 5.33724611862086
44341 6 6.062478258769654
30094 19 3.9242289910919563
27795 8 5.811939056363363
21538 3 3.69694401525495
58086 1 3.817014118302033
269010 1 5.71179465955275
266119 7 4.4939557404644646
206857 1 3.7381571745236615
268532 7 5.459018011143284
1531 13 6.464403202043151
133092 4 4.844541004681785
2865 5 5.428175626489508
268593 6 4.935482949848767
9145 52 2.7935778791686148
268667 12 4.128278325968064
56538 3 4.49001719215435
13996 22 3.98799293725067
4058 230 3.766858047850231
135187 1 4.621227901287425
61514 3 8.05078378398322
4804 354 4.432035497619526
26730 1 4.0
46417 1 5.108436069191406
269335 6 4.263384172187086
26949 3 3.560153462779575
22390 8 4.554308413470194
266028 7 6.174412487577127
51452 5 3.7684899941905856
47950 3 2.8987264074078345
41313 35 2.886310048762108
58629 4 4.989448555776617
60549 2 3.9391736864759186
49596 12 7.904445291997532
269322 2 5.146516085359792
61072 3 5.053257314621922
8669 4 4.590908995709304
59513 1 4.480457637600494
266912 4 6.371622472918913
132763 2 5.001931542051419
18029 6 3.9430120804435362
41744 1 4.645000972416939
12903 22 3.835542318489478
41017 2 4.119064533350247
267728 2 4.748125112329198
268230 8 4.4808667123535155
264628 10 4.019924891801334
14931 6 4.547234583110578
28229 28 4.084051640499387
131349 6 4.1338940912005375
47087 2 3.863883804522872
53813 36 3.6130178841492517
6648 257 3.870712374910619
49576 19 4.834338981459216
400 1 5.884226961538127
376 302 3.552534853020811
33986 6 3.007338433701364
30840 1 4.3922760812744395
41480 11 3.3616371843651276
4940 2 4.289524727827512
45504 8 4.435524155016243
17071 31 3.7037898138008836
39684 9 3.8455662747491055
52947 14 4.426412962476076
200174 5 3.801249990551581
394579 2 4.649233556286318
60744 3 4.626588639778603
263902 5 4.992925103812419
60533 1 4.560038968219981
134859 2 4.590484824842523
30295 13 3.0881691332818555
56204 1 4.707225415846106
44668 11 4.0257795037288515
27381 49 3.565011793223651
45118 3 3.8290357477548747
132075 6 4.063682242569676
264322 7 5.603362220680966
53071 21 4.808266021681324
20772 1 4.811260418437666
55179 1 4.6915472973220655
15589 29 3.0531994642873754
12152 8 4.335571668813227
22549 6 3.2055907123334255
40410 30 3.936202557675575
43768 4 4.719150982094563
396844 1 5.271533541909356
63405 3 4.7751916120936375
135101 1 4.900227278650924
265338 5 6.160911992148742
26760 30 4.011017537223974
63171 1 3.8129804016728635
51950 9 4.1786463019201685
262377 21 4.422918586900288
57898 4 3.990406636055654
31761 1 4.356168896784659
265261 3 4.765858668613697
62592 6 3.804315810177114
268042 7 4.534867399038762
131769 14 4.160238320700829
263994 16 4.891717256503918
135451 4 5.10889829148306
18590 49 3.582013197623744
61765 9 4.847248400324368
267155 1 5.34892935874588
33257 5 4.117318279149691
12539 8 3.934483470265294
34397 47 4.857061480170067
20980 2 3.7321057033348017
14043 21 4.348279772998251
60901 15 3.78850322398767
18182 92 4.018778247646114
264016 21 4.376553606116091
42191 4 4.147633159515916
268623 3 5.286989686015541
393613 2 4.279671916465408
138881 126 5.137677447886557
25509 3 3.8241802194121894
34187 5 3.673231373901894
138232 4 7.495707566433723
139292 3 5.466541240883135
206198 1 4.875995334714546
136343 4 5.906000739865705
61731 5 5.558862869448053
34858 10 3.7179696207168056
204635 4 5.193933873652183
24398 5 4.6396172226801315
48039 5 3.9998207008652167
322 1 9.473440065681444
58708 5 4.749414786337555
327879 7 4.694351634044604
15612 1 3.3660256335205623
136593 1 3.9530490466036357
40872 1 4.558897112651284
47644 4 4.893591791609033
40252 9 4.743784826212701
40163 1 4.721369702265804
26255 4 4.692987865262635
17397 9 3.925873969529345
12502 9 3.8203748392715537
18037 9 3.8583333172696594
