131244 2 3.769604374781184
30993 26 4.728526073079834
42417 1 3.7439302653588373
209238 1 3.3038568571817217
200591 1 4.809141785562677
262290 26 4.952368260522052
264015 4 5.671612345931565
42442 30 3.58718780228864
263878 6 4.697650064576997
267119 2 3.9112270883624998
156 15 4.391210721028126
132554 1 4.305875174467611
202162 1 3.9900976448595493
199572 2 4.763247863247862
59771 1 4.666806152169089
136840 5 6.012090512843313
15967 31 3.5471450365533874
55467 2 4.917988240545727
198812 1 5.260433953323937
269289 3 5.060333719077053
34447 1 5.089973924087225
36891 25 3.6367129727730423
14859 9 4.4652461231934195
268523 16 4.247891511106128
28626 9 4.759813541689213
206551 1 4.812657250965689
36689 3 4.510062956256104
25372 2 3.5885247327336938
22913 1 3.951917833108425
20285 9 4.169084974866094
11183 2 3.91017216644977
24317 1 3.9996363681006013
210118 3 3.8779467589850936
199478 28 3.847479053291864
268981 5 4.698123017571548
27168 4 4.456252168123365
32845 13 4.793199495874556
62201 4 3.8152650007183304
62163 8 4.756282883793777
262706 39 3.385666741312844
328210 7 3.748995791591002
267261 3 4.427730361672987
17078 3 3.9537681131918156
197936 5 3.549806624559215
20300 7 3.994920202924285
48079 1 4.216957518295422
208928 10 4.420481707309122
27730 4 4.88286342214169
59668 7 5.3046270627808125
202895 5 3.997303859939226
50925 4 5.878276671083774
37906 2 3.952954183289655
203661 1 3.4461708617750353
263200 1 3.822992134667012
34430 6 6.228716942659446
29422 33 4.3552184809162195
29968 22 3.7450276192194787
39997 2 4.4429655342832675
207884 1 3.603250857247983
12616 14 6.100785673208385
25969 28 4.207802081943814
198682 22 3.60875120831762
268941 5 4.907775435404995
38524 29 5.143469688437951
40159 1 3.779598179598179
51335 6 3.6864518802516777
46957 29 3.8047257054264483
202498 4 3.453917435272477
204120 4 4.170206061493034
264259 7 4.698187113035883
28317 16 4.248191638909047
26595 3 4.09843044477681
47082 1 4.199615043777605
328323 3 3.76271767360477
395387 2 4.025741484234915
135475 1 5.068639851593927
53470 1 4.914373035986047
25712 7 3.864996728221289
6830 959 2.9299015665181924
57470 2 3.987174460239937
266116 2 5.626698478327726
136304 1 3.637807838105457
198195 1 4.909974114467202
35761 10 4.754508579071006
199365 3 4.307913814716208
32481 2 4.136714805107233
38207 40 5.76186639561196
17121 2 4.381160543103707
9266 75 5.948302942424708
328369 1 4.703630390551294
29753 1 3.9718922518721307
15623 39 3.097227442030877
62102 4 4.330371808937374
136328 2 6.014082165046957
28561 8 4.31398395674099
133782 2 4.6746369576418845
266266 6 5.481104182603351
210189 1 4.091348396954591
267400 4 4.29904696014495
30612 31 3.6688697805445956
48301 16 4.404550232618135
37011 10 3.6511884025907504
268675 6 4.326065891475125
197923 2 4.913252751696269
47941 1 3.9728263102968406
55234 1 3.9204307369332
49063 120 3.2884486579472965
54481 3 4.018022038945191
559 125 2.895327385510533
37304 2 4.565158344113107
9507 10 5.137301009993676
366 1 9.469471811713191
266187 3 5.604710088443483
7122 25 4.2237303948642255
44673 1 4.523075486926544
13042 2 3.6151284800178884
14723 7 4.227627273618664
205727 5 3.5803441397873517
36004 9 4.127042367058206
24500 3 4.851336333628332
31104 1 3.981907314050171
37587 3 4.559511575035071
200788 2 5.638369209635449
19713 3 4.641925745879112
263890 2 4.975234901816287
323 6 9.467024964469813
44270 7 3.810493780754713
25532 14 3.606529927838277
19541 9 3.69535736442024
137561 8 4.780192771729823
268559 6 4.136321427338774
58470 3 4.073088624342362
38599 4 4.743634890827157
8448 9 3.598531990586034
33376 1 3.8016759093852692
22811 3 4.203206546867989
56668 1 4.004532510948593
12083 782 3.1314947704775267
60357 3 3.4121826024003097
5787 3 4.518129201279831
131524 2 4.992421107331821
263248 9 3.972541423127649
133266 1 3.595875597066073
17741 2 4.8701821393018445
209845 2 4.6400665545446
42892 20 3.7740946953759287
269423 8 4.862258921840768
394964 2 3.819255395215987
262896 2 4.1958449620643465
264480 15 3.9563855279510123
56190 31 4.087475912612907
58217 2 4.702365509171865
137546 6 4.670404406402999
59340 28 4.555567082123511
50402 1 4.118264363502459
266369 4 5.410155134440117
137666 1 6.616979063705253
7365 2 4.390903489001052
263127 7 4.485237060074461
62410 2 3.6414596449814987
265251 3 5.372109370390246
56751 1 4.761016796377372
266539 7 4.469412222907238
42748 2 4.6732832963110145
263273 2 4.614359586046957
15169 670 2.2672870746397544
264374 5 5.242112029732915
24471 13 4.249500939730509
199744 5 3.802581652017964
396199 1 4.436575716444353
23196 2 5.67550432964226
135725 4 3.6066418077405755
138267 3 4.595302404826215
264964 5 5.2105752052180625
385 959 7.465274135288604
35444 49 4.2798892628718646
53586 7 3.908080786104905
63144 1 4.198481256929532
4647 8 3.9895525321432967
45824 1 4.841676203265856
42387 5 4.119327982960387
397120 1 3.86833894563028
8647 3 2.8508421702351106
36838 2 4.327715276699146
206614 9 4.295905940410109
48417 6 3.6030627777679944
36001 8 3.0301636300599086
8111 16 4.077309900742996
10750 14 4.475334460020865
55022 6 4.0477841065846105
393451 8 3.9395962752869385
133588 1 5.5665140304993965
44411 1 3.70709775377263
266468 6 3.594272408098966
19687 5 4.275056533098141
6886 5 3.5323509407335214
206574 1 4.30796343537415
264950 7 4.785426627954238
52968 17 4.984698073557571
45138 2 4.4935027935027945
14559 2 3.8144885207963477
52601 10 4.876456494594471
15399 503 3.729598304561983
18172 1 4.007479440905138
63214 2 4.076574660237694
15135 48 4.435926355344086
52251 129 5.169308887049144
27972 1 5.604659562145282
14203 16 4.469108891932855
267614 2 5.6438204059356165
22 6 4.790276656217537
264070 5 4.670196614678205
199254 2 4.15433249384646
43451 33 3.7062703097475858
205891 6 4.570479406383486
27299 20 3.185566527087828
33620 1 5.246875397953977
40371 8 3.85073633898027
264825 10 6.721097543130151
197793 21 3.826554461890995
131387 2 4.228606720033459
41033 9 2.9962064939932445
60466 2 3.8608100222132022
133017 3 4.439817357291223
17510 1 4.275686086400372
206446 4 4.226624793934131
30618 1 4.360137150752914
10798 78 4.12357909200123
132117 2 4.961419285105604
52127 3 3.8800643492276405
265280 1 4.690713080278206
61281 2 3.869037688034833
51478 5 4.257809051879111
138144 1 4.401967489400285
26617 109 5.0156705385729445
18731 1 3.8204978036012527
397343 5 5.555643299217096
267521 4 3.6496842075278684
45498 25 4.51218254446308
395556 3 4.42580981290542
52749 9 5.231250849299199
265045 8 5.434889402244813
12330 2 4.792231648948067
24089 1 4.147833586823258
47874 1 4.2878229023302925
61940 11 4.238457113426656
61058 1 4.897133010815103
58331 17 6.9611292952999015
138623 3 4.091229151825308
14355 1 4.8770677926342945
264797 49 5.729899728580996
53928 1 4.463246630217073
41814 1 3.7043003482218233
8381 2 5.067937487925967
395560 2 5.4024812343285245
55688 9 4.390194809637082
16229 190 4.298189781811165
53732 11 4.25674235009764
262311 5 5.432334596475465
19381 10 3.0208898286841355
17378 100 3.1919756323152306
393994 13 3.9900904645547874
16200 12 9.23351820177306
54311 1 4.423680586882557
266444 6 4.750098189280611
52190 1 5.080527407955227
266174 4 4.566491173666111
63366 4 4.363010869784181
14881 5 3.7850057363041367
15342 4 4.277576193473644
54893 2 4.232444883851106
51441 1 3.7165406689216214
27021 13 4.003392588398443
269060 10 4.822046616416419
394080 6 3.513061380169426
12140 5 4.881499942692069
268566 1 4.580001749726047
5982 2 6.472829565070945
137275 4 5.573334214720977
132093 4 3.9996363681006013
394673 3 4.381169542067347
138091 1 5.923126587842468
393819 5 4.592966816790098
20697 2 3.5187524364788048
17451 503 3.2141731765866064
17212 2 3.8017059659916814
264177 1 5.2488689152482255
263604 10 4.907166615093428
64226 18 4.491509363505839
9526 34 3.8210526128375712
328236 2 4.703195971169506
42832 9 4.4008821618126905
56101 1 4.471053628986716
42352 12 3.745003350563145
55380 3 4.378729885647083
61319 1 3.1252731647365617
4797 5 4.0763069472820535
262218 10 4.080884216088085
48028 6 3.9916488771462313
263633 5 5.592849879255409
58879 68 3.870077856761176
263635 10 4.35802983614502
22433 1 3.818671147012691
266268 6 4.322129472274818
61635 1 4.656820710761598
55564 6 4.808942309921422
133120 9 5.04193415786927
138678 4 4.684159090664098
62342 1 3.6385753756975636
10143 134 4.244687706149171
327966 7 3.7943007135060713
27903 18 4.705937685687872
43331 4 4.757347615528138
22199 18 4.873257101492552
12076 28 6.954807958853714
201931 1 4.2563165201414055
134090 14 4.124686619497219
59478 8 6.452968474987767
51843 2 3.8925029167773153
393607 3 3.868678685140743
23893 11 4.120779705148164
264060 5 5.343827727298128
134032 23 3.7508213391738185
55287 1 4.753408680202604
328485 1 5.183166436737865
262748 11 4.443551187618374
6843 4 4.806404913276834
52139 1 5.256647173591861
45294 24 3.7795281858717416
41075 29 4.674071185069772
2129 25 3.7333175829001854
13866 9 4.513012317011918
63846 1 4.494172932902408
131603 10 4.300304478753252
203107 1 4.017913686594826
18199 59 4.366169893169495
20102 2 4.84835777808128
18211 12 3.9564136237162835
35543 1 4.2563371806212364
3449 2 5.244645018026667
16010 50 5.021884172319501
28640 68 4.706571839326908
199490 2 3.9627933305960132
131274 26 3.1780868064408843
267512 4 5.351905545569739
46596 1 3.8204978036012527
1480 5 8.469641899993487
39355 1 6.033788433788435
28366 58 3.7956134503558263
135456 1 3.8979658831207757
30482 2 3.813624562430268
30258 2 4.48198005175889
23002 20 4.157065663397725
47557 4 4.59966078621251
136462 8 3.689689864037955
57773 13 3.5299897949577916
45580 6 4.30841367758142
32336 6 3.024198137275736
54133 35 3.758135314990491
48840 8 5.251806902906389
132413 3 4.3745259982333256
263411 11 5.84847502583348
207233 5 5.4624822867945415
25871 5 3.815263295016802
265134 15 6.116268647137919
37586 5 5.630680374407364
134000 28 3.590616162533886
2539 1 4.772179151354028
210232 5 4.640063371846826
47478 6 3.841856977359381
262365 29 3.560968651291072
17614 4 3.9038100178713973
42642 2 5.890990803797796
6905 5 3.772435723545498
23316 18 3.044537789418866
34848 9 3.9526527488723624
205926 3 3.6696441953152275
43663 1 3.8518893445403357
37413 1 3.999652196080768
38162 12 4.438203335667588
268327 1 5.263255622983432
11814 75 3.679128045255191
8530 7 3.0668493094020115
25929 1 4.512936768812345
15785 11 3.712305928976817
266096 1 5.455239475747713
39743 22 3.8740690591980584
138221 2 7.005849775414635
135814 4 5.449603054601857
266034 6 4.331993988435313
12511 7 3.6086743082559036
13030 73 2.551471530134113
3952 21 3.9043478711955504
265127 6 4.561243626740909
16949 10 3.9211781608612304
39423 1 5.557696011819432
32921 3 3.805112815175141
17227 46 4.1982051187447595
13631 6 3.8740466686853408
51239 1 4.3376873798871625
204834 17 7.535330091480988
393257 1 3.9926519548284625
50331 1 3.5794061538109165
39218 2 3.7862345330849574
14486 2 4.015594707617942
266624 8 5.223676725801903
51970 1 4.498454131759229
18022 7 5.599485818656783
8568 12 4.06811933785464
15475 12 5.759527470864236
264821 10 4.52363636872728
17694 3 4.409092607903976
48956 6 3.6945579214135966
206898 4 3.995567143397728
51960 4 3.7381461062006194
60454 1 3.806774411621067
63165 2 4.737041634017529
34141 5 3.1992494078519123
61653 1 5.626428409613429
60534 4 3.8768790439056215
56781 1 4.624460958907965
262576 6 5.691200278388363
266416 9 5.839816361924328
36659 1 4.463024136661247
267200 5 6.794715317247078
269506 8 4.5897607164487635
58313 2 3.8781690387057646
24527 19 4.080793408799302
36906 3 4.804449777553226
37280 8 4.3543116526470795
21670 1 3.8099079947602115
4608 22 4.519856627498508
135485 1 4.903987236081526
43301 3 4.028417889915478
51946 1 4.845747466723321
60675 9 5.320008941820393
208847 1 4.555077019403394
19189 5 3.4301948473051556
38926 5 3.68808235661594
38407 5 3.8266792820314413
23422 6 3.956447324366773
266081 8 3.4093412402356686
267185 4 5.338925398629833
205911 2 5.805282488903178
262749 26 4.697065748392712
197345 2 3.823891671717951
50239 1 3.833139017067589
57967 2 4.422756833045188
63754 4 4.194467534166327
12545 3 3.947532951510967
48850 1 3.2369791666666665
57961 3 4.368738214649445
38501 3 4.470293486673013
43335 1 3.59265101753965
39580 1 4.104041527255813
265994 2 4.966110127512091
23994 4 3.588423592483401
28255 67 4.989167041384122
47640 8 4.455221773676975
15930 12 3.604124108955743
132721 33 3.2856932181188925
50464 2 3.3816160939235695
268445 4 5.4662947993634
19575 2 4.541726725428198
58260 2 3.874782413775998
56239 19 3.9286710254268136
58048 5 4.190446784927651
7238 13 3.8754177117525668
209596 1 6.9274566703138145
58321 17 3.431766431336961
267168 6 4.912547702002754
61120 1 3.767007186362025
14782 21 4.135137543245979
49672 1 4.757471464860628
51955 14 4.225206490059554
205070 1 4.420384820594904
263481 4 6.920998449038654
3804 1 4.186188164143829
23003 2 3.8129804016728635
38027 13 5.076075870016861
14532 4 4.674471476661377
203201 8 3.716771053599672
17523 4 4.3993215867509345
33953 3 4.555525568342942
32670 1 4.464477762400587
42334 68 4.969504267116886
267339 2 5.52945520559153
56103 2 5.032125904212712
267677 5 5.035077117294372
210092 2 4.548506406265027
19909 1 4.488726376456792
564 44 7.462563772794417
25709 2 5.020093286096301
50642 2 4.333163749681683
267581 1 4.911295261295262
42981 3 4.270169280611988
16624 6 4.168403954293037
17275 17 3.866638241693186
46812 7 3.812932347236997
394592 5 4.658329137217544
265996 2 5.020252433428626
134023 4 6.973488202432954
35026 10 4.135585014947334
57595 12 3.7200211697789065
61795 8 4.2734261367382205
41061 6 7.310236708633149
263781 1 4.484892224177939
265264 14 4.12555635418565
43316 3 5.23133613870934
132754 16 6.005402144708881
62512 8 3.596838756436017
267202 6 5.240885030787939
206451 14 4.569290710785426
25754 11 4.498670375918586
28663 14 3.820735700976018
206108 2 4.175169119655714
267902 2 5.1736505408410425
41270 1 3.9631629805592934
266463 8 5.771252605062192
267354 8 4.992132229455301
18964 10 3.8145924735983554
394660 6 4.958830480253762
265906 1 5.559729223032365
14743 18 3.863620795114369
17420 5 4.716908814250805
37542 13 4.746258637581568
33699 1 5.324169741617369
11282 14 3.039289395732093
1449 9 3.688090965443392
38103 78 4.963266328894685
23415 7 4.577103517380798
24971 46 3.208980496030343
34370 4 5.09610268231233
51042 2 4.003626558823787
12569 1 5.42825020263444
267221 9 4.6224711865350185
53084 3 4.623539575054567
60754 11 3.640293286529541
34362 22 3.0364901363285584
41129 1 3.67035370112739
30914 20 3.673420662338051
50753 1 4.869856136554429
394773 3 3.8112057890746445
10538 5 4.253031077412832
8315 46 3.3452417486085695
268245 5 5.569865945901877
58053 3 8.919517541764717
50289 32 3.5272396140133897
11875 2 4.120892983412427
18693 3 4.020602459767753
45640 1 5.182064920130132
264411 14 4.5731582840249
45729 5 5.07259132600437
58094 2 4.760649125310779
137159 5 3.5839156252324655
50710 593 5.014594609507232
200793 5 4.471050820390214
57125 1 6.2633220714091
39489 2 3.92039249731721
132418 4 3.8251247338685763
265820 1 4.794019995391095
265861 1 4.837294319437176
134916 7 6.978667347232338
38153 16 5.371073456267946
132556 76 4.243986751858467
60724 1 4.840495684534268
23728 4 4.313341404674292
41067 2 4.169533029473705
6034 66 7.488858915528229
51835 1 3.8633822611933213
268234 10 3.9531560787876634
53141 12 3.954105321055092
18123 3 4.731634374751082
197250 3 4.006356394302182
269152 7 5.383038363105594
51446 1 3.8034086761251626
209571 2 3.8686396780934595
27602 1 3.999146114749793
24137 6 5.128234326664935
63935 1 4.0731342566164
139517 1 7.0094036818256855
56920 1 5.717849382135097
20850 8 4.527111848062947
268185 5 5.670717931010128
198755 4 4.832830143423125
19723 15 4.601095462435219
3166 12 4.1582720705969844
269156 2 5.0451177382895525
1835 7 3.925695705680406
35456 1 4.806404926643022
134856 4 5.263062400787925
29512 6 3.14610598433275
14851 12 4.28466739778233
61576 2 5.191005291005291
203315 11 4.1405786062457635
136358 4 5.790565534203408
266948 8 4.915698670386677
21171 4 3.600452245718569
26729 12 4.772865850675284
265318 2 4.631271644143309
17630 1 4.882091365561069
14941 1 4.508613381692198
18974 2 4.203493843897007
203617 1 4.146994268578833
57846 1 3.806456638599496
268619 2 4.726791498286227
16286 4 6.533093569753167
37437 4 4.974906504853774
262169 5 6.8519511658170265
16081 2 3.88451685504221
206268 5 4.742283687947568
56196 1 7.006637245799807
132205 1 4.024787273533197
206317 1 4.676654421700506
202705 2 3.7320916660162338
264958 2 4.22049964573345
23862 12 4.827189083468177
22987 4 3.454093640759748
42428 31 4.610115943761617
28533 4 4.687335378091082
53890 1 3.957865394772805
47251 3 4.072625929016275
13287 65 3.298254090828554
11273 49 4.523615242040552
198713 2 3.859735391318785
262732 26 3.6553664407062323
61456 4 5.245673580311568
137514 5 5.380440329069204
64434 3 6.0111761081734345
19752 38 3.3872146865976753
52003 3 3.8188139171000457
53131 69 3.5643123593211934
202221 6 4.0301611508819875
37943 9 5.062224580033291
57066 2 4.591186169300117
48063 1 4.868444138723285
263859 1 4.83358202643917
6181 104 2.988477528323852
5467 5 3.963764913477676
264877 14 4.876332569623818
15307 13 4.242875454434309
200370 12 7.092267758238011
13604 3 3.8352810842338236
203183 6 4.140633446539155
265493 2 5.510081916557773
54348 1 4.772179151354028
264756 9 5.412858385910694
268907 5 5.9526309058113585
58484 1 5.923330088045968
58201 1 8.750804901468339
20058 14 3.9430530608740137
15147 13 4.135098618941553
41223 1 3.822138465368743
134637 0 4.0
56153 3 5.336154321408042
208443 1 4.297262435974763
20382 1 4.8770677926342945
36734 8 3.4070157741235554
30047 8 3.912509724179449
62681 3 3.9204233437415534
19963 8 4.6454164226959485
26946 10 5.595752722077818
61704 12 3.4872254138236993
29161 6 3.785841114688902
205927 3 3.8845710958441964
37031 15 4.318727588014875
60706 5 3.9232090487651425
196785 1 3.8340076590076597
37282 9 3.15897557271805
133324 8 4.949716520532988
266429 8 4.778845402942466
56476 32 3.959558320667207
265439 6 4.3586922990063
266411 1 5.687909513595462
44771 2 4.368668636707009
265186 3 6.449545849012166
50316 35 3.126261545314585
202707 5 3.223196868819892
22575 3 4.181142143221372
14328 52 5.1086193706051395
41617 2 3.6922085523803903
54262 2 3.8123329836147315
11143 4 4.853624416732018
202675 13 4.008686811717728
268934 5 5.259229251909951
27003 2 4.346445892336697
43030 2 6.920921785300244
10801 40 4.074489240431872
58394 2 3.823495973467578
263097 5 3.9937926703806164
263699 45 4.453423232353436
19582 17 4.593199399966254
4597 1 3.9792333029660214
267091 6 5.13591866781131
135099 1 4.83086184696016
21030 8 3.8131476644973583
46148 1 4.462777082128478
53153 37 4.417176021932939
136699 2 5.87084761343382
30960 8 3.4568183885232537
13181 1 3.637992959421531
3596 196 4.686805546528014
136404 5 4.518901842610826
267956 3 4.752692414943631
52742 12 4.844832275080192
207062 1 6.020052445160203
397731 4 5.4031860180639075
57193 2 5.527842787475355
131380 5 4.690033770911911
47211 3 3.559831958266902
263846 3 4.496497158847616
24083 3 5.1613482366786805
204929 3 3.722941071785268
6904 7 5.198965552953557
208988 11 3.881749456912326
24080 2 5.013488751436302
14343 22 4.547953632866647
30931 12 3.214500192908684
30718 3 5.6253344410784525
263224 8 4.765565621247309
268375 6 4.432465390471288
395126 2 3.5235779432697787
32054 1 4.575588890895581
48537 2 3.6682820803252705
51155 4 3.544120919808828
132542 4 6.0129093961978155
47579 2 3.876768212799319
47252 8 3.811126584980803
209374 1 3.92254785252313
23255 10 4.2366434099354855
17756 26 5.094934559573961
45499 27 4.279800863910359
32148 4 4.794308535614142
28280 12 3.8740088085095747
21878 1 4.463246630217073
395824 2 4.6786969671452425
196744 3 4.42256400327189
39886 2 3.679602423748285
202745 3 3.8074413275135934
32099 2 4.476713923351229
54232 1 4.142438333423555
34243 3 4.24358871808822
197548 1 3.922069565022289
5752 3 4.706272767242942
134602 2 4.649375201441086
13717 15 4.199683077525843
52235 8 4.5045289047159125
56241 12 3.929246012542081
201290 21 3.1323733726951213
63961 4 4.355309962455815
23596 9 4.898605007422857
21231 4 4.405854770627097
202094 1 4.333338004552267
50721 1 4.6940008598528475
39043 4 4.088814600328305
29877 6 4.437849118135956
36965 3 3.7185954904612197
59116 8 3.865213260816767
39360 4 3.837167026244484
265395 13 5.755181293108576
39268 2 4.467396447741275
61218 1 4.98675801268327
9657 60 4.07518924161972
269109 6 4.289209414471252
49169 2 3.5759188958809784
26782 3 3.747984691358733
48481 4 3.727388301682322
27646 6 4.717546836558838
62891 2 4.013647492615101
14921 38 4.4710756001938705
25233 59 3.820889315191619
59681 2 3.856232379103902
268548 5 5.086827106868219
328094 1 5.529714022361081
8902 6 3.059788224376758
196947 1 4.019675940157716
34386 4 3.986657738897686
44343 1 5.338466870819812
49762 2 3.92717167650608
138205 3 5.654492454912719
206535 3 6.942084039391597
11862 6 4.150932846243152
20079 2 3.8504276931740176
25896 9 4.10204979482142
26118 22 4.251832743033167
203026 4 7.16119024860334
135637 14 5.559606713680848
56108 3 5.334505040172679
265387 5 4.771617416330569
52727 11 6.293568325363391
58303 4 9.376829407813437
201609 1 4.423406896407709
199090 2 3.7840438502455593
36790 45 4.721147248850556
10835 123 3.3425053627824948
55288 3 4.41154597328066
265154 4 5.2302865653736275
4373 21 4.07896726973165
196891 2 4.463587630531153
7883 6 4.074864679274483
197235 4 3.7606282199289156
59324 1 5.192187714518046
204156 2 3.667234328041231
38170 7 4.852270326183796
23661 12 4.26663077064052
22227 1 5.820007162187991
30413 3 4.741895967354447
267399 6 5.387820800694389
266177 13 4.4819220490863785
12365 14 5.064225406567114
54882 4 3.735460859277328
205371 2 5.161141369672702
5707 4 4.49525701994838
24204 8 3.739543296138817
55489 1 4.701583489717726
34802 5 4.712565737940163
49455 5 5.711113709732908
206177 13 3.9909498100070584
266934 2 5.394746869013049
58451 131 3.627587229640359
24046 4 5.346829266267079
23284 4 3.8039367842258853
262393 24 4.418336548547066
132688 6 4.5850861881469696
45572 12 4.425459320704665
29613 1 3.8506022787409973
47394 57 4.431915127500211
56227 6 4.694113309882091
205604 4 3.8219261274764653
204806 3 4.349757189935946
267510 1 6.402746049790385
44208 25 8.007498976691931
394493 6 4.6170020333354005
268249 4 5.332131382438301
15041 1 5.213312243325079
21603 8 4.708286183952158
52875 16 4.564087621530329
197153 1 4.1047878111818195
52876 9 4.4843684075502
264648 5 5.299179265226832
269733 6 4.931670628243067
60882 11 3.9871522926207876
18671 53 4.044153559848378
42459 12 2.959863508456214
264895 2 5.231970401866548
267653 5 4.708930409444752
52592 6 5.599085425263227
56854 1 4.3538469710289185
11092 1 3.800723528432888
14649 3 3.739750121628558
197105 1 3.849250352821781
24929 7 3.6590368806016134
12230 1 5.240016077890668
268304 8 3.942126013473551
328543 30 3.961808169115668
14299 47 3.867938010161661
264701 4 5.7290084947369495
29395 1 4.82595073890383
41917 2 4.463926220028319
63141 4 3.188229966292132
395769 2 5.056801065432642
28098 71 5.891996762760027
263666 8 3.9609224796686675
30676 16 4.475540747068332
263067 8 3.8111360415455304
34558 3 4.398357297464441
135876 4 5.629137192333455
203368 2 4.399580744278631
48487 4 3.9176323488589486
265131 10 4.690920754283489
139677 1 4.114700287021715
44344 1 4.843514725237414
394039 3 4.223044885079945
36692 270 3.3360540963703875
61663 7 3.718660821578364
42655 18 3.8199795745115934
4817 17 3.2283046648575695
206420 4 4.99849723951457
58640 247 4.313581515566822
32312 6 4.531108458260064
131317 7 6.933101767715884
62900 46 4.194484040137196
54527 19 3.605007595807958
49666 21 3.9868417875524553
132133 5 4.041593504431831
11756 2 4.018339634524505
34355 1 3.8286243246327287
268062 1 6.458189881202895
34590 56 4.323421501223246
50751 3 3.9577911154969225
133825 1 3.6379539910933922
263601 8 4.627436122602821
44942 10 3.7843010238083004
38636 12 3.7906438314590685
328076 2 5.264213619177023
43632 1 4.12557634164777
47536 34 3.8274009898243597
328235 1 4.156140078492568
198539 5 4.073491486237266
18560 1 4.558676495006544
268502 7 3.8699151631120365
19458 1 4.309188304853329
14234 42 5.457167625071611
21419 3 6.500279128222039
20208 4 4.699113172977555
52010 2 4.909828273877859
264090 5 5.172597411375653
200095 1 3.591744757690276
34613 1 4.190776155061869
41146 1 4.686608884638441
40047 1 3.7997902571794206
9628 7 3.9343374480592144
9476 1 4.1033237559065885
54192 2 4.7886294051128555
137975 4 5.426658964834635
265750 3 4.751990009339921
40784 6 3.7858355464721933
206986 1 3.9630633827082726
14585 14 3.0490115156926954
37398 5 4.234138065276197
133277 1 6.003189155611159
16633 5 4.580566114615659
16822 1 4.388698377062433
197660 4 4.099599817945037
3954 7 6.842161496981822
199708 5 3.624585640378168
264525 10 4.878217494426811
26206 3 4.508868190536891
263119 4 5.334173029123768
139667 2 5.557341869944158
13511 6 3.982161579839835
55356 5 4.939758552189854
9765 10 4.336575456281819
137167 1 4.633167186738616
52122 13 4.580245348961482
6646 20 3.8939630297971464
62819 2 3.384035212500921
17306 169 3.4845026454606476
60175 6 3.6138493272356906
31845 7 3.1076809696393903
48728 26 4.1063720273395985
202026 3 4.105566843790744
53717 1 3.811226544847234
13546 4 4.298992045938148
394384 6 3.3475079754652133
7181 16 3.7686254396370256
20952 9 3.4886071394014557
267306 4 5.104938273836036
14263 9 4.34743010953783
50535 10 3.6548150630286576
32508 22 4.081006301592244
395098 12 3.8276996980212865
47570 8 4.51661840324653
1747 7 4.1961708474007455
42219 1 4.296785625924595
28554 74 4.141476237509711
20030 14 4.674154882833797
29902 10 4.569349228936303
3661 9 5.251713315925768
56911 32 2.888877845192753
55806 5 5.905294329140555
136711 1 5.349998743039423
8972 717 3.835741226863042
1955 10 3.953964658660319
9694 91 3.934320282218354
27745 10 3.711361637170456
55334 17 4.617965841600724
265913 4 6.2202812438387465
39729 11 3.870556211950742
266392 10 5.223884402137543
36856 2 4.558111989781661
131619 4 4.721271534561107
16265 6 3.4096220872828717
39331 1 5.726126828836189
262695 7 4.826121285934448
135635 3 4.896849697584138
1536 13 7.462273220910329
37512 9 4.692878029372561
12871 13 4.389157539328006
45494 2 3.530096492705955
328068 14 3.8113806877134833
205982 1 3.869475487414733
264835 2 4.955575222853842
205514 2 4.674292501320151
197395 4 3.7623681513881877
54266 2 4.278092529725592
27376 2 3.962170797001826
263913 13 4.13023495690368
201140 2 3.678041799286561
28166 49 3.956617019186337
198600 1 4.319622381702871
197201 1 3.7223043518573258
26789 4 4.771417773596488
46885 1 5.460664115729797
35884 12 3.7631715577441622
131739 2 4.3871820412335
28660 9 4.269751980520018
20277 2 4.772790407729695
134835 53 4.291958714332073
198177 3 4.021694919421445
34977 63 3.7702545415806643
26038 3 4.424193194606454
17833 14 4.87582699707004
47511 1 3.856884349223059
56947 3 4.336809395032991
16263 1 4.577966697494347
52578 3 5.727963531745532
53375 3 4.621230624875945
12570 18 3.0122746645478307
394126 4 4.874035359355848
51904 2 3.7579115549641067
36782 11 4.596814002982421
51762 7 4.056599025492113
14879 2 4.097357064773257
12628 3 3.7921621572122692
39082 1 4.538970886568217
268477 3 4.48091125482009
32514 3 3.832991924389984
133315 20 4.57276216956303
263419 11 6.11080720054957
203397 5 4.211719046924533
6698 2 3.943243812708184
34012 3 4.126205227034499
9498 2356 2.6288801404708435
201782 2 3.5341366539081673
6163 1 5.119927076264294
13781 39 3.683252665737997
33507 1 3.818671147012691
46822 1 3.753135296558943
263561 6 4.85393068229517
17763 19 5.9552456695737614
19315 2 5.969016124667434
134227 2 4.945427785776188
132946 2 4.65148296932761
56630 89 3.3666366967067787
63493 8 4.090656795379394
48645 15 4.9964450285410065
17775 80 5.179124980389328
51395 23 2.823325051629652
38946 5 3.1280735243013926
53877 5 4.456418578257297
28150 5 4.097729243794364
345 27 9.097094111588595
42767 1 3.7014052085480658
133236 1 5.0081718773837
328302 5 4.6221934390512835
206809 2 3.7967841558963316
197966 1 3.992888361927403
45600 2 4.83712962352594
32092 1 4.530136585727719
268755 6 4.869215389906513
207232 5 5.382729242114207
198938 3 4.053947993304246
266049 7 5.575443045355866
5341 5 8.465244790647482
38536 6 4.754252834535295
59744 5 5.26114835247923
12087 17 3.6037667596156164
32937 1 4.772179151354028
49255 1 3.8867421286594217
9472 4 3.8455446512495697
42022 1 3.979887650942791
135844 5 4.998632326069738
23294 9 4.234166136610034
14322 1 4.226431669042507
52623 7 4.548522785991667
198460 2 4.29563310634047
131322 14 4.377793526550978
48839 1 4.433922728275945
34572 9 4.036490138518184
52644 3 5.115088031921083
203605 3 3.6505751741352053
198928 1 3.775666299082793
32448 159 3.7263504829956013
53119 10 4.009653265621446
30864 1 4.03537921460951
138798 15 4.606749554694545
198124 1 4.758083987285668
53124 5 4.249698186834732
209104 11 4.396770777327706
268210 2 5.2892430742138155
268107 2 4.505565589523022
132433 2 3.850711632888254
262509 11 4.214653694170447
31343 11 3.577926257591863
262337 34 5.14038084899633
136406 4 5.695119258692297
43008 1 3.8527191787560455
206644 2 5.8097661005296475
395202 1 3.940846699116432
50750 4 6.065440466578139
27462 2 4.339595547334849
46374 1 4.155930922753583
3241 3 4.9645719232124765
20601 1 3.621418844738172
63497 8 3.850448232873045
51154 1 4.61661304547183
46790 4 4.201619739456168
45466 2 4.291988788428374
132780 5 6.564088526743272
264217 10 4.1431449975979024
396168 4 3.8030557087608536
11706 2 4.962886366751733
203505 2 3.809445574159313
24547 171 5.132417298388421
23185 8 3.8940240168548894
7015 512 4.079674940774159
136312 7 4.587896526789806
27705 3 4.44358237965586
200918 15 4.375639327872732
269049 6 5.052415741276506
38017 19 5.026453044542524
26697 1 4.035132908497493
16148 1 3.6337344650369863
47330 4 7.4852528400976235
60899 4 3.0980161907405876
265890 8 5.287859284615134
201010 1 3.806941940562631
7599 1 5.230395578999848
37006 32 3.7429452480728855
1474 2 8.473595848595847
24762 1 4.971828554748862
265290 6 4.608997167684146
19269 3 3.8120530463880224
39061 1 3.617297951039955
17811 2 4.002650216536985
13660 2 3.8981931829971046
202170 6 4.685563278973356
201006 2 4.478824614736658
62096 1 4.058272430604122
204043 3 4.0353978294387085
136787 10 4.317392808450386
7143 3 3.9844022208859027
23082 4 4.321665085233071
53433 4 3.9642897193261826
13743 1 4.2046749592316095
25308 9 3.9702825957106094
263855 2 3.7988975449217075
63867 4 4.69362342184471
204624 1 4.576197107599531
134762 46 4.071967679660538
22863 4 4.801125589818052
205938 2 3.9609613511907065
268568 14 4.807884620933592
264524 10 4.517727808129785
48500 12 3.0012752659286073
16881 2 4.9151999203869945
23783 14 3.6570412259193925
31172 5 4.377473172202265
13576 213 3.3941240920823765
263350 3 5.115896127964249
201205 8 3.6179498273760693
262744 23 4.964102171150839
57842 6 3.8068442884942524
395403 26 4.177190584630149
55559 7 4.039040754542222
64298 2 4.289871986272491
139005 3 4.000249617150321
6614 146 3.5548425408606423
49203 2 3.6084691763263197
20407 1 4.742160664549827
14554 27 3.818192745565843
30366 4 3.234960087784113
33572 1 3.7666239416485725
2708 53 4.8536395313835365
40399 21 4.656550502630564
265442 8 3.5633831784357737
133278 30 4.74246867762443
32857 2 4.180544748993024
38502 6 4.184015411887349
9244 21 4.390297021568702
14534 2 4.580068184884535
263375 7 6.892363203598665
58164 1 3.9829744279768113
263572 6 5.3818551834135855
265524 40 4.490920802297127
199944 7 4.483647726034225
26261 1 4.260042743244713
11932 1 4.7708561577691295
28024 65 4.646248545557695
27457 1 4.331073674252603
3389 11 3.8665036901747363
43545 17 3.5455419313828846
55673 4 5.432283577952357
37721 57 3.7102903285085866
52852 4 5.518935814913106
31752 1 4.463024136661247
14579 9 3.8540768914679524
58710 2 5.230115480100086
38295 2 5.356423195715068
266509 2 4.939382419763019
262569 11 4.589461308629242
200898 0 7.0
6954 10 3.835628115373206
266809 5 3.697929612441677
46235 5 4.636553207060278
262960 6 5.939411678895756
264331 2 5.356270489927543
39231 1 5.632482206179891
136172 1 4.063373878106021
265279 10 5.066827285660662
137496 6 5.503472373862903
42641 1 4.057312709404571
327817 2 4.313982986744853
31319 9 2.921101907035001
202913 13 3.9134647853636957
36361 1 4.199653418101693
267057 6 6.479538608651943
57939 3 3.753160582614476
51182 9 3.9859243495396477
58807 6 3.9177476071021213
47485 10 4.123377118821006
265947 4 5.072491560627166
33976 4 3.903448530704703
136634 10 6.016864764219382
265863 3 6.607406401715601
53426 4 3.9915934266426882
56885 2 3.854844467749868
328156 1 3.893181825443068
40211 1 3.7447062379328395
1757 2 3.816635018177005
62813 5 4.118531136136669
21615 54 4.502220084599541
39214 5 5.761869004011861
264940 1 3.854289418575133
394218 1 4.033396077229191
22458 93 3.595844637637755
17769 30 4.087433828057153
138142 2 3.6325601234157623
197744 2 4.572704997410106
47845 1 3.6273949595378165
20021 40 3.4812762717681665
209425 4 5.369433335394213
209605 4 5.16053421115518
197311 8 3.699628130946629
6772 8 3.1065159553006407
13423 1 4.8770677926342945
40883 3 3.984871243706916
264489 4 5.388451845726562
131627 80 5.011325872881959
205487 1 3.7665152120598653
27688 29 5.2426026809784885
30663 1 4.4499250749250745
269276 6 4.786970785902595
52043 5 3.6229587723725962
78 4 3.903553187757594
267123 8 4.668094903797758
36988 8 4.31683580376009
268464 7 4.526984328872042
201102 3 4.264407278818223
48427 77 4.343171686073874
57367 45 4.028865414815096
29776 1 3.9665622005397294
10859 2 4.467426468078499
137538 2 4.300241495659013
7551 8 3.6344139684024306
7342 174 3.843565909158375
134688 7 3.7513733773881848
28481 63 5.115780103715466
60399 5 4.724459890608283
205851 2 5.434597222779053
136659 1 4.980447303107402
208727 2 4.550993396492858
59146 1 3.6274359634786553
35123 1 3.749585285190907
14850 2 3.6916666666666673
262464 20 4.321352401496616
55151 1 4.569235430688632
365 2 9.47523830435676
49214 1 5.508462701319845
34515 12 4.799446961829672
21508 85 4.1003854241664754
39804 12 4.695242494816216
55084 3 4.545094135818474
26673 15 3.8463471358378647
51990 3 4.833550561984957
268592 7 4.859397798888532
135850 2 5.050246084081233
38592 40 4.7875836381085515
264346 5 5.4729426612847805
13188 1683 3.195649744248323
51820 4 3.5706888070091973
266711 1 7.042857923412111
40947 5 4.1207476590545475
39603 19 3.4237662857188504
27364 44 3.691451828253318
394821 2 4.843474007653545
31572 3 3.5923037097359276
132400 10 4.852967220752996
21828 3 4.771194678337535
31236 4 3.9802827448765687
36050 18 3.885573338140362
27989 6 4.564465513297493
28215 15 4.267279486283802
16403 7 4.67652098065497
133597 7 5.938757551062801
39999 1 4.687485001770717
206101 4 4.084949273156556
49650 4 3.80849358149007
197905 1 4.5134405277262415
15492 1 4.0987205915777345
39370 11 4.832141670475368
135207 6 5.144559928633099
24349 10 5.045883399111678
207228 1 4.664013615233357
269229 10 5.938203367053892
23463 3 4.887860920010537
197659 3 3.7577920487424175
20855 5 4.48956213249856
138825 1 3.96115792278111
263827 4 5.137064456206612
268835 3 4.9089739600946185
137604 4 5.154026023206814
328167 1 4.679393477865833
136435 7 4.54692609522456
60298 1 4.228002639182764
20291 10 4.060239199524051
25435 9 4.13851529507195
36082 1 4.317367317850658
266615 7 4.583937331029888
265950 8 5.402729166941349
264784 1 5.870746156810038
3277 3 4.074624697073877
268935 3 4.456221401231474
266603 5 5.3157818981374465
132355 2 4.020247126358959
41102 1 4.760350760350759
8204 10 3.7671847014740623
3909 29 4.4689980336221495
26174 1 4.660923203780347
38062 2 3.8453821111377393
133859 3 5.648083809718119
263893 12 3.401634091687255
46648 6 4.349955753841461
264478 12 5.136275425181809
206521 4 4.031453566906096
29289 1 4.850376117223407
263735 5 3.9571384621439
31638 83 3.17663870622836
328054 1 5.828777644541191
4850 1 4.6687106245862005
133872 1 4.098156853067566
52442 2 5.8581269347031775
49433 2 6.289298242664302
46779 3 4.564992401322452
60468 6 3.686922808758989
394247 2 4.67235539187882
17606 1 3.951313178898126
132653 10 4.685964622965025
60749 4 3.5780835146215124
12999 1 4.730336585509
204854 4 4.368020710360612
58119 1 3.7646798000403767
22315 1 4.6933392004820575
41153 6 3.9842622733670603
12701 49 3.9833321844422462
198918 4 4.211070634338725
38922 1 4.342461732167615
54753 3 4.542527326917645
57364 1 3.837584695460495
51939 1 4.762515262515262
198845 1 4.0130295587668865
269193 4 4.81420431861341
37258 1 4.828033125422289
269138 8 5.241627822405522
200960 7 4.033200847907506
7922 146 3.192388515915936
25668 51 2.974964740640219
43754 219 6.1615019481611535
53145 20 4.074796134827908
264986 5 4.503743800956996
116 35 4.9175342338499615
265272 26 4.558801090814794
7068 12 3.6675580292942747
33753 3 4.434181894972448
264908 1 5.6322359254881835
57302 1 4.101120376465998
22490 1 4.658697368130865
137006 1 5.232479016946381
133321 4 3.9477556093665513
41828 4 3.9365100528737416
266910 1 5.184984529608185
265106 2 4.6401898372003405
200820 5 4.325409702944386
51038 4 3.7997716651204523
135046 2 5.2894101228532735
263597 6 7.161887869257317
61134 4 3.883221654580056
40839 12 4.069192443748593
49527 1 4.599101791958936
136710 1 4.58948172638649
35292 4 4.805260562548541
27348 14 3.9734764796991233
62996 1 3.8253809062676063
202264 1 5.279801454668193
134424 2 4.016850959158251
7915 7 4.713330227579153
268704 8 5.3959313063299925
51730 1 4.5900792639065555
28698 42 4.701115829100395
52773 4 5.0004452919104425
266044 2 5.149052910987249
47739 1 4.537805207553107
267385 9 4.228259608867349
26123 4 3.023745251636017
4796 4 4.124912632879188
61686 8 4.39675916044946
263671 15 4.930565582103195
198496 1 3.990536072563722
262624 22 4.528012784150633
7963 2 3.825486374811613
41043 1 3.621418844738172
59878 2 3.858666512292027
7235 4 3.437059989037683
37112 5 4.82339041537346
265746 1 4.713154657755802
31634 2 4.8596771614628755
62948 5 4.291338081074549
6058 48 5.219371547697034
38471 7 5.09380112977198
9674 51 4.696458409937989
262861 3 4.555212032303435
46902 4 4.176841855454479
28654 7 4.404963688377671
55944 45 3.0960736959427324
46834 1 4.644122242471997
10823 11 3.795531749163182
58292 3 3.8020075012294656
56801 3 3.6680914674289045
208707 4 5.331839372419366
49944 2 4.084700988495594
17192 5 3.975981799382056
45703 2 3.6179247672826556
204982 5 5.213924154063934
36182 2 3.056785696162287
266740 4 5.034620004721606
22843 34 3.664167999300402
54518 1 4.47250312935863
30851 26 3.7609666687493886
26167 17 3.6390289603762422
15679 7 4.5066430953629935
20653 1 4.9236662147376435
265937 13 3.7178715910130893
46419 1 5.109363712976192
31195 90 3.89123852109879
29828 9 4.16477092122463
56535 4 4.351976411100678
52404 3 5.5682559366434585
21221 5 3.1597779894077553
55311 2 3.985047627438307
6366 3 3.2196612092569152
28261 11 4.366252930382489
7902 2 5.802671666957381
55166 1 3.996120190843714
50301 4 4.774048136181179
52490 8 5.203942203368543
60645 1 5.177111139307071
25692 4 4.588398905937815
133372 1 3.609482330048833
1410 1 4.473695748695749
61365 4 3.816020902104646
135202 5 3.757942963127299
328259 5 4.116570000379463
7148 6 3.899247347895145
266372 2 4.478054761420707
25542 18 3.044539498379136
265650 2 4.494190495692959
48252 22 4.703113016586492
137632 1 4.209394650763698
61205 27 3.55353782960287
207198 4 5.051428299860006
204786 15 3.0478366018366723
196629 3 5.515996989974525
8286 6 3.93912577663317
32956 5 4.469186429402635
49457 7 3.5700925435767603
23092 1 4.533575022860738
60614 6 4.626437897523622
58237 1 4.752622080300651
39655 4 4.534207607754406
262204 8 5.603241022554062
20773 84 3.045904767089366
203630 3 3.6531046287966444
202030 5 4.218841203893788
14576 43 3.7953767567586154
17084 4 3.810915080022289
42362 10 4.125158044966637
27896 50 4.60061504526227
135854 4 6.15990855338962
264902 10 5.922606501071503
47862 15 4.612705195888962
57687 4 7.979630016218131
19915 4 4.700247862883332
135304 1 4.045913536642422
27979 2 4.125509031845437
262803 15 5.6139838395771315
196758 3 4.641447075707388
266957 3 4.6320584803892855
206168 2 4.878979995927166
393856 24 4.4501461281661925
209484 178 3.8808344158259525
131128 2 4.43297542471481
42327 1 3.759264017971325
134265 4 5.619376433956307
134829 7 4.0242483473259245
49373 4 3.941839005942626
55775 1 4.003591131161727
13536 67 2.9647969346601477
11773 5 4.056623862518119
45620 4 3.8481373398614753
61665 8 5.563617105913674
368 21 9.46867816091954
264141 3 4.900060656137265
394330 6 3.0238219763276537
266502 7 5.045654422213391
266927 2 4.478974213471308
204444 10 4.3732498212474145
44880 1 4.735442277117154
395460 6 4.154325614577494
2031 1 4.8770677926342945
11470 3 4.817401532968035
44139 1 4.564962099188289
52906 8 5.228244614565611
43070 10 3.8773757043135637
63548 6 5.072893262054214
8094 55 4.170327783404981
131703 1 3.646457392453936
28609 18 4.2779020396586835
1509 1 8.472829565070944
263444 14 3.4182961518241046
133383 1 6.26665412640355
25068 4 3.0702694207020635
22153 15 4.523928565132063
17987 5 5.02723592367612
1463 5 8.469890681098006
2519 220 3.4478029150554748
18818 3 4.708210073668873
264321 3 6.0139129332110866
30167 17 4.186067672935923
13888 3 3.933548934289255
199622 1 4.629602060239838
135528 2 4.668202133448268
132241 8 5.0968242943938975
18112 16 4.224515564021562
263143 4 4.022470964601715
394535 1 4.470087861447308
263533 1 4.374703380910278
386 49 7.494873363346125
208307 3 4.174225239679438
51780 1 4.301196780188377
59235 1 3.994126928696619
264485 32 5.735090437365966
55649 29 4.504957873944216
25229 213 3.493880966586149
18224 1 3.8887637304023857
51701 8 3.584447898037353
54193 1 4.346372523663164
40391 13 4.363490133867965
268535 7 5.303401537793212
11751 12 5.47694584661981
16592 78 5.111969518747314
264230 8 4.549488946866312
397138 2 3.0100869455202437
48943 20 3.6507080189194605
63678 1 4.066513374868413
27717 37 3.7837410306902663
52475 5 5.750878747661383
202074 8 3.797798618072357
136861 3 3.9604315442826175
263380 9 4.6503263604313725
204341 1 4.760124501714364
133153 2 5.6974152324611405
26909 41 3.9835327714525954
32385 16 3.912704878312052
28188 69 4.1126428796950325
135419 7 4.522146438145934
11807 4 3.535751801491177
49298 1 3.893601680506442
46442 1 3.745416031696821
10318 284 4.89170398008003
43818 1 4.785458816862758
63760 3 4.458375592092967
39590 2 3.946701076057275
47089 2 4.044255099003107
267245 1 6.019741325427902
34448 2 3.776704895259325
266627 1 5.1588488347704935
263964 5 5.091478800166415
262323 56 5.092926731912155
2606 5 4.358653185429047
196810 8 3.3187725582684076
41738 9 4.480826119754608
266793 1 5.067839699982557
50662 2 3.7785475413320575
40107 11 3.464859221654423
268945 8 4.883109874825728
60084 1 3.9483982145809953
37517 16 3.7931082249023182
56837 7 3.6843519744279383
18259 16 4.529840588980245
34281 2 5.218176155844485
263565 4 4.358631037741116
20745 1 3.806094534665963
16956 1 4.8718441035619975
396257 1 3.9977287362263887
21630 2 4.1330934937049975
10844 4 4.883342129326685
24607 1 4.364764211823036
49980 4 4.638957575266029
269479 3 5.020844185531158
394017 1 3.8703931089124604
15763 36 3.5657429857116973
57889 2 4.785357737983309
206668 3 4.037537431655382
44408 3 3.7189646332503474
133764 2 4.840348722111033
54645 3 4.610726638299162
24439 18 4.0067224888768695
3361 61 3.6917379461591158
37199 23 3.749345346557387
132035 5 3.789982494811041
133272 10 6.024898595475669
32779 4 4.788360011736445
267535 2 5.481485645528213
16570 66 3.602627589110778
36962 5 3.844799660869699
16967 21 4.202641639349919
394459 5 3.8188541280241757
21500 12 3.9678419850262348
45345 7 4.618886708402597
134055 8 4.063264653381775
29700 11 4.205119340606201
6473 20 3.0698582820849727
205870 4 4.090460893424749
33391 2 4.411634898580712
12564 32 4.203339106862613
26713 4 4.806792489316741
262396 19 5.338678275907241
266186 6 5.033952245023279
50478 3 5.0495836318272955
61081 3 3.1440624093881047
268374 2 4.52707545792867
202966 3 4.9127697404610755
22092 2 4.922109788287131
269074 7 6.4427893987118505
62327 1 3.687480568884509
205923 5 3.0134373317240484
268441 3 4.235029639355389
25429 16 4.898071577393185
136333 4 6.007100850557337
60397 12 4.132769250609276
48165 1 4.002968289102744
263462 11 5.3618424184383935
13004 4 3.225099742660432
265482 5 3.863428223140673
132334 1 6.196729949802146
40082 2 4.635793872311252
74 4 5.282693298764728
19871 46 3.6685872412917937
17436 8 3.752105141687764
32756 2 4.6300770713716215
269221 4 3.994811174245094
268649 3 4.573077953452724
11624 18 4.029404217737261
14755 6 3.5018833488693173
48029 1 7.974360090435624
6364 54 3.6470943828717273
16210 3 4.8770021204545015
268505 7 4.612117601999762
36325 1 4.471934382013041
6421 38 3.867119139840225
29186 3 3.726117790405575
28521 4 5.233930075433638
52049 1 5.9630414558985985
23328 4 4.162878127465608
31863 57 3.4511188757730697
14037 15 3.666961125633167
37347 19 4.553479031612211
37476 1 5.539078126535023
29207 4 4.203639336569106
53093 23 4.581942241222713
58461 271 4.0468593602390905
4771 564 4.328734601436445
33980 1 4.723366304376156
56635 3 4.021563665459565
32363 1 4.2010580452206066
28876 9 3.1659108391446003
26487 1 3.8224418119738326
26912 6 4.792967952263341
262196 18 5.756327502996093
396192 14 3.978662320721053
17995 201 4.547597362665412
198403 6 4.249687539679605
32917 2 3.742127863670212
134260 4 4.690056986087415
29951 47 3.930993430194058
51244 1 4.001607744885056
37190 14 4.803270939052818
208200 5 4.205445171504285
36902 32 3.649308565018802
30746 2 5.135036476235637
269072 3 4.725864687460602
133929 42 3.7987257144053705
199366 22 5.467548155107134
19103 3 4.1753520535571775
58319 2 3.899300476743554
27555 7 3.9288170150802104
16032 7 3.8840087537842
53051 1 5.397300265069308
205928 3 4.601284582664603
10998 14 4.276424812359968
206534 4 4.634432793811191
50274 2 4.0688854133615635
58213 1 4.074622744299132
57821 2 3.6138212838582895
208717 6 3.6998941900867175
62275 7 3.1841142510235496
23126 18 5.4639460783686244
199265 4 4.085374939645928
263684 9 5.653082602257717
200812 4 4.466732610232914
139480 1 7.022102094524099
63530 3 6.240476825787787
45344 5 4.526998859341402
264499 14 5.2572268746957995
8599 1 3.850755848785406
29475 1 4.409974955713872
21348 3 4.794855650832166
61856 4 4.493393887174676
11270 1 4.875367112362186
204527 12 3.648722501045659
207083 28 3.4018920704794726
30320 11 3.943192586145178
11537 22 3.8270309457755523
209024 5 3.973231934708166
11842 3 4.278909052896464
29467 18 2.9537671167413704
267589 2 5.335970173469907
62292 24 3.4878757635513744
39205 4 4.656629338464748
21654 2 4.42406233521997
40020 47 4.333460616888815
57171 1 4.648982547849819
