132386 1 6.551679622420839
10925 1 4.211399369650601
327759 1 4.912097783017323
60350 13 3.036027623693839
35177 7 4.126537081740376
203993 4 3.8475824666751173
38479 7 4.9200399278656315
328049 2 3.9364427329077705
11889 9 3.7755398459822476
200656 34 4.163252101267834
24627 31 6.780039648349985
132386 1 6.551679622420839
10925 1 4.211399369650601
327759 1 4.912097783017323
60350 13 3.036027623693839
35177 7 4.126537081740376
203993 4 3.8475824666751173
38479 7 4.9200399278656315
328049 2 3.9364427329077705
11889 9 3.7755398459822476
200656 34 4.163252101267834
24627 31 6.780039648349985
55641 4 6.773681428957557
197159 5 5.832344410085096
61263 2 3.7457437973447827
51774 1 3.817705310562453
30640 23 3.6950371012693806
27720 12 3.2770848529282492
134425 4 6.368200841000513
25536 2 4.5851431378935485
267425 6 5.512660310454028
28584 44 6.851590525708834
35562 4 4.305620260299061
54755 24 4.443305205511602
264802 1 4.779502704010094
206916 2 3.803393032272122
394342 2 3.8021912670434843
17538 16 4.177937678351164
23386 1 4.278472695886489
24192 5 3.895456106227267
51084 1 3.876768212799319
132568 8 4.593115288422325
267575 14 5.854733973774393
49379 1 4.003008305109145
60195 1 3.634900276331059
132529 2 5.804434525628134
17932 3 4.520598214600203
12222 285 4.111726866531997
60261 1 4.378134993313565
263586 20 4.674213556113962
37663 2 3.8746452221882555
49421 2 3.52846405058054
267745 2 4.182547473830811
136976 1 4.267731363691955
47155 2 3.630798184292808
267363 5 5.101833228820785
52568 18 3.7490808793786785
52984 15 5.3812476507015665
28539 42 3.9249849803680608
264234 3 5.110853199705392
7497 627 3.6156088919367577
15595 18 3.7705552448061277
8159 16 4.03901168652407
12632 4 3.852738704394386
137841 1 4.269035368936847
12672 7 3.801905954018976
138411 4 6.512325598569347
12150 37 4.7688299933592
133546 1 3.8441988466335695
53043 18 4.340701712507024
38761 9 3.575428042097345
25809 10 4.256157011168533
42830 6 3.554998085754452
9939 33 5.06650492056521
60597 8 4.038737706925458
53082 28 5.366713527533513
263239 3 5.128524534204056
58598 1 4.671471627391503
12443 2 4.523198257750622
43569 2 4.8153077886963205
394144 7 3.7607850966538776
203216 4 4.7511872056533715
34350 5 3.600934802418943
52939 1 4.469880511752432
25467 74 4.02478157585175
268440 5 6.3879484410421625
267553 3 5.73382088998557
264110 4 3.631118978330685
264939 7 5.261935731312479
26677 53 3.695258879769147
19332 28 3.6063722682862998
40909 1 3.7487300192965227
17252 12 4.6278917928869445
11830 2700 3.806807980769384
196682 4 3.8262999358253573
27521 26 3.861302742800247
35085 3 3.6624098194104713
204532 3 5.368677714451803
27640 4 3.815224348638058
40911 22 3.223803978367267
204822 1 4.40275214276296
268285 2 5.223305167055166
52074 3 4.726416386259184
264123 6 5.099522249459768
15146 68 3.7846279911736
204488 5 3.8848876562422894
19317 1 4.31185418382039
24158 526 4.723881941304727
1527 6 8.473430137849586
6336 15 3.675447368722535
37419 2 4.0216372030155965
52467 4 4.816892856769626
58020 1 4.505042558191299
263020 15 4.253150797513418
37239 46 3.4389088194526987
19276 6 4.171499404556723
137278 4 4.8298460347716725
56175 1 6.186421003471694
43132 4 3.855064471679016
30497 62 4.541288240854822
37119 59 3.7855006779387503
50620 3 3.1996279234433262
18013 224 3.5775539234283453
28763 4 3.615371634386255
36488 4 4.208668376333111
20304 1 4.9384654159469425
52942 5 5.257596336244621
266763 4 5.043104731429855
50121 2 3.7050778270153186
33728 4 3.9344568876033525
48691 4 5.07345919626572
205266 2 3.8971978692702116
43182 11 3.7097473932890455
60993 2 3.522928483642769
47598 1 3.733716476435978
35313 13 3.7501796851518234
4298 31 3.840343843257074
136657 4 6.017773564087193
19140 1 4.186178932655175
62747 3 4.200670124972059
25210 1 3.800901110465446
61386 5 6.961846100812052
266616 4 4.912509162788571
27585 3 3.6692761709524695
8678 13 5.366190552958722
32641 34 3.7973985476944785
11833 10 5.022682904736773
4605 10 5.94836321166808
36617 0 4.416666666666666
262625 8 5.427149205179668
263335 9 4.08615550495896
264817 3 4.348797775995727
11929 2 4.010432519245926
263218 4 5.613039581465195
49132 1 3.8012594548308827
36842 4 5.035440784965827
31656 2 4.907909042305606
60235 2 4.485626893918356
11757 38 4.5093777480575525
35086 3 4.465466237875286
136276 21 4.275251706247257
198816 3 5.815712198464009
397851 1 4.596677753919133
6766 1 3.8134631292913035
49755 1 4.46967076446021
134181 2 4.828971728346769
39512 2 3.583237035800313
21479 12 3.793286141170441
16027 6 4.108151592329357
394648 11 6.067637852691482
61006 9 4.079717557051284
25960 1 4.0
14861 12 4.204289357597549
50314 7 3.8974908597803655
205373 10 4.007280478860189
20484 26 5.924829885035227
46668 4 4.182965603356599
52651 23 5.0345424630097035
208624 1 3.958920025224373
21537 2 3.7581753126604545
393986 2 4.378921322397742
59625 5 5.587936725231181
200851 6 3.10099732164007
14099 2 4.398696922015209
328082 1 3.6155242340116294
34074 1 3.8590984284532674
264138 11 4.503669438181817
31500 30 2.880328181550764
135705 7 7.015945356066164
52888 31 4.077297418528924
134305 8 5.250636564720067
197764 2 4.547466639084382
39451 7 4.070360640855596
42037 2 3.4561548106731754
18074 2 3.960117259026683
63370 5 3.07418525899235
51472 1 4.0682194925892405
393843 2 4.855129942125016
56719 1 3.715034136047504
268260 1 4.617629871614458
51690 4 4.329261226907917
208978 3 5.774475808119422
3132 58 4.56769642166913
268269 7 5.929142754168477
37150 5 3.8571283209622944
394855 6 3.9558768259069486
40841 14 3.3506986039680706
26587 1 4.6662588843377035
13372 1 3.7286807618960736
267769 5 4.916931270935182
55071 4 4.61354485715854
8232 5 3.9328761175303386
20868 15 4.040858554914953
60517 8 3.5532427825401394
17969 47 4.398237928010005
132745 1 5.8646966601729655
204173 1 4.523847327879688
132722 3 4.857370684092721
36363 3 3.0746956961361045
268698 6 4.496938495259562
137636 2 6.156307176069082
13056 10 4.067389068169255
19377 5 5.518587771972394
54446 3 3.737199961897305
52587 1 4.7142851318500165
45902 1 4.304243395209782
48557 1 4.649250301584849
40993 7 3.8748514556716023
8849 1 4.663668987391299
206160 2 5.804462567190994
62575 5 3.9665634972759265
266854 5 6.827359556634617
27176 18 4.259149254802826
394628 5 4.2899775575513175
38639 8 3.6350225433315253
264963 8 4.275260305732878
10112 2 4.243120852414175
14515 1 3.605335762577142
44331 1 4.30322551832404
30733 17 4.0671718912665495
136344 2 4.912296678190542
263340 8 5.776230223448335
4230 94 3.240070762017944
16135 212 4.938639748867253
22724 331 4.4572460091299595
269190 8 6.024389676878546
36261 3 3.804483464306879
393287 1 4.478255301531163
269140 10 4.588620800196666
37356 49 3.6869234700760374
134330 2 5.688342301453497
267711 4 3.9397578478793878
27715 362 4.335034805381627
59664 1 3.8276407412352107
21712 2 4.987668143719678
27435 274 4.000402197105354
48241 1 4.340032809822255
14354 1 4.586541883586219
25117 12 3.6583800236817257
209209 9 4.4130300462339065
15969 7 4.438350635128375
22407 6 4.9149039301016515
50597 41 5.420738454972965
265857 4 5.0699189622833
18337 13 4.292927158695768
394204 1 3.8196670261335703
51089 2 4.765994848227761
7382 1 4.811264602028149
18749 4 3.883505399564562
266249 3 5.824960250429277
202125 10 4.592031177410448
135816 2 4.5234777882666775
204030 2 3.8938388276919675
14142 1 4.34240426969491
44514 5 4.45914949547758
198133 1 3.978656295463018
61924 2 4.355736583732875
36433 6 4.74077490677026
15753 17 4.012063061995771
6092 1 5.220964651112435
61509 2 5.658284992418341
49499 2 4.795597016454923
16376 18 3.9301777167155696
50695 3 4.065050089298508
38773 9 3.8192404959842827
262752 15 6.5415931532153415
202778 2 4.039922184964829
267203 6 5.617824222014336
38198 3 6.255073468650767
136252 6 4.933955518905815
26513 1 4.363161095672086
199953 5 4.208262438682168
19231 6 4.27390485032084
266939 5 4.42210413360336
44248 1 3.790639762874786
36923 50 3.8522026724168503
131706 29 4.205679428947149
262382 12 4.785975564860771
207005 1 4.085804935804937
1945 5 4.514107764329954
268551 6 4.750261206086369
13492 2 4.680190742488447
2552 9 3.9381874533505177
59531 1 5.925333165511737
328164 2 3.688095291924791
137385 7 5.45355024827239
201476 17 4.424139296607391
397188 3 4.301962741084251
25989 1 4.335918347297657
136059 3 3.6564007740356406
19999 9 3.871823888032762
207072 2 4.758097210381235
57685 3 4.902448643938575
20077 78 3.9451678741241936
60769 2 5.715805130090844
33067 6 4.039337464726068
138089 6 4.448344226032156
41175 10 3.970462572116641
197226 23 3.6348473594439463
32665 14 4.061989673225003
24797 1 4.931303617017902
52893 16 5.101981396124241
41560 47 3.6478033119340747
134822 1 5.565936631710442
36978 6 4.903334936189504
18933 52 4.559014112089385
3303 433 2.6839842532873655
48852 2 3.7801739266024983
17403 7 3.8049704688894805
267027 1 4.789076610308137
265029 8 5.1737380131936614
33293 14 3.9465754602767666
38149 3 5.588090877376591
28890 16 3.6605224934917904
264623 1 5.849902654664559
268273 3 4.961810926846424
15388 3 3.1878639665417965
395414 1 4.18064611147534
263336 8 4.834738255217362
12415 1 3.797225606660575
394006 2 3.9776224975715015
209664 1 4.514999034912504
14634 9 3.0344836273664155
63044 5 4.218532009753649
394681 1 4.485957914553974
50344 2 3.9532324539083445
26143 1 4.7646382090511805
22043 3 3.9200560319312623
19662 53 3.8307015037096868
32657 1 4.463769469902475
200774 4 5.051577577685952
205377 2 3.8451400543287315
32691 3 4.471445901090388
209579 2 3.8856684591035897
32151 1 3.80240851011787
54413 4 3.807656930730727
199706 2 3.3253271081512774
38019 133 5.181984636060249
206966 4 3.666520111191893
43766 486 4.092286752779384
40560 2 4.308054518005257
138072 4 4.419955401239418
135762 4 4.876300279377276
267490 10 5.187210944961325
59494 5 3.7537998620160202
264157 6 6.559605350900711
39180 13 3.11540157115227
328098 3 5.325112394714463
137297 1 3.646457392453936
37014 10 4.553397550477331
12021 15 4.346487289803148
263032 39 3.895029139856206
13136 2 3.762234101010638
266508 3 4.636459593396979
42714 44 4.512046994543338
264637 12 5.220287883019349
59819 1 4.520382619380774
40845 22 4.121927545300418
16242 4 4.278428149083693
57831 1 7.931099896035791
35695 1 3.8103923193208917
202962 2 5.776640977608421
26436 1 4.800302282416338
9163 12 4.432020054097793
37348 2 4.975324778305075
47749 6 4.150102674617268
2158 29 3.816724201616539
59794 9 5.506604911734066
202616 1 6.909685156113726
24661 8 4.899771708860379
196763 10 3.9122825342395435
45725 26 4.425939624823698
265704 4 5.734617040721126
22135 17 3.7495737529100857
268126 10 4.531281045306923
1636 2 6.462273220910331
201249 2 4.616997028512261
24348 9 5.261685715467903
52952 16 5.558263524601896
132441 1 4.580940196267579
23709 2 4.37454471498443
204140 1 3.6856112409991617
203479 1 4.596422717038481
39627 1 4.0215573941353915
31763 20 4.82328135229635
45575 16 4.695672752032538
55796 1 6.087603409179765
39434 7 4.118600570396832
136292 4 6.008598285671452
44988 3 3.819407279205345
54207 2 4.849905092646097
201863 10 4.767867340962828
42110 10 3.8490551601388345
262794 15 3.8966585285543363
132740 1 3.8361283438447566
26454 3 4.731761952411708
394959 3 3.9097606168787786
39651 674 4.307476057429135
7970 6 4.740410116545699
63511 1 3.6083796838589963
51986 1 4.50920933123314
43391 52 3.7126637557692344
48333 1 4.035257795093625
60750 3 3.936249719453279
328114 9 3.6153421526936778
10511 9 4.4574892576296445
395778 1 4.074967765635968
17828 14 3.7896761120123794
32613 30 3.6516384193767393
64043 12 5.171375809016721
264439 5 4.353624887530033
133535 3 3.017560439641051
262629 2 4.290852054349592
263475 8 4.474533568184269
266549 7 6.018232861895133
17327 3 5.363170688071691
393759 6 4.458173824875196
197876 10 3.598225258132362
262475 5 4.800440136073382
264946 1 4.2215625381591755
264498 17 3.865525350653062
200604 2 3.75847121773467
22799 12 3.4891478952160675
48272 1 3.8673102030244886
135702 1 7.0191578433881405
42978 2 4.18549877741692
56775 1 4.184011427214192
56166 1 5.061880607267513
138119 4 5.284517546333255
1257 222 3.2296660393642767
38742 45 5.166242258566087
52054 1 4.953912456818863
35003 4 4.021316485650873
397814 2 4.412924939501295
264202 23 5.093216611599123
37577 17 4.835101018050156
36191 1 4.34068905369398
36787 2 4.623340286757656
24042 7 4.719189591695012
204618 4 3.868765804580694
138807 1 7.485043970913536
7713 2795 2.7581498598372303
17055 25 4.613761684587478
34684 7 4.773400549146818
134709 1 5.26918859392207
9601 7 3.8354205713819463
394625 10 3.18182054622722
210036 4 4.375506217808876
262708 31 4.351056789413401
10990 2 3.507916587895144
60524 1 4.74172150600722
50056 46 3.9714852162077587
59659 3 3.3231765979905368
18678 158 3.9112845935540177
35360 2 3.5964362290505303
268813 5 4.836154489471012
203704 13 3.8811265713665244
132734 2 3.8197857333798972
264596 8 4.4124667190257645
204118 1 3.8488273907250448
266933 7 3.8911997263481637
133536 9 4.800313291771728
267105 1 4.9719528277926495
52317 6 4.886101504606759
132508 2 3.970968805650534
264263 5 5.226255548512462
198709 2 3.799649217027862
33832 2 4.344210689296681
20354 7 4.802838162959198
135375 7 3.7551603985635533
63383 14 3.9659135308174687
134016 4 4.603893340680733
262604 37 4.745000451880391
268937 8 4.789621488344285
157 2 4.204535803627813
53083 1 4.401490602799021
206793 2 3.8699659356124294
12757 5 4.252814148947456
23571 71 4.34999321891998
133804 3 4.794984697098204
11732 3 3.818877290075977
26477 1 4.355241252999873
133800 41 4.01386973705296
133980 2 5.307936208683717
40570 3 3.5664137838305527
27288 15 3.872107902926806
22250 3 3.906401034702717
34197 8 3.914133077781638
10849 57 3.804295483483253
44995 3 4.611214902627718
208589 2 3.9356474240690087
60268 34 3.5376209243770607
49099 4 7.584191840388593
202746 6 3.460080200159635
27251 2 4.8032380661864815
44975 1 4.635834800120513
197839 1 3.616604133374319
268853 4 4.743250147345613
131396 6 4.223783148478448
264591 7 4.738492166333829
268679 6 6.2469126659829595
16706 2 4.384216215169568
52582 2 4.891681836652539
266968 4 4.240915766597503
10094 151 3.6452395211186825
38172 17 4.6963863628778295
2153 5 4.006536006096111
137646 1 5.568513420001516
204781 3 6.936096505894935
37583 2 4.801535727317747
205564 4 3.94999503114465
137468 3 4.097044280295512
134601 4 4.278211768027648
268760 3 4.52772262376782
58559 2 5.255729035554107
54086 13 3.7481296430654165
17893 4 4.476972799581601
17551 10 4.782272606613971
40710 2 4.220504720907019
22707 2 3.818776615556698
61917 7 4.5323270047653645
197263 1 4.522945552747746
393457 12 3.5161519991157286
38793 22 4.452983227296967
62363 3 3.84936319657242
139197 3 5.384420331201938
26548 29 3.8407064135396327
136019 2 6.595146229132628
11042 134 3.598049069155761
34776 2 4.276799063960132
397057 2 4.872319543453988
52381 25 5.44404487387334
47315 1 4.801572922786371
45086 1 5.281762504053145
44492 3 4.7054043839758135
49481 3 3.9679001620886614
60497 4 3.673550460182324
52703 2 5.19997933127858
204171 5 3.834743777445031
13433 13 4.1183256823572965
17400 39 4.266893262890224
46408 49 4.247557076127216
18784 2 4.503712845666693
21162 2 3.5768836706812954
132383 1 4.1136442194333895
57344 63 2.8615672229104696
209885 1 4.633150647928973
53197 8 5.013303956483429
27259 2 4.512723180095492
203925 5 4.9322938983701095
269350 5 5.517435240795876
48326 15 3.864662032374999
43938 3 3.7444132091453524
135751 4 4.896101803326822
13278 1 4.443744466816101
17707 77 4.016648487041956
40948 10 3.006984699169199
50537 10 4.541211292548572
45041 9 3.954209603238225
13073 5 3.8734384744586228
268337 6 4.507079842518306
16959 6 4.200666191041538
12414 18 2.8658196950653783
28583 59 4.442800358171595
58928 2 5.0282063002094235
265709 3 4.75061913273736
267281 4 4.183351831307463
394823 1 3.8129804016728635
35034 2 3.834442900634979
40386 12 4.419255605281732
139226 1 5.034187537922683
136520 2 4.979727165333925
44991 1 3.665592923887855
60793 4 3.5832745223425166
137540 1 5.121181844529672
48639 1 4.573026577149213
5554 1 4.870071567731667
209430 1 4.428148079376958
41107 19 3.2347086074288414
28271 11 4.545209758922325
49028 13 3.66549724129164
49069 3 4.761578431332718
206052 3 4.456078209155657
206249 1 4.758398480966215
47787 22 3.4995152750123295
136558 4 5.019201102136257
133256 2 4.596862375862931
56451 6 3.6853076428706673
30197 11 4.217767607117531
57818 24 3.9256354159766147
15718 1 4.648714579071722
204543 6 2.9818071397662713
20453 282 4.2694596735075425
54448 29 3.828041603266697
56421 1 4.026289867742029
199121 2 3.5191198874022964
393251 2 5.186022907727661
200133 4 4.924120004151523
134899 20 5.708143442580025
209091 1 4.022589222916128
396241 1 4.415665920165099
52840 11 4.444701982669067
45711 6 4.117122577268043
203171 4 4.241161461899425
262645 19 4.560960951341032
204725 5 4.847482071219394
264947 8 5.050839838325492
14155 14 3.3343467430894935
2642 11 3.819612443885306
9874 94 4.005065338361587
56666 1 4.617195306250606
135247 19 4.104368117222465
35893 11 3.8076911360331174
18669 2 4.0387826059840295
196826 4 3.8749939049186537
37722 3 3.8030864225483034
52997 2 5.110799119621165
60280 4 3.6649206100914604
55034 13 3.740679909614149
6673 5 4.0131900644335685
22422 1 2.993004545117221
197656 1 4.408606084236337
57110 5 4.874709007005218
51561 34 3.265526188565252
49467 39 4.575235081447452
28416 1 4.4188048356192855
41791 1 4.776616778501209
63756 3 4.194015922096066
135234 5 3.6129842509964747
22653 11 3.0037203531179255
136097 3 4.794161297079298
45147 15 3.3488528568654323
41032 24 5.522670898936953
393647 3 4.164394165859683
29534 8 4.032192918837712
265287 1 4.560852475384495
52944 36 3.462044596563434
12089 4 3.8062472477066756
264876 5 4.863525696314716
8324 2 4.049179738337443
21799 7 4.310008449711815
34422 3 2.8875346926308545
16378 1 3.438781806696904
5842 8 6.4709089925169065
33154 23 3.5697769744096917
268224 2 4.249968623450109
24931 21 3.8035007343536
17726 37 4.4347740930613995
136104 1 3.7574319337856203
14107 31 4.406397862744392
328200 11 5.205129443267817
24757 183 4.701778208392673
17207 12 4.6408108952350045
42971 1 4.607899373235507
42504 3 3.7182286170435788
44783 1 5.331227502656074
42673 9 3.862141840662116
199378 3 4.595643515701157
267993 7 5.66479307609927
54453 1 4.169203853070847
5106 1 4.891867343745217
28614 38 4.647240728711452
39383 5 4.940249312660685
43125 3 4.01725375172726
54289 1 5.089132085757702
29319 4 3.778961415865432
197236 1 4.325250983584317
19927 4 4.341347553677968
263294 6 3.9314023856161993
18188 3 3.9765482768329217
138096 3 4.510233579970333
267205 4 5.0124118787357705
40451 1 4.458396542033652
50841 4 5.108447294459673
61853 4 4.539830986160426
262333 4 4.475873860613532
42087 22 3.9098168214618245
138898 2 4.0819714188278855
32566 1 4.770043280170538
135555 2 4.490974875638852
60486 7 2.9583299548750865
10880 5 3.5230035895441345
60725 52 3.978884040048749
135132 2 3.705656438621114
19256 11 3.8117712024209527
63435 6 4.343799895533584
18526 2 4.4221957507918095
26170 6 4.720776223576237
39913 4 4.494532904329733
203742 1 3.7080133821205252
201528 4 5.350337825008766
10123 1 6.004168121910323
39266 2 4.072038793396443
205405 1 3.758855243514008
210190 2 4.163824066650325
208747 3 4.9629971861536015
139029 2 5.405525608516317
138852 1 5.5025009318359075
11487 6 5.335945541457978
61752 6 4.233152066592212
61185 1 7.375337024916858
25292 6 3.7021407811751637
198665 1 3.976305440591155
265441 6 5.064737135847336
28991 3 3.7017429109691014
15882 6 3.852719327416908
200312 4 7.114127939920273
131343 5 4.127036886273318
9811 43 5.261897122274214
55879 45 4.908503069439133
47065 47 4.086169101382615
327771 3 3.7265254975062923
54468 2 4.62265410469844
18922 4 4.599124874824672
20857 25 2.973201234047154
41946 4 4.696673019782627
264116 9 4.380437351967856
27761 19 4.609630802090568
265763 5 6.748885668586289
12891 7 5.169414921413538
264329 1 5.701165865697885
205318 2 3.8378618894100316
15095 6 5.49655865848138
262660 6 6.203166001976128
266704 1 5.710349539167273
44853 4 5.962468777850992
268578 7 4.9294937563397285
266448 8 4.664339600493157
13759 1 3.797943855086713
132911 1 5.9227550428043045
54835 1 4.644143993208033
267591 10 5.231225471623018
11381 1 4.511346457775029
50334 21 4.021639892894004
394568 9 4.034651606832642
135845 4 4.789485126068516
13822 1 4.029569978461605
62423 5 3.3266833529824296
25640 7 4.761487056480602
269541 5 5.523870476085022
393504 112 4.245418114559095
263429 1 4.679078729795914
262829 2 4.587034143749769
14926 1 3.783139333174346
5980 1 4.021241889978503
15738 7 3.6213053201726035
56533 4 4.141972476149929
203506 1 5.692291094009075
22134 5 4.471323134890304
202368 3 4.354347396941601
204077 3 4.065151497184147
268524 4 5.371677018213226
138124 1 5.755077784945395
137301 1 4.717911658385509
42872 3 4.430629515626583
41026 2 3.832096216813825
56510 9 3.897029902408084
262938 7 4.772510157545865
133936 11 3.515668395483175
22230 2 3.932409528538016
21549 12 3.847415294877802
132252 7 5.075511398306957
265935 2 5.141672484279105
206718 1 5.073479088873178
4600 2 4.988246762824468
269182 4 6.0
46700 3 3.670312550661277
49774 7 4.4378150724993315
51062 12 3.6435092282411783
53307 3 3.8219238853098085
50862 2 4.307586198292803
264875 4 4.415233999772438
6735 9 3.014858944623332
41437 2 4.1907675760533865
49628 24 4.327517876138667
28605 56 5.264823222832177
209988 1 4.705116342423504
58759 1 4.727010093081522
35846 1 4.770352494765466
36884 113 3.9755883639527787
203077 3 3.9306517899589544
6823 22 4.824074227032197
50158 2 4.229417048402314
20808 1 3.682909246263284
50526 6 3.458715384192769
28406 1 4.590487197531533
10361 78 3.8884904992045994
43831 9 3.950894476846952
45691 2 4.014305011241798
197163 3 4.119709727430809
136730 1 6.002739236072569
264413 4 4.621442918043904
13368 150 3.6872418599481254
22753 5 4.603616570721986
52312 7 5.71241963485909
23115 4 3.983034521324789
266103 4 4.774971900932493
205993 2 4.966313067519964
34444 9 3.998795765411651
35825 9 3.8124481803664207
268794 1 4.518865420764356
11253 1 4.155226064459207
327692 8 4.0271087794993035
36701 2 4.24617628846088
265416 2 4.587478305527627
23183 15 4.341021922968777
28104 6 5.742284428289388
5405 2 4.763741241548955
268579 8 4.8329400945157195
266995 6 4.388857101533533
265039 1 5.965320784490952
202762 3 7.008748414134183
57695 43 3.8622003840384016
35258 17 3.0981444777093676
135106 4 5.955807316243792
132434 14 4.2355938728217195
29413 12 3.101647584796396
42612 9 3.33242972911846
267578 2 4.174751780786264
3161 1 4.355480252768245
60271 2 3.891748302166733
21320 2 3.0939764127833262
48303 2 3.3244182092428423
132579 2 3.697810065444022
49106 4 3.7212606741520866
203695 2 3.666069464825216
45282 6 3.9759783506292954
58591 1 3.8617804915342178
267297 4 5.389069249715803
44340 3 3.8588646812793934
205645 4 4.465601508711162
4893 1 3.7573557992740683
2843 4 4.901500472729536
35486 4 5.383937730395959
206925 2 4.461782583041009
61738 4 5.339527452237655
38750 24 4.242703555558519
54825 111 3.532727586863398
10838 51 4.355514222863956
3450 27 4.50207408595084
198344 1 4.0069721284007
31017 10 3.5540650742019744
262498 16 4.294304042833258
263053 43 3.809812926665421
23180 1 4.069567745295371
198868 1 3.8811485280379285
201860 3 4.561705599100558
62008 7 3.8986703216662333
134381 2 3.942817956200205
23172 10 4.081375622593358
39432 11 4.503864589709888
58395 4 4.610922708445166
35280 29 2.7080438931216286
137487 6 4.4592598845865306
31952 3 4.134078142703811
28171 16 3.4956778488400704
53677 1 5.396114058355438
394830 4 4.001572442395239
136373 8 6.081066861028498
22341 12 4.579630424985545
134018 1 4.593982176125033
48861 9 5.083583111527692
203377 29 5.061975035704114
138482 11 4.608169749405592
7065 112 4.320583570186234
197500 2 3.7423275716258706
14308 1 3.972720704319118
135195 1 3.756461369061282
26831 62 4.322363952373625
135464 4 3.966525698187394
204569 1 3.94742090808189
4133 4 4.090727416399338
26993 1 5.3294292139776545
205257 1 4.554319205212062
12175 29 3.928624330666197
29150 10 3.993310387167276
208704 1 3.7314730449274793
328141 2 5.307979464690478
206820 3 5.320334521296012
266785 4 4.874454098762995
262799 15 4.414620705070758
263852 7 5.480189658453205
202258 2 4.288146462722001
201234 1 4.678660941556222
265356 3 4.503175955171794
34410 7 4.912649743968666
263489 4 5.122470666945361
16730 22 4.263543397902201
264578 7 5.3059584837550755
32973 1 4.511833425538468
50843 1 4.733251909701377
47159 8 4.607979189767718
39527 3 3.8755257343176663
197444 3 4.569236715708458
32346 1 4.501287452740655
22263 1 4.001562136289939
60470 4 3.744556083620645
25129 30 3.9528568609015418
51975 9 4.648163252140138
27213 2 5.178375673769762
45457 4 3.8539144232421707
202087 17 3.077597032829724
20255 51 4.4492480337569145
35010 1 3.7028782191247185
266126 1 4.964397852825471
37439 5 4.516286197516346
132938 5 5.465354595754938
20473 766 3.307804223956047
206375 15 4.402021544890904
268811 14 4.181614250235559
327734 1 5.653872339930284
13006 4 4.001113194552593
262719 18 6.076107401803451
14102 15 4.4691272804450515
11457 1 3.7537620771857227
31182 1 6.930402345328454
57013 8 4.557773369391428
263628 4 4.967548515637283
134630 7 4.436930649246526
20314 11 4.133630345335036
393560 2 4.946569237861688
27455 2 4.808625342453924
42082 3 4.268039195007529
45652 25 4.016495833039845
204978 1 3.769915853546806
26672 1 3.6477173236389833
1998 13 4.029104590331437
35093 2 3.7495116450781474
396172 2 4.2046749592316095
208472 4 5.333200223261075
51246 2 5.647269735097664
36134 2 4.201536684032096
62886 17 3.025540041430421
263715 11 5.467940576936912
20008 1 5.2376299941468245
51405 3 3.600792687520293
28342 1 5.622202111429776
198715 1 3.7024419595848173
206012 3 3.7014420887253645
204138 12 3.952241876900813
205365 6 4.143903136899804
267572 1 5.285705632626815
54324 2 4.802658871870695
16770 2 4.69360279132363
209535 3 4.575500669482714
263788 1 3.9247510237987586
199272 2 4.060338509275108
205943 3 4.235585554714201
7939 18 4.0432790146560444
136632 5 6.01134086192834
60216 7 4.254556026249726
52286 55 4.416810066683958
33128 2 5.190053355416436
39323 1 4.779776907736552
29889 16 3.619236313504185
327799 35 3.8495042533098442
134844 8 3.921971385604563
8967 6 3.8578560444541043
13740 14 4.122305914415658
35194 1 4.591134927224611
23378 1 4.148235619820184
139834 3 6.29090446713132
135662 4 3.84625334937553
2904 1 4.226733319590462
263269 5 5.189079413662144
266554 4 4.893485569767438
57768 23 5.3589468231791075
35755 1 3.9371560481908228
265466 8 5.041732175919581
48219 6 4.1499727010306104
328115 1 4.983644397930112
204144 19 5.197187598461964
12166 7 3.9918218629169555
62103 2 3.5761746531331786
10599 24 4.3813301260220285
25872 1 4.283212285798492
6744 1 5.137993777145082
267762 3 6.191180369889717
1604 1 4.309188304853329
52571 6 4.117277525571856
135369 11 3.8552858881666916
41190 8 4.12367945372896
266427 6 5.085537833547964
47300 3 4.533129964274265
138789 5 6.0178539083624125
265957 6 4.500710855223315
17475 2 5.026713961458176
3375 16 6.183722951533052
41741 2 3.692006827362568
21533 2 4.303183474636164
135307 7 4.023044360430371
43099 2 5.456987635353082
28398 9 4.166641912788331
63465 1 3.9301663309039223
197207 193 5.053804117131208
31556 15 3.7472478410266596
44161 1 6.203750448575717
12247 9 3.1916210484150542
197605 1 3.817120075538232
47704 5 3.1205123790940323
6844 1 5.098666445987875
36037 5 3.8133786661684916
197381 8 4.449528461131604
6694 7 3.643275914911714
328087 1 4.472336211872874
45230 25 4.327262269166223
394258 1 4.170098949684263
12372 3 3.6931643750272616
27750 3 4.4050964069069165
199736 6 5.053892947217704
38760 6 4.728522331686287
267167 6 4.00351776679536
263748 3 4.067916662900375
24543 8 4.491444715445633
54611 4 3.7882274799887776
63928 15 3.127173445205594
265169 6 5.056589016161101
63505 1 5.203136837675438
60508 6 5.345983041527954
265070 2 4.937060575392509
59043 3 5.0408100113092695
7792 18 4.178073802555576
28938 3 4.7809768061131175
28595 10 5.033693897910251
47546 5 4.62653333458714
204196 9 4.027753681069568
266215 6 4.2775203625347515
61639 11 5.730445243153448
24990 4 3.073051948051948
264204 6 4.503846339467969
20281 2 4.4634575673050865
29492 12 4.528463684503383
16138 6 4.342709327152345
32575 12 4.409246769815638
46626 4 4.224979474484261
196906 1 3.934412845009761
4989 8 3.755852094372327
2686 157 2.8861178147390327
46623 2 4.42166778759676
267951 6 4.6134759838770485
264532 1 4.286250944822373
58824 1 4.193126588543205
23900 8 4.211619508404632
199568 3 3.51201986910718
30062 5 3.804135447857503
269407 4 5.058424134240918
23090 2 4.377188837459126
51792 2 4.7943759912390895
51927 3 4.122741643419549
268690 4 4.67356268747025
24400 62 5.140441066987969
136377 7 4.379723343095547
37406 9 4.548166040470697
9242 1 4.9850443056896685
13691 2 5.346472619628126
61553 0 4.25
203596 10 3.4947523455628313
6677 10 3.0587622209188092
49444 7 5.827879188612429
24683 2 4.887361796325233
49731 1 3.817705310562453
56612 1 4.011788435180835
52684 4 4.896782067930914
265185 11 4.38839902953053
39228 18 4.7294902873732925
40014 2 3.822604021774743
135227 3 4.0338901848362445
43263 4 5.755467012311423
137530 3 5.174147473753901
50852 1 3.6378988099237484
393713 26 3.3831392540358394
9542 4 4.031306394985153
46044 5 3.8989347136752834
19367 11 3.992291987245165
35530 2 4.750505347194017
11922 6 3.7486509807915898
31145 1 4.922348554864546
61491 4 6.770769003961737
262717 10 5.242939539302729
266080 8 5.459883592334018
24338 2 4.97867131209195
61326 1 3.8940776272709043
20986 3 3.4405777005941216
27414 1 4.766596825831226
34739 3 4.8890790152705375
25106 82 4.529520332994761
200457 5 4.1391616818062325
327904 1 4.1234914829742415
139692 1 3.994241172715467
202853 1 4.379978850514565
23553 8 3.9386383245168126
64099 8 5.731645768928509
37379 5 5.115376730747531
32017 1 3.744564222780715
12191 4 3.8111269138556643
12031 1 3.820703946664539
27814 19 5.221891152231145
51184 9 2.830877571915105
22395 2 3.016679621022344
262208 8 4.595977887871188
61650 12 4.334296172332817
8689 3 4.537805390614379
205877 4 4.559256814488545
265911 22 4.6188632101612015
263215 1 5.768564151897485
55651 7 3.0119283169049877
29695 29 3.64160018579617
43795 1 5.1235361902988625
264684 27 5.293994823959976
397085 2 3.9516430933970654
24554 186 6.896232129481149
136705 5 6.0135083932367035
266354 6 5.7567804869923025
11199 3 4.246685679625879
63734 2 5.472334017825293
25356 4 4.2876153767412415
262374 12 3.9621235114139686
295 4 6.469844999334418
37249 5 4.03093232968744
265753 1 3.77859211122758
42154 1 4.029959890445824
28148 2 4.676241647768111
8887 2 4.521529057695296
205501 4 3.5720849426479924
17223 23 3.58951343450943
27086 137 9.465394104220158
268189 1 5.897495644293674
264856 14 6.754382186276473
264054 8 4.751054682454531
37997 13 4.679365072745962
46627 13 4.079331514836005
61740 2 4.92341232711109
32982 31 3.982544498716061
267570 3 5.396126214848013
31450 5 3.8214329330110752
266932 3 4.360841816031557
56970 5 3.917048821197585
265144 5 4.352907008006476
6292 6 3.8085929717240052
132799 3 5.698129289151104
10494 3 3.9770769689595165
60655 1 6.345205778098039
17771 74 4.795435788714157
267102 6 4.874906443568626
3848 88 4.244585740762785
264434 5 5.2270356106525595
10223 17 5.357826539261244
40866 17 4.291355722208894
265384 6 4.416884869041201
43158 2 5.60017004600338
205977 2 3.989379851342854
203835 2 3.4136654290237582
39345 7 4.686293768691887
51860 1 5.069682830397116
264273 4 5.265920530271705
265158 3 4.25439154689994
7552 4242 3.412943746495872
267973 8 5.307942480707466
61812 9 4.692710159130802
267997 1 5.335420266044241
263864 12 5.507603213595813
9509 6 4.840555580213018
38109 59 4.9585698884354175
137543 4 5.587579032474566
58277 1 4.4219801472777664
137429 1 4.187788739928045
8818 25 3.8104319902077775
53755 173 3.059338491004639
35207 7 3.744015612564426
8948 14 5.765952771589847
44946 13 3.7172478420035873
42404 1 5.744668030382316
46453 14 4.027927145658573
52315 2 5.352868937693005
38803 29 4.009711126537617
34267 11 4.068729793916917
200407 11 4.292281064107186
52369 32 4.091858602636765
12019 59 3.8158936200079316
263112 3 5.36958159840902
201224 3 4.887914624992386
8462 26 2.940795006899705
266172 2 6.250627085412195
28378 31 3.804843457226019
58524 2 6.066593876769267
205199 26 3.8342667430792816
137706 6 6.152358592249868
393252 1 4.474608371012311
17103 3 4.499104902830281
23879 2 4.489056580874461
38248 23 4.862505821953276
52428 19 4.87217886200582
63834 2 3.938413679401553
22877 4 4.447109287405108
197318 2 3.8261617023638763
17488 1170 4.908224186860286
30379 1 3.8143249280012372
19424 2 4.530396130962633
264781 5 5.918909311849935
203185 5 4.076130292120995
201725 2 4.303842929557216
37443 2 5.171188357200797
44143 30 3.8750878568256955
12678 15 3.3763149375522463
208478 2 3.647681908850484
45550 1 4.847492529775443
266227 5 4.829271561887218
264978 5 4.461536236273759
11433 6 4.514103118163771
28120 24 5.001614276165681
26043 4 4.723980030060458
395747 15 3.653928526590553
53838 2 4.113965555135222
48844 4 4.1579600328641915
28397 4 6.61542493122728
200443 22 3.6791877447874413
47608 8 3.445376152066438
267188 7 4.535441586386367
202478 5 3.812703626134048
19853 64 5.424866726737432
18274 8 4.003360232198449
62782 2 2.9924670761440217
262345 3 5.81654720476277
131281 1 4.000656074395571
18101 958 4.008281496616507
35831 6 3.562338400218555
4713 227 3.821621645872515
202936 2 3.795095267735098
41235 2 3.8803001458173876
328255 1 3.596070043577378
59714 2 4.075542027505532
41655 4 3.6979553654365884
10091 67 4.011183252334686
45229 3 5.392914157330997
266571 5 4.595785254296134
31015 1 3.9420861660145388
134420 156 4.04732336938111
268732 5 5.343051810940123
264894 7 5.694436489540081
53466 8 4.563149024654182
61477 1 4.792640943808712
57025 1 4.86527988547477
61965 1 5.35873038891472
531 130 7.497716466470376
47049 1 3.791282084994358
263198 2 5.926927540811984
61052 1 5.099385865457293
53058 19 5.332882377754094
28670 16 4.106122446264625
55024 3 4.638858459497557
13830 22 4.04506330845968
31024 2 4.283623341522299
327721 5 3.9960069024008993
198871 8 5.295080872229026
204771 1 4.2657589842463794
37637 22 4.466398584923194
20234 6 4.585504591344478
22339 1 4.197605397400143
44801 1 4.1415381822244575
203788 6 3.906045834722275
269748 1 4.790093659305482
135266 10 4.642193760168705
207138 2 6.42679889292882
327724 2 3.763848766002551
268534 6 4.996208904900831
27826 1 4.5208799137370566
22557 12 4.020814034350228
131295 1 4.037173761774817
47959 18 4.695308333381642
262937 3 5.237008190347009
52500 2 5.28033249067728
396287 3 3.963544616027836
27385 31 4.3585094603649575
57422 16 3.807757116385948
9644 30 3.9491877478566373
33083 20 4.225280701285785
62957 25 4.134987072590974
137621 5 4.576366304494728
23095 3 3.9858990484494066
33549 20 3.2308005636759782
135189 8 5.083236879490286
17594 2 3.9263343633456906
197896 2 3.9801901699575097
22210 1 3.818671147012691
51733 3 3.822468976221555
1439 1 3.7586086056516157
62539 1 4.270965145965145
27665 62 4.519836504557493
39235 4 4.896344969141463
264586 6 4.174398597889685
26008 16 3.9442760885960126
6521 3 4.076684410253509
46985 7 5.346974715706382
63229 3 4.097466028195375
57501 1 4.10688330316521
266439 10 5.298368461465682
19511 4 3.971694606525635
48049 6 4.0359911797716554
39586 4 3.6724534532951716
200865 6 4.5689869599830875
63873 8 3.7848907184989704
54220 1 5.323591756683088
197129 2 5.925504048427246
397698 3 4.562664928763886
57207 3 3.866906942513412
201481 3 3.8537629533591127
43419 2 4.461082895600563
58509 3 4.850585794522499
42511 4 3.531350199251822
57252 1 3.90152386232025
44484 2 4.2175942328678735
202652 2 4.216975220546648
395312 1 4.001048801286897
24118 2 4.5277828412695085
134750 4 5.657145262641999
13334 1 4.433685000458398
52466 4 4.950249875690098
265219 1 4.604656196578297
393674 5 4.175320501775796
265988 2 4.218458470003777
19556 8 4.531011343249058
269094 5 5.533379643712735
263007 1 4.580139569425283
394065 32 3.5132004555693754
56836 1 4.62932596504025
197071 122 4.0513992300558765
11191 21 3.1718811643166203
265790 5 5.2628930716479605
133281 5 5.996065349633878
262854 32 4.467316372772504
268431 5 5.5340330860362785
25304 1 4.563940544720116
138845 2 4.387394214211774
266029 6 4.882492956979855
204988 2 3.884336996947024
28287 131 4.611192312171236
136350 1 4.955355794929527
133283 8 6.017442149346859
30891 1 3.762190375477909
13363 4 4.436845037125198
36907 35 4.153158165180361
267164 3 5.557534717120833
53593 1 3.8188865999292925
28649 40 3.904826918890253
63877 1 3.65434581853825
37618 2 3.266976360394067
57474 9 8.12969975346844
246 26 6.469045972469633
53230 24 4.422030547614569
30902 10 7.747228105809294
25680 7 3.208273416795441
62136 8 3.8715287765362456
51456 1 4.529138532687847
43176 5 5.05498945661743
135081 10 4.504333024827423
264021 4 4.515406219911103
19977 8 3.8118742681048485
267034 6 3.642875310934391
51110 28 4.302633965826856
205465 1 3.9245588663791424
3343 3 4.079978532243341
203831 1 4.0667120423416465
267219 6 5.001645199443156
52872 23 4.047748680630109
34628 2 3.813840992589272
203439 4 4.481878901453379
266983 1 5.960238946411413
131936 2 4.359142827002253
262979 20 4.99770737684953
132203 664 3.676457894403232
134866 12 5.324812304304744
18153 7 3.801238941001943
3548 33 4.363782215564645
48160 2 3.70216057371021
3855 79 4.063996432009832
132996 16 5.44992267973247
23459 1 5.625721224970391
47071 3 4.2956527698357245
9216 6 4.385850919500976
269099 4 5.86889465196295
268458 6 5.295061740579861
30325 74 4.185512048414243
1494 55 6.903037033010757
28925 2 4.513121725410279
8559 9 4.1477484024969336
55766 19 4.226320255729669
202765 16 3.9286276332682144
57412 1 6.0
52485 5 3.7724336702403463
43847 22 4.434741802041901
36007 15 3.93205198937291
11666 8 3.0238951165920525
10955 5 4.7045828927672755
136003 4 4.767064721502294
267916 5 6.625819890775466
62887 41 3.1751364043151216
18546 4 3.6911352288719814
16874 23 4.694770217904201
62541 2 4.6788932464815725
264516 14 5.589492171758182
34605 21 3.8583111936531873
54938 9 4.083855918112697
19423 4 4.238881753850966
268843 1 5.5595262964700565
4531 5 3.0185963209067324
9651 3 5.934982465898936
41460 7 4.776636915739053
56135 4 4.739012879758071
198319 7 4.190937063768222
29691 13 3.0257873333780454
198357 16 7.084749509406679
22838 11 3.7005215300904744
53523 1 4.044303527971777
58940 43 3.754136170849834
37034 6 4.910822789394218
28631 7 4.1755542300637885
202443 1 3.7824778563584585
268160 20 3.426614626887498
23530 1 4.427742140376549
45894 30 4.170281037199166
51606 8 3.7023986567862255
4664 9 4.813899389835145
30384 1 3.9986020821578885
131404 1 5.398512639522492
264100 28 4.876401892576949
60672 3 4.985757129455163
17754 207 3.8948502238527696
24309 216 4.712450463215288
138098 2 3.631072168596952
136308 5 3.993122069771696
16681 42 3.9362021922078623
60849 6 4.015936955397931
49296 5 4.12199205726054
45306 2 3.7886163576383844
38614 9 4.677409534887859
136169 2 3.9235479105731863
134589 12 3.832350164226018
198493 2 3.8271865044383255
264008 15 5.12738329908418
18759 2 3.9253059110201964
5619 17 3.8493636535430786
138189 4 3.991088395280297
26813 1 4.434112067879514
30071 1 3.7995716962049437
135412 2 3.8873596807143906
60916 1 3.942339144502292
15498 7 4.144726509755754
26355 1 5.336274006090304
63512 5 3.9451767460101945
41219 2 3.87994868648157
36958 36 3.72758491792813
32666 21 5.219593516499462
46805 65 4.0821971613194785
131448 7 5.109186632312421
37634 17 3.872462215593226
14630 26 3.3148936006124123
7430 54 4.588947566141051
58463 5 3.485077886931537
269373 3 5.313903533156039
203420 1 3.819677741790068
58580 23 3.6182949661570842
53330 1 3.8166198260779547
209950 1 3.999821928603442
205470 1 6.525325895001528
200488 5 4.7157002471873675
136482 3 5.587605350064718
327908 7 3.66990288047645
265255 4 4.6676390865851864
133274 1 3.591277461515557
268310 6 5.487952938026533
62263 2 10.00775542315269
7057 11 2.9966541434023575
257 3 4.875369263647489
28283 7 3.581405096589867
44209 4 3.8826124700490694
21748 2 3.5988695845225465
19210 11 4.312606288324643
394937 5 3.8079382178547263
35852 13 4.208158454285333
26396 10 4.462450364820628
136354 8 4.628642257735409
32157 6 4.839240406408153
41178 1 4.592335545751695
138779 2 6.523049233614709
328343 4 4.738975177235644
12206 2 3.9574847401447846
4927 11 3.5558033292997115
264911 11 4.858587579321189
198042 1 3.975128101513629
26849 1 4.027973999162249
28582 10 4.206459974611135
34060 5 4.224562059122961
12122 7 4.249592641175018
45536 24 4.4123741007662405
199214 1 4.736256389819078
206874 2 4.168768735907527
17542 5 4.9207863475323865
263592 3 4.601666570607305
266141 3 5.599483200150499
137650 6 6.022982047692453
395100 5 3.0187430115797196
59644 1 4.885117006862399
200706 3 3.782483521031259
23848 60 5.455157390517596
21263 26 2.8919909368615637
42487 19 3.592309451971094
42421 7 4.471123200414704
15488 1 4.688463821125112
46191 5 4.510565437171757
201323 1 4.004581760831759
54224 3 4.79747459301525
20934 3 4.085778771493057
268613 7 4.251272270799957
210116 5 4.663501521693495
38321 2 5.798174774132307
47655 6 3.801631072652891
2065 1 6.441295447526246
18437 1 4.4770383201910295
49291 20 4.0797379881992715
46746 47 4.024218354537559
30217 8 3.7849704698145916
23842 2 5.306027966742252
9215 4 4.8927286868968585
13428 45 4.386053663060084
56743 1 3.691624358886264
19803 11 3.607165342030669
22439 114 3.5578608767534226
45510 199 4.578291269083588
268547 1 6.048231717540207
137088 4 6.0156571619707915
7202 3 3.9985294143177557
202823 2 4.746828511147067
266474 2 5.684601203508223
22867 2 5.990341269226145
197628 6 5.8462105040761445
266200 5 4.393840161535424
200288 4 3.7559426730303938
33874 52 3.8810755872887897
397121 4 4.495981310662404
61346 1 4.6332601859779805
45010 4 3.832312478593146
36591 1 3.597533719701208
13513 1 3.8692944930143987
133343 2 3.95681083100882
139331 4 4.207400869433799
204264 1 3.2238401787047106
31012 9 4.382830799833845
12143 2 3.755900990409508
59865 16 3.2772546547215144
32587 9 4.337040455024932
203854 4 3.942146038672656
34235 25 3.9868632845419607
51582 2 3.8196199482823308
268589 5 5.156363936463389
53414 8 4.234306008807572
263386 5 5.833333333333333
39676 4 4.604547899762772
51912 1 3.7247267205250396
59238 9 3.8966195251261846
52453 6 4.664231838463999
199984 7 5.397255149824936
13101 22 2.870107298231248
207084 1 3.7127899877899884
1379 7 5.456143954977579
262696 18 3.938048597786679
263055 12 3.924589033215664
136014 5 4.420189189762871
15190 2 3.4662939806043247
28043 1 5.516058828661456
57976 145 3.216526877383448
24921 37 4.929128435904779
27843 167 4.237286607607516
34783 4 3.555175973408396
265792 5 5.7513165689817765
10158 30 3.9188955603077043
202717 4 4.133464149426206
53572 1 3.8021912670434843
43146 86 5.259088820556528
16638 11 4.398147753668136
27686 1 4.9905085556229425
58477 18 4.053648668302866
200544 2 3.815964054696981
200813 5 4.379293970743547
394626 2 4.1858377385353815
269493 5 5.364585950253967
29526 1 4.709051223336938
16599 6 3.7979581982980233
268978 8 4.524318931766677
138309 4 6.766703894840184
266919 5 5.794929692307736
45022 1 4.608234394467113
41942 7 3.572447807008508
44628 10 3.6284938877901824
262623 6 5.08569284225573
13489 48 3.3590204682338216
45437 21 3.912536247618963
25794 5 5.065244405278968
268876 4 4.8289718809897595
21775 23 3.9280508531661686
4762 65 4.031549909711184
42416 19 3.0357654251184294
26464 80 3.758107416106982
269500 6 4.956917096614392
61770 4 5.181960045282021
22900 1 4.112728463836838
12205 2 4.471141127648358
132866 10 4.726262788422414
49100 74 7.118166778185012
264857 8 6.0375481591281
45164 2 5.226984737878735
138080 4 4.964745770031356
20874 4 4.7551983801183315
34290 5 3.755826388060055
394749 25 4.353988856426486
16186 13 3.412745432795057
32931 12 3.6242056740445
44252 111 3.8300169610163417
44385 3 3.80917227846731
19605 27 3.748348393354366
132146 46 4.34312213308615
9698 88 5.227518021371137
266334 1 5.257826816544732
41245 2 4.8087469807270224
50570 2 3.650367718973056
6130 73 3.628215343477586
134392 4 4.8531203321208825
22069 2 4.105386308547901
262220 18 4.359855374789918
266459 6 4.653921617340625
200185 12 2.993945792337791
13405 1 4.199360197365123
40740 4 4.396567715477298
203492 1 3.745258268869206
3335 3 4.447045538996295
17044 8 4.215461460099528
29914 25 3.8060472511897387
198066 34 3.9895877668025435
134736 7 4.41680573781724
135330 27 3.3628609513437664
57869 27 5.149796782658311
52780 13 4.105587398232369
62958 13 4.093693892385976
135666 4 4.02233399357517
33581 1 4.276658740086358
35804 4 4.705843159052842
45649 2 3.876741039826451
34280 2 3.760709205883138
267624 6 5.273262313310103
35725 34 3.644837712015172
198859 3 3.9833237172657285
11047 11 4.175207522103922
60505 2 3.685807821612219
28285 22 4.743813673190802
5760 28 3.003795234976345
202943 1 5.809887664789143
61749 2 5.254971985974061
30715 37 4.366750615391919
56159 5 4.402432360847281
2872 7 4.779417365664039
62461 1 4.885117006862399
48139 1 3.747300089369417
268976 14 4.007053331609494
41028 7 3.5220031614100265
15153 15 3.992978197480243
136889 1 4.680601342534643
60496 25 3.885944809913304
7850 34 3.3173738191954127
49899 1 3.9956072897249366
21808 18 3.470040521441259
56557 1 4.604229265463274
203523 29 3.772494202452706
50917 3 4.321592952530559
265635 1 4.769708151727857
9910 2 5.12190748936879
262789 14 4.9319694291810565
395477 5 4.152514835754271
203538 8 3.1902439797318087
56345 6 4.190161687413287
64307 3 4.041390492434904
20191 29 5.583301096003534
25964 2 4.820306222695386
19784 1 4.009774864624075
36394 16 3.8749397367273124
18059 88 3.9011049907439315
33390 1 3.803156809437598
35081 5 4.985797590861497
48582 132 4.226396219655102
266389 6 5.211199316897702
28122 2 4.093461816591313
28381 8 4.281551656791376
25591 1 5.079047223867764
17971 79 4.780414731877284
264557 6 5.175663614234468
31782 10 4.832414127855019
30405 10 4.297108276257546
46032 5 4.698868569080414
62517 1 4.393550547245129
206650 1 3.816020902104646
43359 4 5.438439031849847
268083 5 4.970942250517427
44689 2 5.0
35140 8 3.8278634214201217
268233 6 4.818987876252926
327819 2 4.982328643098666
40498 15 3.8606447540809317
5639 151 4.442436982028416
205581 12 3.694188129511731
53456 1 3.818671147012691
132956 3 5.155691317540779
52828 2 4.678184436435668
58714 4 4.339207236390935
28966 2 3.90152386232025
196721 1 4.915769602324223
44154 2 4.2010029519806915
199327 7 3.766647789610065
28142 9 4.766046644888808
262944 8 4.597643049114724
209621 2 4.271220014715071
42132 85 4.909031870530722
56696 15 3.792877963963172
395531 2 4.515451102905932
200049 4 4.012986385307814
19709 1 4.539954246981897
26311 21 3.839597258244998
62229 3 6.0097699652524215
131278 1 4.953312746451453
14379 5 4.197805198997754
