56440 3 3.836125371591219
137155 1 4.896747455244993
37686 1 4.7226476692613675
132818 4 4.7625998627861925
37652 15 3.817710345151228
133947 3 4.673649925582178
11741 17 4.359136641120457
5058 2 4.480010059959558
46595 6 3.1825494789162567
267403 1 5.990809774403979
11979 45 3.494955117425646
56440 3 3.836125371591219
137155 1 4.896747455244993
37686 1 4.7226476692613675
132818 4 4.7625998627861925
37652 15 3.817710345151228
133947 3 4.673649925582178
11741 17 4.359136641120457
5058 2 4.480010059959558
46595 6 3.1825494789162567
267403 1 5.990809774403979
11979 45 3.494955117425646
10150 3 3.861697299667765
266531 4 5.562912858715173
197143 11 5.010970759852147
134783 17 6.35664187390902
29066 79 3.9255487677955747
56662 1 3.30117756558228
267031 4 4.008906257565483
36026 8 4.225068525273363
11242 7 4.182267103783007
209536 2 4.068260756648517
265499 3 4.221544209621363
50069 9 4.1836676753466335
9605 1074 3.2973852248066344
52071 1 3.7349594421022996
396497 6 4.368184131087977
132961 4 4.5903903426051835
202050 9 3.8860897610796044
201739 15 4.388840331394678
393898 4 4.5562511226284546
262510 1 5.650706809530339
49222 6 4.222109606051449
267456 4 4.016062183389055
518 15 4.820183542946606
33016 2 4.186655191314746
203124 1 4.657539832909292
136177 3 5.429786948702733
135753 4 3.57941609757086
12586 93 3.548211601883912
52584 13 4.3907564444304885
46780 1 4.340933578567987
51728 8 3.8948875029805743
198909 2 3.823328818882894
7630 13 5.457107356836216
24611 14 3.5956712525624632
21541 22 3.7332761964680463
5693 19 3.524159174168029
131227 8 4.999950328848159
12041 458 3.001084394605264
41030 8 3.88448082168917
133808 7 4.814937910832595
24521 58 3.980949747750818
43272 8 4.698860413888099
34295 126 4.100918210475827
196955 4 5.440504742199668
262812 19 4.452129235932323
50020 3 3.116755266360959
41928 1 4.295241872972967
266167 2 3.6513716324879857
52699 13 4.387372775201548
9569 240 4.782671868725344
61727 8 4.74905621977998
202084 1 4.60367480266495
51652 1 4.394682418421914
40148 3 4.145894749085916
266524 37 5.253456185540934
264311 14 4.530278089349537
202305 2 3.942357090037266
266611 8 4.429641221925426
35413 4 3.8722371539390457
34578 3 3.3716606510238707
4250 5 7.677682997411887
263352 5 5.340982184990114
14463 21 4.8924261742788095
19566 2 3.3321670924551254
43991 3 5.088466031405558
793 2 3.686670915110536
50107 1 3.5374045973110952
137389 1 5.087832058814201
57682 2 4.425599523717274
57044 40 4.307648444684013
265284 1 4.597282771042598
133905 62 3.7635798610161917
5436 2 3.5281641638784498
38529 18 4.912573368525007
3584 15 3.9616014529122507
60786 5 8.43743829542685
210029 2 4.762712636991364
198834 1 7.608369916859328
268859 8 3.705895543485955
134436 2 5.330209811318758
12013 9 3.942598672726464
61329 1 4.039103709968371
23338 86 3.072142991946958
61879 3 5.300710083273245
45873 14 4.734159788049423
44401 4 3.825678474814161
16276 123 2.3981760991509633
265087 4 4.518022779927767
132575 1 5.012652111465741
40161 1 4.859153800040499
20915 5 3.4303181171116854
265885 7 5.615528465918295
19212 15 4.104393493941541
55330 61 4.802658083209003
59169 8 3.586300803140504
208629 1 3.819097552594198
63879 1 3.8823016871584137
199813 3 5.338426159230673
201143 1 4.094285095777633
202129 5 3.5955772502220045
18229 337 3.9584267654211933
37102 11 4.233233650735966
131331 15 4.581693321089133
134632 3 5.927731433976483
209837 1 4.125123491886164
393505 2 4.540683078402999
263903 19 4.261290819300203
57182 1 3.8808701880130445
55943 13 3.330594311586614
29497 101 3.878191359198986
8784 22 4.1514596509038775
135448 7 4.616178983566114
136030 14 3.9387017933946047
136287 1 3.5910117338688767
209012 1 5.2684727780826615
19124 45 3.820512155333507
264167 5 5.494048049669838
263891 14 4.63074081784409
14957 1 4.505087334668617
264385 4 4.1480594526627
7151 7 4.0841376148385375
42336 6 3.24693397010671
47843 5 9.377897057095371
20320 2 3.813550652989206
395482 1 4.400948027524383
134353 4 4.94321579674927
46536 26 4.819458341244099
17705 23 3.7265123558837043
56256 2 4.018653396976785
134302 4 3.58684142313953
133799 2 3.6528512813294265
262689 7 5.2479544955883695
138414 13 4.186415451408446
12857 2 3.953781134206011
26978 4 3.3397674207147228
204124 2 3.7642810892810896
136952 2 4.091373144974048
57919 1 3.8816474058558517
49929 4 4.17659410658063
60134 15 3.2077061245793885
13739 18 3.5432977856619083
136384 128 5.419776664488502
28954 4 3.829508030246475
18978 224 3.4576927916098
198052 7 3.7869002178715867
202319 3 6.673618652998716
37010 1 5.648911450101925
8342 27 3.9086084326779424
25281 4 4.744962362107545
201305 1 5.517815737343387
38442 12 3.868012273985402
28590 18 4.156883821318014
264504 5 5.370334312265866
49050 1 4.748445998445997
136876 1 4.899653541606986
264379 5 4.520450968982606
42119 1 3.8176077884876327
196921 50 4.732915307644365
31972 66 4.154579183122176
37251 4 4.13939050929638
137178 1 8.016161738583742
9983 8 5.192089229494444
62460 3 4.194134461501503
11980 2 4.844175192623468
20896 2 4.2150430648190405
62279 1 3.8560016745500616
52220 7 3.854716645232852
209415 1 3.676539879806348
6482 12 3.878271845340989
395147 1 4.5472319743748315
47358 1 4.657956911028484
33842 3 3.450793529745565
31349 3 4.46647668593008
29669 1 3.8110064438389566
25593 10 3.751090057397983
135194 2 4.300626819483847
37981 1 3.0091118041026697
13213 170 3.3362057412927606
263152 58 4.3098252892532125
57033 17 4.2847613639397775
267816 1 5.981153485874339
4678 5 4.354498008629668
263987 1 5.209783397591279
22711 7 3.9008979904615613
41378 9 4.251779878446593
48177 1 4.078773389697759
262360 27 6.259019302083919
58485 4 4.782458386467603
34046 2 3.968322709814307
265046 1 4.75763722684905
204117 4 4.547146428831748
56571 22 3.7238176640097476
201073 1 3.7453661143965156
25921 36 3.884973864359048
263649 24 3.8110528958578223
50254 2 3.494995359630675
12942 6 3.671252613610339
267290 2 5.192036678372655
47521 22 4.039891115942644
268470 4 4.955510724105565
38071 29 4.006579337860706
136427 1 6.654471880895366
328197 2 4.695113017708321
64303 1 4.965099135375634
268837 1 5.405295769347097
263746 4 5.729093473306211
13727 8 3.807647074159622
51224 3 3.476433839529078
206156 1 4.623655876434003
21740 32 4.578848437019472
36873 192 4.065859047339596
61929 8 4.884914281980415
32091 5 4.16337402632342
265839 6 4.549561730751772
198731 5 5.087356989847917
53347 19 5.225386882787733
395679 1 4.642421562199888
262567 10 3.8820968642072975
264496 14 5.550316717082808
265773 2 5.7185114967399855
58344 1 4.308005222290937
205443 1 3.8064958803131566
61599 5 4.216392800653331
131232 5 3.900374251368288
59928 1 4.098554058375487
39637 13 3.243003074934021
39403 1 4.1422027707742
54183 9 3.8026147314750527
24592 10 3.4882540081538647
26623 2 6.02576574052354
14361 86 3.156546630177725
1484 2 6.4685750177646115
266875 6 5.985314883808154
263898 6 5.585877822352386
7641 9 4.9637487017202755
267763 4 4.750103775079146
25432 4 3.700810267818816
136300 2 3.6483083661530067
17088 34 4.182277724812783
44677 3 3.834498822950123
135589 4 3.888349635773151
53246 24 3.856557627472928
269220 7 4.015778499952863
32326 8 4.224578873647387
26088 4 3.915957656474506
132826 6 4.507425549457128
27377 7 4.178852492924078
59815 9 4.324939634202566
42913 2 4.612657425052383
38510 4 4.193201964413129
204657 4 3.663694886362229
3606 14 4.307693228924352
393355 2 4.16698772583009
208476 3 4.889219497991398
23771 9 4.420219560479649
50201 1 3.640392416739163
55797 4 4.862177449991848
28269 26 4.574233885464865
19463 6 4.221837999040218
11054 120 3.8248370436493064
265052 6 6.891978261893715
41181 2 3.8496459974570576
3107 2 5.325063384703703
57192 1 4.015245942231123
47072 3 4.511674289332974
50668 3 4.719566884669418
139842 1 5.524157189662513
13897 4 3.849526754313253
201152 1 5.425665516141708
3301 411 3.8114490669188115
36539 3 4.3507193326739735
64047 14 4.721605491844723
19216 4 5.423766660952468
60764 11 3.4226973428757637
209589 2 3.8252284490430357
55741 5 4.368525605511154
266251 1 5.9044420959445585
56695 1 4.955489705308552
42529 1 3.8414932990092905
38379 11 6.167253280412966
44398 12 4.127703623500584
134723 1 5.5742494565329475
28362 3 5.662457124265196
9058 1 4.098413990258339
14188 3 5.475424773639058
7046 371 4.303785419468933
38005 13 3.8931332193944646
197776 1 4.4702683130912915
16535 2 3.8005868411313695
266672 1 5.738981113189857
26725 25 3.8208411615325866
61423 5 4.588932329635772
44539 2 4.4695193439942384
4249 211 4.28932299513233
210099 4 4.695030297727628
63 5 4.505926441479193
262922 2 4.01588843219278
133188 6 4.462791277381624
63297 9 3.0278511360871962
5394 14 2.8326451123254293
24167 5 3.316266229155032
262882 1 4.531421243172396
37320 2 4.914126107677822
44527 8 3.4550514407925914
262430 4 5.79990830737643
9123 169 3.4994793916534186
268651 6 4.127465851531708
57421 1 4.9155336726765295
43461 1 3.714332647665981
33271 1 3.818671147012691
268102 1 5.032140511376965
198363 1 4.191313309208854
721 278 4.473844596407156
63278 2 4.384427472727966
198863 1 4.230780489351917
131279 4 4.2353320299951305
208798 1 4.161543755783386
10132 46 4.715376857941495
10088 80 3.894463429721748
54257 15 4.122944068888534
133309 8 4.817073383089261
34216 5 4.091677328289611
267359 6 4.720871246450416
134877 36 3.6596386913693286
7485 9 4.764599556800006
36861 8 4.906798256081302
135620 2 4.969764509197134
267273 7 5.401516289673008
38176 45 3.834523610229118
53700 1 4.046071085569529
265211 10 4.736006332508811
60462 1 4.548033312424069
54107 5 4.154925451648023
266318 7 5.794052661331057
40274 1 4.196713244488285
19170 2 3.588491070883097
133884 3 5.204795507391338
49777 5 3.723245378959664
201683 1 4.800180103603749
15148 3 4.1597387595474355
45594 11 4.679796964912432
39523 1 3.8209823722702874
25923 11 3.8140403782181975
263950 16 5.648882205212533
30539 10 3.5249322764280206
42672 1 4.231531075319895
12232 1 4.870672106851474
40029 17 3.0105610516042467
25495 1 3.989591809837518
15436 16 3.5341772037888584
62125 5 4.184901623949244
135884 3 5.088934157039316
33911 3 3.635947769231591
133196 1 5.476968007362096
204873 5 4.584313625611515
21104 16 5.184912063495306
51475 1 4.761016796377372
268778 7 4.958558872905011
132378 1 3.5849714163702258
264676 6 3.7765794467948037
209456 3 4.2794267634052465
134331 29 4.640736512299343
48287 64 4.088719164145748
265013 3 4.822335056839033
54501 3 4.509091041233898
17469 80 4.901254994507372
205863 2 4.798628446189367
205072 15 3.633015811592804
53998 3 3.764716549444528
46825 1 4.255139835132153
200526 1 5.03218659647231
59831 1 4.066761539764174
196948 2 5.034497654515743
42473 299 3.760525708159481
33849 3 3.8273156783002054
202862 6 3.591546607078381
134627 1 3.9790275514537927
11379 7 4.033912198190874
8347 2 4.571115128257985
45080 2 5.2818278282564
39878 11 3.1444124206987576
35437 4 3.1545666000163535
43206 1 3.778548476879606
44421 7 4.4720051016814315
268956 1 4.595577400462458
268810 7 3.8992788096172175
264094 5 4.265016423504079
209065 1 3.2502976190476187
60564 1 4.45649580038501
265247 15 3.8844113672926683
13483 9 4.768401283631979
265554 10 4.936403232898405
394105 3 3.9213947649990346
8399 26 3.1561985537423247
395278 2 4.404752678945313
16616 1 4.007827019969993
262268 16 4.2965519608974105
53582 3 3.216657623050045
25289 8 3.6081558790405817
55340 11 4.333323434622397
47961 2 3.812738566396202
62490 5 3.1815301174351616
135754 10 3.5993305425663573
264608 2 4.368962875540959
16181 2 3.7818900663404813
52870 7 4.204047503366178
135025 22 3.8976665114632008
132651 1 5.110664977518942
262518 17 4.355158827198135
37555 3 4.236099108565917
37675 35 3.935784678626149
132668 4 4.717674616684889
267828 4 5.116418362216682
60405 11 4.995507579153586
46636 23 3.608355309475608
62361 1 4.834056565955454
9756 72 4.9606075118697985
60536 1 4.516156975610757
135696 1 6.00345898977262
263930 4 5.081975585153863
23096 2 3.8034204807976146
197474 3 3.7142261405224692
199289 7 4.291737325494639
12824 14 3.2869729254609323
210150 7 5.4446535209611095
264929 8 4.710428208546391
25660 24 4.648174970575624
27426 2 4.045596394657967
201998 3 5.281517201953508
14988 118 4.515326141937274
327918 1 4.083214527976431
41757 1 4.760591379946218
39135 4 4.214385621072425
8855 14 4.480068130196947
47577 1 4.647745939809781
46458 3 4.081178015227855
28000 13 4.768139674693236
262239 13 4.105607954799184
22009 5 4.563292762712248
26926 9 3.803594133612632
208524 1 4.326089938887558
8867 29 3.8467856420028435
55222 16 3.096812538473043
197518 27 3.5982685299762047
268960 1 3.928404481852758
53053 49 3.9155053868810077
14777 4 3.5176996193062045
101 6 3.3055192828320075
34678 1 4.825084307227164
262512 7 4.267746026682076
12991 4 3.794805010943635
46621 3 4.040915499844072
57314 3 4.35185460614643
265392 2 5.102552796022623
61041 1 5.100973167044596
196816 8 4.915165610889597
265202 1 4.928000066246166
137492 4 5.307035487606055
201451 1 4.633888830015977
7828 49 3.76981440848566
7615 2 4.071213654070186
24427 35 4.248795770618389
35560 5 3.827469285401534
27538 1 4.063622841301413
38058 9 4.3162299027820135
61638 25 4.887396104590677
206152 3 3.5433759905288817
51188 6 3.9515487730868153
35019 11 4.041523115395314
200462 9 3.4000920592107384
264813 4 4.671901007575285
25003 55 3.816899163922655
16574 35 5.183547534039677
60740 11 3.916580475484108
41247 3 4.265071819209212
131352 1 5.284350570064856
199611 1 4.97881078357269
13381 8 5.532393470070796
132395 3 5.0900411451777146
9199 4 4.042010373969776
12533 6 3.6566552644004977
265027 1 4.288447837248869
24601 1 4.857286415581346
50999 16 3.9925469177686623
61430 14 3.7586274631188252
14655 1 4.04439012332956
198173 1 3.9892315970047063
54208 2 3.810494075346292
48292 22 4.604347971000824
265041 7 4.684688514461822
394327 2 4.726604747250515
135943 4 5.794954988331908
19137 35 4.26812602185296
2591 2 4.019167864611215
136736 2 5.235913097708121
61503 0 3.0238095238095237
52729 2 4.7039950000321875
22550 1 4.039401135829707
5779 3 3.507109508524949
18698 1 3.8589976996791444
41631 7 3.7869800186104716
38211 13 4.40462995283835
32798 15 3.9444960035646295
200072 5 3.8997143829580048
53011 3 5.129610533143652
24632 4 3.8716150867281236
198992 2 3.940123509848464
197328 232 4.932113950788941
201388 2 4.337622276959577
37303 10 4.751068240462745
50368 1 4.464143219853732
37074 12 5.272035420905891
792 29 3.5653175341848216
61951 11 4.3231125706430955
37187 85 2.854579485108821
206952 1 3.9941271129677425
36710 2 4.262330795727248
58730 7 4.291704420698992
11426 177 4.345576828745992
12540 1 3.3302356460083264
58174 1 3.621418844738172
268202 2 4.484064417222861
206683 1 4.774435050940636
22334 8 4.317068800743877
263811 1 5.541547801769476
203256 1 3.821712539421899
34106 3 3.7333101586197506
60237 1 3.681927126431134
27275 1 4.007681818401308
4781 8 4.755397485263261
56664 4 3.769755942823954
16100 1 3.854652102463162
58786 2 4.590896117387684
394923 8 4.2801804048260195
46906 23 4.075862245414747
137322 4 4.933609658689776
395691 1 4.864414258998618
59859 1 3.567681904160228
197431 5 3.9417585360396976
28327 27 4.5116742980817
22121 2 4.143554448691286
203263 2 3.807051533922924
52877 13 3.5235690538253963
199491 2 3.7196343873265456
200609 1 4.634873281767692
263210 35 4.88701851280746
36118 1 3.818671147012691
1468 4 8.470877920465677
24728 1 4.0750350304257035
11489 37 4.292793285405728
395594 6 4.658587312790172
263154 5 4.411766636844213
34268 1 4.4647329872119785
17372 2 3.9400349558427545
55195 18 2.811433797082553
198438 1 3.775408123145244
131325 86 4.3989555008744725
11385 2 3.450826899229473
38681 2 4.333070623843407
53003 10 5.037095853184792
1116 0 3.0
267580 5 4.5031835937946605
34863 18 2.9302913560595165
36338 1 3.8204978036012527
18001 213 3.1263043429079067
57370 20 3.9469189205099844
36532 1 4.805259468683114
59941 1 4.788485456342598
206835 1 4.108243628763254
44662 2 4.653712381137488
57899 1 6.064406509495795
208196 2 3.432527650459851
397582 3 5.138316912972085
16552 112 3.170433890218459
18087 6 4.400128938889598
61345 14 4.321777968992763
46606 249 4.224756337985687
201444 2 3.915971754565914
135171 2 3.5911000826006365
62406 8 4.304617585529189
59874 12 4.619371094380991
24559 2 4.730781654020402
132634 2 3.905040538611248
62282 58 3.581487161052458
135898 1 4.27576276852139
132686 5 4.187180874117257
265590 5 4.971974223290123
134803 6 4.038384909648361
41998 41 3.4979320221144197
10421 4 4.481306708147294
267686 1 5.462984742254036
268683 8 5.373814598085528
202545 5 3.928404067032128
49110 1 8.034967083750951
1563 3 9.496713080708489
207144 44 3.778787452545315
134307 7 6.588626473314752
393664 1 4.1319671519261005
25534 21 6.404892537356855
56701 4 4.064393024523243
196782 2 4.289006639066971
328154 2 3.5938796643943363
59179 13 3.864805582871842
10984 6 4.036892408571896
63251 10 4.449011562338846
3813 1 4.330797112939971
263423 17 4.948423773247873
266265 3 6.029031558131677
134733 1 5.874750798880635
54426 1 4.3681877894084575
47886 31 2.963492141149397
264867 7 5.552654194419403
262503 16 3.9029349317427977
205984 1 4.808890595730125
263694 6 5.232624289664363
132613 1 5.034188871093632
16692 4 3.8139440853808395
327949 1 4.035934259743784
37697 3 3.3279086541242786
23313 5 3.8418843486083643
136692 4 5.266958675716083
269006 2 5.084956390838363
203359 1 5.0032942973829675
269311 7 4.4671605368669205
33681 1 5.453101192731734
134928 11 5.232917473550043
60660 1 4.649380841745373
47198 2 4.758466314367381
24822 4 4.13894917117182
693 5 3.976242035079034
1347 6 6.563885113287347
328528 1 7.044315051702479
36456 1 5.359831880094607
201105 25 3.570859054493445
206638 6 3.692589242379159
135104 1 3.9996363681006013
201902 3 4.256117333542569
35843 5 4.3941116404353995
33202 1 4.7705887003588145
15034 9 4.911559312225814
17753 32 4.378010261992419
138917 2 5.67828501351802
198455 2 4.09883085507317
37385 12 5.110136247789435
8788 7 3.5248249302150874
200306 1 5.405716051965748
53096 38 4.628982611227893
35459 1 5.021483305966064
33693 10 3.5991745589667117
17669 2 4.852596429976225
59720 2 4.767285969181837
6868 1 3.9965618037046613
263492 4 4.749539776682065
49521 1 3.996590469909798
27921 3 5.133234279080779
43698 3 4.062444368294582
264065 5 5.321708934804174
2714 115 5.470086033848473
47256 1 3.9419834488629912
203165 2 3.6040667401630135
52347 28 3.8459779378524193
268405 6 5.226052019089589
265061 6 3.4586362249637506
36813 4 3.0174448001744967
36820 4 3.8863864744897616
20625 3 3.8471626980383995
29570 2 4.463554483451523
20603 1 4.071374900297106
38144 48 3.837893700958019
60014 2 6.747300332129784
200700 5 3.501440780979028
44115 1 4.884993842136699
197805 1 4.826583469440612
59522 1 5.676105894087925
6973 2 3.8114275088166725
138915 22 3.8661900626327848
196979 2 4.900358143626131
132469 11 5.129542493715393
9463 6 4.779094420681245
206389 5 3.8050842673768663
40330 1 5.3607137143097745
17619 1 4.062871883407598
3313 36 4.388881238630728
266721 3 4.926493813724127
31707 2 4.069531526674384
41301 1 4.04374529151795
11724 6 4.487741606669176
57498 3 3.9625993450754424
202503 4 4.9962544932462505
263474 7 4.710112316897579
2650 2 3.9458553743310447
63467 2 4.197049544446917
9155 379 4.315997495857213
21336 2 3.0944417749148263
9738 85 4.835264741394194
43082 4 4.2932829564967205
265501 5 4.7236640978708495
38764 7 3.862747722480288
38629 4 3.847192381235265
9763 4 3.9350825936224716
4040 1 3.9901131560542473
265187 4 3.5240238014089003
136065 3 4.010797240255971
63840 1 5.5742494565329475
204151 7 3.961229311413454
3800 25 4.319217676949437
61880 4 5.1829043087910645
393550 1 4.355241252999873
26052 3 4.487541650018668
33192 1 3.6470379798873105
56699 1 4.124279027850456
262375 48 3.8955746626269723
264675 1 5.461485876033289
57200 1 4.473038228500414
208421 1 4.669473666271696
40230 20 3.817010959620337
60451 10 4.209010966990089
32761 1 3.7524026958263423
58738 23 3.7728739897162518
138095 1 3.617865765187194
13979 35 5.719859485916314
135494 7 5.556268670260002
34164 252 3.8856975868372063
266038 2 4.574858097169674
399 9 6.469930650926355
268756 8 6.058062779862276
17031 1 4.603086707126116
63060 8 4.1780795309913445
262934 12 5.373685059260693
137098 20 5.856407114780432
153 1 8.446876395513504
61475 1 5.15010138921469
42316 9 4.0702409687354
138073 2 4.26183418385026
62379 1 4.374512097705858
31549 302 6.2797641592632525
203231 4 3.8841598867806133
28079 1 5.820007162187991
264161 8 4.329585749512545
22936 1 4.805870781946051
50064 11 3.7903207912768875
133193 27 5.4776644010311735
20328 3 3.400724443416111
13629 4 3.5762785351124258
1631 1 4.152203873788438
21075 5 3.762692255286406
32457 15 4.446398938840764
18467 3 4.5070335368285415
327783 3 3.9829145595577544
24849 2 3.9224794847445437
268670 7 5.32825290566284
48013 2 4.394164171568209
26893 1 4.0
45780 100 4.826445309043412
133082 4 4.584362375862931
8188 4 4.956690995007456
49682 1 6.351554984447246
269113 7 4.8664924575166655
135115 8 5.5588082876363405
57052 11 3.682519877054318
43124 5 4.359497968144952
21701 1 5.570264547943119
199007 1 4.502680196010028
328271 3 3.02128890523588
269633 7 5.320417476954865
18948 3 4.656920088962368
13621 2 4.2369181648491985
45804 131 3.94107520328947
201189 2 4.669551302087866
41218 1 4.552807938579695
57353 22 2.8377547795097486
58290 5 3.6445257015933046
262506 9 5.2652130773534775
64067 2 3.5411171511001602
56467 16 4.394565710756715
11409 8 3.7919428291438657
199434 7 3.508565736614316
24516 31 3.487434754528283
47883 114 4.564314327739642
262338 7 4.764959774191437
12275 4 4.322739509285096
39550 8 3.667008986803446
7743 21 4.202800831768754
31304 7 3.9278442245329512
204652 2 4.613472474704654
12445 5 3.7507787308765295
395209 15 4.3002486493034
20182 3 3.9780910866812382
200123 1 4.579397718683434
263653 9 4.045882978525967
36991 13 3.991086366030641
61658 5 4.4114282318709055
46615 2 4.938488309719837
38389 14 3.823619278510107
267858 5 5.0717796578324945
38902 7 4.698752967711578
35266 7 3.0601862220859304
268563 6 5.166240907926226
264279 14 3.5481284799938893
268594 6 4.151154479663735
62796 1 3.818617209057702
265719 3 5.72601943005949
49642 3 3.759736891201509
18469 4 4.230501622989307
59267 4 4.923418685453788
30067 2 5.026742096723333
133199 156 3.5832079348081742
262486 4 4.597842893014718
327871 1 4.820692906707269
202632 23 4.783580737766547
3131 17 3.9921760268393442
393248 3 3.7958133592370054
46645 1 4.4770147589441525
394427 4 3.6600639641290464
20284 8 4.294676984458377
28587 2 5.621407290814651
61773 4 5.184561552295544
20836 27 3.319803293425759
28577 15 5.055578200257909
4267 5 4.203939250614978
23769 2 4.84732103308909
263251 7 3.9743943278912766
138786 2 3.5843864358745314
62036 1 4.586006911433351
14845 1 4.515189836618409
33778 9 4.735851538357216
8038 45 3.2527608611691776
135932 13 5.4862909992385696
269331 7 3.763622630198642
6289 18 3.651100496068762
201844 3 4.374102917520284
47289 2 4.818910965227543
26262 1 3.818671147012691
263276 18 3.5157100135456187
49130 2 3.8439450913014572
190 5 6.462454775013454
23655 246 3.326241954430254
32521 4 4.655502457875642
8175 1 4.597410354651734
206942 4 5.213443174758158
266649 4 5.584734790206523
3163 8 3.7526984673601835
43749 1 3.9494788451377123
1616 27 3.9192907687385494
7767 8 3.8908395609928164
136500 2 5.338092228897147
56253 4 5.5943516504438024
265867 8 4.014178303006365
264941 6 5.682917064155909
47287 2 3.7670658768227434
48494 4 3.970422653029068
136320 2 4.587401971925782
11240 47 3.392811656603879
136086 4 5.314361715379839
200899 18 4.079808964313803
266877 2 4.94190484001507
23402 2 4.182059657986925
13317 1 4.198481256929532
264228 15 4.238203392180385
138711 2 3.5815762730768266
262213 10 4.6796455319455506
52827 4 5.817764305823892
11986 34 4.104213116147174
4039 1 4.642627705263173
63394 65 4.117253430678304
64259 3 4.725838301477588
53727 16 3.511775821208434
265032 32 4.1816502084413045
196749 9 3.891269142837263
263155 4 4.084091893486094
44894 20 3.7580140141394245
135107 4 5.187725034312171
55260 16 4.435140903114048
9686 7 3.9359685425330433
43262 2 4.089578396729969
13549 10 3.9205265446034625
19422 49 4.096726309290308
35452 2 4.185883037347516
60748 1 4.777969581381096
40798 1 4.918007890895821
6594 11 4.504111348469656
62505 1 4.27967778800291
197217 11 3.747485170854652
263562 11 4.829728361698795
135164 0 8.0
328316 3 3.8070983391167905
12310 42 3.665673830829785
46478 1 4.986517373036255
42159 17 4.037209401186185
201261 1 3.8377261688017024
267546 8 4.717838307232191
51522 14 5.865370166577774
132254 2 6.256298964743709
205096 1 5.9013316414405725
263137 7 4.871964934776839
394474 13 3.8980116515319545
46622 1 3.995838697489132
267831 4 4.995967809029634
133440 2 4.5173555559578595
139284 5 4.442348275868504
37313 2 4.257134485831228
198163 1 4.009913631342203
30016 11 4.255170674414423
52367 30 5.134750885127777
23510 1 5.497051215524122
21107 32 4.908028312772068
397545 7 3.6787095580986033
58256 50 8.160946731342724
13285 64 2.7847137961725927
43265 2 4.615227989489073
55706 12 3.910089712736413
394209 2 4.477598178125466
36808 5 4.228629229232333
135586 2 5.610031226277489
14239 4 3.8183280513358135
42359 1 4.808289780140779
61908 13 4.779022533908447
267488 5 6.133014639426645
24743 2 3.7691591197379175
4515 335 3.9378517209492463
262404 23 5.175278116721315
10545 1 3.7853141567427286
24306 4 4.9579763602499565
36446 4 3.402260915320241
11947 7 4.858262633558503
134656 2 5.257746546460109
39319 2 3.3174415563055457
37541 34 4.516935370102989
56851 28 4.329887254432057
26125 1 5.767416313844885
264461 14 4.520214398865444
197083 1 4.607682819244782
50886 3 3.930871047407751
11427 228 4.343840347630909
50364 1 4.503492624587611
265268 4 4.331292802782936
22883 11 4.414211747111112
45379 7 4.635845736047971
268270 3 4.516526109309687
35516 1 4.0675946408089265
205769 4 2.9888025850321194
2875 2 3.996900183901908
206097 1 4.6940008598528475
267942 5 3.7671619121279436
393864 2 4.9263556542901314
19096 1 4.400674457817315
205062 3 4.8939059389945845
204553 2 4.764354914379545
263338 13 4.025366152859234
199933 2 4.248103942423362
37454 1 3.737743432204164
24209 8 4.440127182369886
3769 10 3.9245010976303094
44095 1 4.884704720735828
267585 8 4.221251273405679
201490 4 4.224000386959329
203663 1 3.8821661143089705
36306 12 3.9937836816462444
9501 15 4.138616614475711
264536 12 5.089953077158182
16760 3 3.612972090085818
268583 5 5.038997614993475
16887 9 3.8181377549684687
59164 44 4.038464020493403
16470 1 4.47203869110273
28186 78 3.45130793690029
31577 7 3.599568351737791
205510 1 4.808616923042659
266985 10 4.622293576710219
52744 8 5.037049519396737
61989 1 4.490141915352
34087 25 3.1528982014805145
24141 7 5.373039320789527
9202 3 3.770034712681772
23678 91 3.2053453377584296
264197 6 5.621525467231733
210061 1 5.604123704439959
136330 2 5.017366237296546
62443 1 3.8187754644063006
53008 25 4.892469770213306
62069 2 4.26843904676566
12155 2 4.185530968209155
266537 12 4.095195706264982
264738 44 4.970719199967087
268312 2 5.443750406396802
209476 4 3.9758911200505826
136372 4 4.793478596064513
263914 8 5.530299798275654
264160 4 4.530115854202191
9326 21 3.9951973339825306
30925 12 3.202450847419344
51511 5 5.110175395241676
42293 1 4.923578616238714
201600 6 4.072500434627992
134418 22 3.9668325461225074
137925 2 4.00976151614732
37466 1 4.819057602776447
137 83 3.3634617014460453
138575 2 6.389378045732535
9158 28 3.3877568253871124
59888 4 4.764990685092462
61761 15 4.633621588130739
264842 4 5.485142665537687
20535 2 3.838970747993305
137312 1 4.698972366308568
197743 1 3.7589609437552065
264296 1 5.3525975028438095
50381 2 3.9742621132492024
203702 4 3.8912882460666895
51371 1 5.084387979318855
34958 3 3.983477759107032
39952 4 4.500604768478722
14085 4 4.664101114708752
397445 1 4.435545661235317
133238 1 3.596584213846119
23693 95 3.657360415822033
2906 263 3.5863392920421986
2595 4 4.186069380870053
4830 12 4.978558778638562
42628 1 4.117141623494313
31141 5 3.383599887027952
24205 4 5.210459670209181
28646 14 3.9771071918286522
17934 3 4.447306706973588
58964 9 4.727106183554218
55219 8 3.509440986802718
397543 1 4.036692818285824
61895 11 5.47657163756801
36529 49 4.126414636578907
198592 2 3.5073004983719276
56399 1 3.9543664742541913
60179 1 5.100362666434095
206506 1 4.675005050623997
262451 1 4.574624725277568
210208 1 3.7949991095371134
57287 7 3.587207300470665
42449 1 3.656896023624593
51583 16 3.6906611944595524
197240 4 4.068453730723974
11138 51 4.666980053212697
42873 9 4.326111934036156
56983 1 3.7996142798190045
1828 56 2.7686055428224408
264389 3 6.035790729637829
11222 3 4.437251194355415
206764 2 3.8243817029531315
16958 3 3.917010489289494
11168 24 3.7920704327987136
47328 7 3.4608740873632553
1932 8 3.695335719250881
4454 26 4.202844624614077
45710 16 4.615992710443727
205961 2 5.1467226737938505
39611 18 4.394564952697354
262638 8 5.153921581443765
199447 1 4.57329968047393
35260 2 4.171972775691619
56569 5 3.7418319663341384
264906 8 4.378845266011589
266213 4 4.706896460405079
15843 1 5.371816277893466
266491 4 5.182706281754655
16169 4 4.764561933231884
9162 2 4.070825598858373
48382 7 4.508896345028604
51018 87 4.928690933137315
8728 16 3.282182060419546
35941 2 4.31583925880724
62299 2 3.9454339479960265
132540 12 3.69213279373647
22767 2 5.544444444444445
30218 2 5.315959665028182
46886 22 3.0301983219768753
44704 3 3.938636019120713
1442 5 3.1442979099361072
6079 55 3.0781930986965502
55482 9 3.657303029457229
49688 5 4.1627150713942624
31126 285 5.134704633166541
52565 12 4.625845405018927
38719 48 4.471048663052655
23927 4 5.940756011303773
205601 1 4.342565238993811
42689 25 3.0682814698748424
8881 570 2.7445189773115306
43056 7 4.751230126150078
29872 1 3.9991119190817375
268046 3 5.654649136305854
12328 3 4.148855511899764
31115 27 3.6633797855340298
13851 5 4.172762754844268
22419 2 3.8958907707755634
204260 8 4.026565853636818
64092 5 5.506510620985035
11425 1 4.374059026824004
58074 10 3.7394018725198372
16590 1 4.511833425538468
268399 6 5.2973126942688324
33618 1 3.807569282569283
36368 3 4.784889801556468
267147 8 4.613696793415337
45025 37 4.506828588147168
32897 1 4.599402395408539
57113 2 4.503653180625957
25199 1 5.00766071157058
262654 2 4.699509388643657
28058 5 5.66092332898596
26192 5 4.502073901166902
199313 1 4.3652526261769955
135781 2 5.847546352457067
264917 8 4.484274448260342
39407 4 4.13426360031959
20387 1 3.802767608519445
42575 5 4.12299352225363
15202 3 3.8113438901924224
59590 4 4.65361735839314
174 3826 2.7854975827281785
58654 2 5.187996604878212
200486 4 5.380803117220208
199780 1 4.752252266069999
39469 1 4.851716219150934
263962 4 5.400843600843601
6142 43 3.72010328551135
9848 85 3.812806924370747
209977 1 4.065838295302581
63436 12 4.069573174268667
36722 16 4.653718946464243
38947 1 4.359267760458237
396882 6 3.404094314030621
268200 4 4.114603993153221
47651 1 4.546919954589289
203684 7 7.977420548631933
28391 152 4.788250860280109
393362 6 4.05527673517656
327984 2 4.486791017950444
133512 2 5.486853123932236
52656 3 4.533359160718967
266138 2 4.718830366839549
203500 10 4.290959903063667
268715 8 5.784102927610698
200000 38 3.528716849827434
137173 1 4.206284029895484
268146 3 4.391431472667458
263627 18 5.074390348322205
11514 5 4.762367532217742
203557 5 3.9971461278765865
262974 5 4.800178813012316
23263 3 4.808736171748485
199819 2 3.928615931075476
266023 7 5.260862376111002
51784 4 3.7703529421172806
57109 1 3.9550400737900744
200458 1 4.41850192773838
43502 2 3.491923920671725
42614 1 3.855348250912767
1848 27 4.969732199631226
62262 25 3.8059523177695174
16866 8 3.0369363920751
39658 3 3.8256092861078086
205582 2 3.9247488079128705
378 29 4.166821127835698
57224 5 3.774457459751577
31011 1 4.726794937767199
38399 6 3.824380734017198
8757 15 3.4330344180624066
17385 35 4.474464786503129
396939 1 3.8938264116835546
138297 2 6.012482558796188
32064 3 4.2493493857886495
45110 41 4.802510293578472
56400 7 3.5265418942515545
262837 7 5.559312573031785
63655 10 5.509523809523809
54658 5 4.347567278342354
36642 2 4.596677753919133
40847 1 4.741314953823164
131655 5 5.157664485611107
133741 2 4.909090909090909
131784 2 4.445120380362063
136479 7 6.184050339250485
41802 3 3.338688272804024
36501 2 5.353882141538351
55687 4 4.6376375528453995
18610 1 4.19657649502477
29527 12 3.456138110780546
60753 1 3.6046253646007336
198139 1 4.036236619611005
61753 10 5.547316808685207
24065 1 5.265711398617803
15740 2 4.700712598894526
328436 14 4.203878718021421
14360 4 3.749982133688615
52911 8 5.071502921138993
264152 8 5.1621442952051115
266401 1 3.8353739425167985
50247 6 3.968346681915185
199600 2 4.093820007707941
137383 2 3.981485013530736
17116 9 3.9533074961601473
263081 6 4.588483906291973
50212 8 3.98993003394463
264289 5 5.181829066207627
268661 7 5.503351704366132
59527 1 4.99036357218297
5414 1 5.631062461303678
57141 2 2.970929820175721
199745 1 4.887055272769558
132335 64 5.389066850241227
16115 13 4.567422767518752
39267 2 4.135534324298211
39184 179 3.503969318894351
48090 1 5.537770970248561
262310 15 4.520420227612933
39967 2 4.3557387336097335
23242 5 4.192628139555363
53764 45 4.462197376650349
264192 1 3.8983231626088766
266056 5 4.9964108978102
27622 1 4.541303915934458
32577 8 4.113369778927146
31953 6 3.7569824325436283
7600 56 5.059962296920221
41210 1 3.698920938576111
48598 2 3.9013324213192635
265218 1 4.357445037487055
19844 41 3.077585217611449
48172 1 3.7858953741630255
204421 1 4.377360369167091
133923 5 4.986868275545249
11190 2 4.850557504065743
266014 6 5.26247548365898
262690 7 4.829228847640708
57767 1 4.56959005824552
16347 70 3.0793113544715878
267071 5 5.253197130490908
266325 5 3.80654089498588
17492 5 3.972465449961546
138029 6 4.506315023990821
205071 3 3.7145148635401917
16364 5 3.726686026453592
11562 109 4.132151870414199
204791 2 5.939067848505253
267486 4 4.568351453307012
31825 1 4.6626944356501
266391 2 5.065588047460859
62729 34 4.131016860153023
269415 6 6.545541466075742
15130 55 4.220010706915774
25525 24 4.455621449166587
208071 1 4.651082177195848
21628 1 3.8080846402274977
266269 6 4.053189301954909
262793 11 5.067294139308229
6379 27 3.5253013360139938
36957 2 4.838350558320378
30082 32 4.425529925273146
32181 67 3.3907110499013404
10249 6 4.55584467878483
60164 4 3.8376569224642316
265141 16 4.648542435256541
44617 1 4.432827841802893
52695 3 5.194559917338448
264195 3 5.72322544331905
14109 3 3.8797103621104725
58267 1 9.022872839180641
24936 13 3.967452796988805
51977 1 4.853174843329112
20649 60 4.822990839096128
34789 1 4.327032371963247
56329 24 3.12493230807352
51795 10 3.259028089391713
203274 1 6.480305731487996
9459 53 3.909709024879747
28311 46 3.5515549022475232
264823 2 5.176302465723585
48524 31 3.5036725516369636
59469 7 3.7976628002636397
61007 12 5.247561897340022
63153 1 4.569948212706835
262948 6 5.194679583874053
38381 6 5.224344247232171
262875 4 5.212820758006383
22613 1 3.821230404333854
7912 2 4.198481256929532
45558 3 3.5370545969545177
21746 2 4.044757042711005
267597 6 5.799885291532856
48885 11 3.3373364543305164
198982 1 4.819852081871786
9318 709 3.121280939987943
204857 1 7.637675814161453
396215 1 4.199627805772199
40931 4 3.817282137122106
34221 2 4.573058314582835
266815 15 6.092278526432439
394156 5 4.58478306419334
12657 5 4.092869640370211
202984 39 4.067360389890039
28635 50 5.441182451513273
30162 13 4.152660799935814
606 4 6.8048654511472
267038 8 4.941282200056866
1286 14 4.748023883656312
206312 2 4.158717002330917
268970 2 4.583932967319963
44286 3 3.8169704532443722
264577 6 4.533403128800096
27242 1 5.333397467945908
30404 71 4.154718592152883
51686 1 4.846241100076248
62488 4 4.0248261438491735
56298 3 4.731771772911442
64044 2 3.8326352902108582
15832 2 3.683290104513241
328497 2 5.056889407375501
206866 31 3.795614850829112
309 5 7.885197706599184
268276 6 4.894215688927026
267204 2 4.474825664103936
202956 2 4.720241659982911
12884 1 3.7502134388751798
62353 12 4.245878310516908
26030 1 5.320815409731666
10035 9 3.87188226294913
13364 7 3.657121183063062
264367 22 3.823342732288359
33779 29 4.627048104343851
31045 1 3.8118508475651334
22912 3 3.813618156774904
37191 9 4.653927130354221
25412 2 4.856590038314176
39142 3 3.0328040910538756
42888 1 3.9711045549961814
51225 6 4.844661969274507
61206 3 3.612857857938777
206867 6 4.629739335534209
206208 6 4.4302981182003665
54488 2 3.837532913087385
135748 2 3.592259504164266
28243 2 4.1921537856788875
37063 66 4.842611930291376
24558 8 4.914945674152092
196670 3 3.574184062854653
26751 4 4.1458640432094755
61203 4 3.819363501505114
4158 18 4.778779175352483
51455 1 4.0572409075089455
25804 2 3.92645360553796
9381 333 2.844924553899858
198537 40 3.720217148483317
49799 1 4.120204134489849
27066 166 5.804229207519528
59362 60 4.5206810928983785
12400 149 4.217519944360781
59777 1 4.952377610834098
29117 2 3.699070868757275
394797 1 4.642579906865622
134691 1 5.256081866872958
57740 4 3.574733353387107
33550 1 4.221785017573195
328264 1 5.829591696389725
205922 2 3.7227933214386417
10357 1 4.3806780521066235
3402 3 3.6481701927331627
42570 2 3.0482968090437685
198090 7 4.198598388039382
393839 5 4.42700821779114
262616 4 4.182743549857186
263058 15 4.794430605750032
132801 1 4.966537293544944
264290 14 4.424678175380986
51742 10 4.133806778404804
5418 2 3.4047661732283236
328171 4 3.7431753134191905
25407 1 3.899964176461872
14725 7 4.004465602816303
269165 4 5.011732332419884
269422 8 4.679451539358465
198147 4 5.182594353280804
205832 1 5.789878462859453
201637 3 3.9792346220373775
9080 9 4.047623430521493
54032 11 5.071410898107969
58128 2 5.102005384616278
32837 2 4.269058971861637
12765 10 6.03827185155386
197361 1 4.68589180134879
196807 2 4.08159219649825
64108 3 4.743677769958559
137100 5 5.421098921482096
199860 19 3.5340583766920486
7415 10 3.9875345202978743
14568 6 4.073298692286192
269847 4 5.774737257929992
54036 16 4.546637315443432
197058 5 4.695125356300186
29966 1 4.055555555555555
64072 11 5.600321969670336
18111 33 4.809579317756242
16471 18 3.9551524940411893
57208 13 5.737088966643591
201308 10 3.8732445573009096
31364 50 4.630740864215575
396220 1 4.402111578186847
38708 1 3.951444962323451
14389 1 3.979165077600313
268294 1 5.255604219109966
268528 4 4.576334238888419
45753 494 4.34815751831898
132123 4 5.98889951476279
23534 5 6.515783618862437
267143 3 5.5343154527645355
57480 1 3.6858459350695383
269199 7 4.6538728827492655
43295 2 4.868357992246829
10152 5 4.9784917872499586
262766 18 4.574744120298265
42705 31 4.4488422291333185
199053 4 3.991285127992773
50392 13 3.7516997599280675
46450 15 3.2951586996688027
198899 1 4.536115238636247
205805 1 3.983141585330525
38238 1 5.075740389270767
60266 7 4.006920169029665
135257 11 4.933316972949145
24973 3 3.622285719234681
2278 5 4.989371651168368
10497 13 4.24646958871465
18038 13 3.9318503994396217
34190 4 3.94572381999722
26685 8 4.334203319419336
6629 92 6.499794470563628
53909 4 4.682177861429246
264792 1 4.559344629933711
14138 3 5.113716171015022
8410 4 3.7343727018326995
268508 4 3.5792358526088166
57873 2 3.7458827891094355
23746 2 3.8491547907331976
266060 8 4.299826907013781
32878 2 4.200501458949735
48411 1 3.902315939981189
133014 18 4.091955323234954
13443 59 4.340698911222161
1798 26 3.5312018502987956
266311 5 5.211018323511273
42506 6 4.16344844033772
34352 12 3.670071622598024
34974 16 4.101515550941387
37308 31 4.619919426398821
209148 2 3.875368641624003
36615 1 3.798440256149617
203484 1 4.637407548928286
23087 1 4.198481256929532
204056 4 4.5779197479808476
201786 7 3.8567598780081895
396958 1 4.458808828160223
17817 22 4.156065092252695
203841 1 4.083263962526635
59866 1 4.338726646384548
17401 62 5.537276618613895
40727 12 4.208964745054652
797 60 4.202451532574485
37974 4 6.4838078344461625
54790 4 4.090504135832543
9357 4 3.853364839148965
9104 19 4.1815128606401455
28023 15 5.464986993861165
198047 40 3.9264453931045615
43557 20 4.062960547065213
58400 4 3.64701431121362
138304 1 6.0181716334507795
138163 3 5.148299295394535
138541 4 5.55910198974586
32396 1 3.7992156315298757
197007 1 4.293684533619315
209049 2 5.6931391999633085
672 1 7.490132977084946
15415 9 3.8716788298564455
199644 2 3.7083694210097455
53416 2 4.202880622918504
268529 7 4.321509628777774
395663 7 4.551216111206661
35091 40 3.7446202450409083
25952 3 4.181588882531344
35613 2 3.3316492936711817
263102 7 5.022031016569602
28749 4 3.6805690057636196
19551 1067 3.2973721332848243
265866 4 5.0395008227733795
135865 2 6.013326307148242
206671 3 4.8503891634929
29756 1 4.770043280170538
46512 9 4.676936721244526
36914 101 4.102562299644629
52320 32 2.9126749884550414
264602 14 4.835673034414269
198270 3 3.8972559094609394
7479 36 4.070018009388494
4201 3 4.541542570204175
62290 1 3.9407227173385344
266765 4 6.087037145741733
264330 2 5.277160300582159
56193 1 4.921350098542217
268424 7 3.7436615508300726
200595 1 4.851842649231813
266453 10 4.3036969508688045
266483 7 5.019887267207429
39176 2 4.567592569833655
1226 29 4.176088184196764
394987 2 4.4036736567232255
32260 1 4.566647199865657
265556 2 4.788381375056252
20145 3 4.512165891931889
264793 4 5.515303334155962
6327 3464 3.118181080740301
267152 6 4.583457275145337
267184 3 5.156424731784681
24989 32 2.9812816152147303
48191 2 4.698466542644144
134409 2 4.189172790252275
267199 2 4.877375922400696
207047 4 4.8827543182036415
268995 7 4.748076344687523
19024 20 3.7279256631686315
34700 9 3.528607974114512
22241 78 3.736238187663014
132676 3 4.213466031010799
22706 11 5.4263423094655865
9077 1 3.7014052085480658
133001 70 6.734954068869208
36904 1 4.519485839545052
50505 1 4.6520818034364835
393281 1 4.4346608764342745
41162 1 5.33709600627323
268108 1 5.087623922024578
269367 4 4.945782986314619
198164 1 4.33211280100681
52403 1 5.0439662644685885
54687 1 3.9290893689415847
21826 549 4.372354209334096
38584 27 5.001992421280648
49524 3 3.408882885446776
264028 7 4.684526003278663
199364 11 3.1856743372401986
19171 16 3.1813496332429616
40204 4 4.230445256514602
264107 3 5.513132046382825
24376 3 5.180460087337768
63517 1 3.8615294577175057
197645 2 4.617708383712182
57990 1 3.7260538403395547
138087 7 4.002273771910592
138965 4 4.7225004355567695
138097 1 5.755291036390173
50425 1 4.450555813723339
395130 4 4.491346419286971
19837 3 5.776937906708021
61832 8 3.1464629714821073
266379 7 5.985908404547463
132199 364 4.136718040892654
8435 29 3.881733371527255
29129 16 3.7012435469360194
10122 88 3.619964726404804
53123 21 4.514055443769593
49984 4 3.08273988767997
16904 43 3.0521384571366834
199475 2 4.003175410637823
199928 2 5.065723486875631
43342 17 4.97297633340068
62380 5 3.582654936239853
22128 62 4.639851007026742
61846 5 5.7864434659374115
17319 7 5.803897966716869
57562 9 4.213499769235462
55076 1 4.038019879116457
133361 2 3.9969293929557987
14340 44 3.0624649359278995
51962 1 4.906926591888998
205828 1 4.241148401862687
4886 3 3.8244880662993164
202055 5 4.68315744765895
58469 2 5.962852605053519
18173 3 4.677878277680248
21069 7 3.7548585221373028
266869 1 5.853689035831893
24602 2 3.7666999666999663
13732 1 5.767416313844885
56523 3 3.937660970739725
15773 5 3.474794695418303
3562 8 3.9452764938409204
197780 1 3.7606002618607657
57924 1 4.552916473910388
197988 4 3.7047926257340826
137584 16 4.9431853950674345
52762 3 6.100824193079397
133624 4 5.123122591962499
28592 3 6.006941556188746
52801 11 5.303774421300142
60663 7 5.749632209786271
29866 94 3.5779168591676154
132257 9 4.123949625967517
12360 12 2.8293296793811016
268848 4 4.617679006177276
268480 7 4.3097814925787565
201259 1 6.929226356566258
15720 19 4.023305836571719
23721 1 4.9783496531016125
138354 2 5.340430603537131
264545 4 4.599479830708596
19447 65 5.462660703409644
394338 2 3.8556063876244373
268197 12 4.301897634919724
327804 9 3.7100841649402114
18569 6 4.199038529869977
31214 12 3.2753368336761084
18206 37 3.72702345008989
51291 1 4.2829575199255325
202460 4 4.355490598784355
17012 26 3.548724337116986
268522 1 5.6375502485108395
27500 2 4.2166995113599075
263665 13 4.548898944560182
45057 48 6.32116101228626
135320 1 5.004616912537684
22821 1 4.224452471917909
149 6 9.004397167900532
28160 6 5.136970508336248
268392 5 5.56711640612639
59676 1 5.167726821368278
24287 2 4.3217094446360065
58615 2 4.391694920416709
3348 33 3.9773847012222436
44522 2 4.768523349687169
133807 2 3.7359406347743964
22634 4 3.5206815638450437
53113 17 4.852886092700854
37564 35 2.8799518645231705
267176 5 5.561814031000712
138860 3 4.497045821246466
25832 1 4.351860309003165
48646 2 6.364056776556777
29297 5 4.435593692750822
266881 6 6.131706698034091
22660 1 4.753668807929892
266438 2 4.654846168977708
12956 85 3.0629586976667276
21982 4 3.892844637812066
137586 3 5.87084761343382
28264 46 4.9318669138782605
61397 2 4.450031501183576
396853 4 4.194928597555793
25932 14 3.8152662230936354
37620 33 4.708397464428208
208495 1 3.991498334724936
19945 2 3.8689007156328463
263120 8 4.997050965693211
7086 9 4.201366301645446
197353 2 4.3765937719184205
29128 5 5.763733619673434
55847 21 6.287074595205765
138398 10 4.9688701866838105
24685 19 4.5004053840177125
52605 12 4.627625979117759
38390 100 3.8357059140750045
327898 4 5.139114690353687
268095 1 4.889526592728564
8103 1003 3.7832122349687944
203652 3 4.64189268662425
264432 14 4.919826153563856
56995 7 4.790102946636983
208533 3 4.7801426274734915
63440 12 3.596128040399106
31790 3 4.679804479803513
204832 4 4.649166545128724
52103 5 5.274802134133886
22764 14 4.201378533352064
44475 1 3.8012520475328353
35323 10 3.947077809620796
53163 4 4.181381538489514
208454 3 4.076374784570994
395819 2 4.803673402479108
43667 6 4.569653447363534
138261 1 6.921105898298016
45808 2 3.821060831797803
48743 13 6.722967240217915
47854 1 4.28968459891079
197392 4 3.983330947525927
14046 1 3.034007309647935
16147 1 3.3611111111111116
131418 10 5.22975577424654
49445 2 4.84880729704263
42910 203 4.122327106180336
33264 3 4.059809630335229
7106 13 3.6077747566563194
64463 11 3.855614641509546
268277 1 5.0411795709004235
2025 5 4.4529273871628945
22844 6 4.4564808735219
53245 29 3.9064066538877387
52660 7 4.923848634194741
24693 3 4.136143345777731
9365 15 3.507152372675222
136345 1 8.013238416694904
15490 3 4.213325945049304
395291 4 4.491680222660396
44814 28 3.17773227852255
23550 27 3.543818181554917
201574 1 4.545858538860981
52697 26 3.3192701946435994
34456 36 3.6533083609257724
46328 8 4.048978933161944
137011 1 5.744266427227588
58073 37 2.923571618711418
58789 1 5.051138885365075
38148 3 3.91355712239578
28049 7 5.075876010877165
269536 4 6.224066389515868
64302 1 6.185897435897435
35213 12 3.0096914744531773
41707 11 4.257517137490974
199057 1 3.598873199494317
61289 1 3.9310681199843756
264318 7 4.534158084257292
37521 10 4.15824868121049
39230 2 3.9378000790583836
267435 1 5.314793897417447
34356 4 4.7551983801183315
46069 2 4.009131527940477
266513 6 4.519001062963038
62281 3 5.893949511850421
58445 4 4.750635707479614
19726 6 4.383326119607245
50752 3 4.60841533078263
198513 1 4.043571268177179
26185 1 4.51336952384876
777 13 4.554600466302287
53239 4 4.041264636188845
52845 4 5.300372947869117
136748 4 3.983055828668428
33480 63 3.7241813557482653
205050 1 4.117347700648192
262734 18 3.8962151951749995
13427 7 3.0919246444599264
15463 14 4.460988805101676
19991 6 3.954118800282302
