0 40927 756539 1090 23503 42017 780042 
1 37607 763193 822 23234 38429 786427 
2 40091 827144 1656 25505 41747 852649 
3 41219 851385 1446 27584 42665 878969 
4 37056 753343 4163 27715 41219 781058 
5 33839 746293 1568 29733 35407 776026 
6 36188 729853 1186 31527 37374 761380 
7 38535 771668 2337 35466 40872 807134 
8 51432 802607 2439 38059 53871 840666 
9 54618 824130 2915 40298 57533 864428 
10 54844 837349 2902 42640 57746 879989 
11 57007 867836 3683 92154 60690 959990 
12 68826 820803 3537 47052 72363 867855 
13 58248 797947 3600 52131 61848 850078 
14 49998 993845 5611 61776 55609 1055621 
15 60794 1223927 5707 68401 66501 1292328 
16 50217 953506 5969 68860 56186 1022366 
17 49625 1094695 8542 83207 58167 1177902 
18 72324 960219 7688 90248 80012 1050467 
19 73616 993732 6933 90194 80549 1083926 
20 54103 956000 8332 196521 62435 1152521 
21 52815 991692 6595 198542 59410 1190234 
22 60850 1112371 10207 206027 71057 1318398 
23 82050 1574439 10237 216955 92287 1791394 
8 51432 802607 2439 38059 53871 840666 
